NA NA LR999924.1 1
30620 2.247 LR999924.1 377125
30623 2.247 LR999924.1 406335
30655 1.124 LR999924.1 860158
30667 2.247 LR999924.1 943192
30670 1.124 LR999924.1 1025807
30707 0 LR999924.1 1355885
30714 1.124 LR999924.1 1368699
30737 3.371 LR999924.1 1413489
30758 3.371 LR999924.1 1535701
30764 4.495 LR999924.1 1759480
30778 4.495 LR999924.1 1957469
30782 4.495 LR999924.1 2038850
30825 4.495 LR999924.1 2449320
30829 4.495 LR999924.1 2544255
30834 4.495 LR999924.1 2568399
30836 4.495 LR999924.1 2643022
30841 4.495 LR999924.1 2683873
30852 10.384 LR999924.1 3066341
30857 12.657 LR999924.1 3149285
30869 12.657 LR999924.1 3376611
30886 13.78 LR999924.1 3516889
30903 12.657 LR999924.1 3695543
30939 12.657 LR999924.1 4133314
30969 12.657 LR999924.1 4384763
30980 12.657 LR999924.1 4678283
30991 12.657 LR999924.1 4702483
31006 12.657 LR999924.1 4710946
31009 20.935 LR999924.1 5288565
31014 20.935 LR999924.1 5290447
31024 23.209 LR999924.1 5710951
31039 23.209 LR999924.1 5869286
31047 23.209 LR999924.1 6151034
31058 23.209 LR999924.1 6257108
31064 23.209 LR999924.1 6378354
31082 23.209 LR999924.1 6765789
31104 23.209 LR999924.1 6777292
31127 25.482 LR999924.1 6958456
31136 25.482 LR999924.1 7077811
31143 25.482 LR999924.1 7128928
31160 25.482 LR999924.1 7438933
31169 25.482 LR999924.1 7471337
31172 25.482 LR999924.1 7539520
31183 26.605 LR999924.1 7792601
31188 26.605 LR999924.1 7885203
31208 27.729 LR999924.1 8462188
31253 28.853 LR999924.1 8521728
31258 28.853 LR999924.1 8522287
31269 28.853 LR999924.1 8825030
31275 29.976 LR999924.1 8877484
31280 29.976 LR999924.1 8931014
31284 29.976 LR999924.1 9016444
31292 29.976 LR999924.1 9080263
31296 29.976 LR999924.1 9212157
31300 31.1 LR999924.1 9405925
31306 29.976 LR999924.1 9537289
31312 32.224 LR999924.1 9730780
31322 32.224 LR999924.1 9955418
31339 32.224 LR999924.1 10204502
31350 33.347 LR999924.1 10349746
31354 33.347 LR999924.1 10690222
31364 33.347 LR999924.1 10948231
31395 34.471 LR999924.1 11458023
31435 35.594 LR999924.1 12107611
31442 35.594 LR999924.1 12174530
31458 36.718 LR999924.1 12536587
31463 36.718 LR999924.1 12542911
31478 36.718 LR999924.1 12558173
31488 36.718 LR999924.1 12764339
31497 36.718 LR999924.1 12927638
31503 37.842 LR999924.1 12998573
31508 37.842 LR999924.1 13121102
31514 37.842 LR999924.1 13124031
31518 37.842 LR999924.1 13151566
31521 37.842 LR999924.1 13157796
31526 37.842 LR999924.1 13302247
31558 38.965 LR999924.1 13849108
31572 40.089 LR999924.1 14250829
31610 44.662 LR999924.1 15951777
31618 43.539 LR999924.1 16014197
31623 44.662 LR999924.1 16051188
31627 44.662 LR999924.1 16210768
31636 44.662 LR999924.1 16341255
31639 45.786 LR999924.1 16496963
31653 45.786 LR999924.1 16942312
NA NA LR999924.1 17040296
NA NA LR999925.1 1
2 0 LR999925.1 528242
14 3.45 LR999925.1 642951
16 3.45 LR999925.1 895336
51 5.723 LR999925.1 1347737
83 9.172 LR999925.1 2147235
91 9.172 LR999925.1 2154642
97 10.296 LR999925.1 2251350
105 10.296 LR999925.1 2257891
113 10.296 LR999925.1 2339583
146 14.951 LR999925.1 2759549
170 14.951 LR999925.1 2818129
180 14.951 LR999925.1 2834229
208 14.951 LR999925.1 3118526
244 17.224 LR999925.1 3194013
271 17.224 LR999925.1 3569231
312 20.673 LR999925.1 4193449
354 21.797 LR999925.1 4462433
367 24.07 LR999925.1 4567004
396 25.194 LR999925.1 4712335
399 25.194 LR999925.1 4712674
432 26.317 LR999925.1 5091903
447 26.317 LR999925.1 5092232
455 28.59 LR999925.1 5274659
471 28.59 LR999925.1 5554423
494 28.59 LR999925.1 5631789
502 28.59 LR999925.1 5639709
507 28.59 LR999925.1 5845669
569 30.864 LR999925.1 6330383
573 31.987 LR999925.1 6414107
581 30.864 LR999925.1 6679637
608 30.864 LR999925.1 6912969
631 31.987 LR999925.1 7448948
682 33.111 LR999925.1 7789731
694 33.111 LR999925.1 7860151
702 34.235 LR999925.1 7880966
715 34.235 LR999925.1 8301811
719 34.235 LR999925.1 8328942
763 34.235 LR999925.1 8590746
777 34.235 LR999925.1 8651064
791 34.235 LR999925.1 8912689
800 35.358 LR999925.1 9016910
826 35.358 LR999925.1 9085483
834 35.358 LR999925.1 9093532
844 35.358 LR999925.1 9143521
876 36.482 LR999925.1 9775168
911 41.136 LR999925.1 10527241
922 41.136 LR999925.1 10549055
958 41.136 LR999925.1 10879049
979 41.136 LR999925.1 11156113
1006 41.136 LR999925.1 11738335
1022 43.409 LR999925.1 12104853
1073 45.683 LR999925.1 12549769
1082 47.956 LR999925.1 12780356
1086 47.956 LR999925.1 12872182
1107 47.956 LR999925.1 12951177
1125 47.956 LR999925.1 13050770
1157 49.079 LR999925.1 13274715
1176 50.203 LR999925.1 13424974
1203 50.203 LR999925.1 13713500
1230 50.203 LR999925.1 14229132
1237 53.6 LR999925.1 14633994
1246 51.327 LR999925.1 14670857
1272 51.327 LR999925.1 14964968
1300 51.327 LR999925.1 15187749
1311 51.327 LR999925.1 15188320
1316 51.327 LR999925.1 15319814
1353 51.327 LR999925.1 15927379
1380 51.327 LR999925.1 16164213
NA NA LR999925.1 16607008
NA NA LR999926.1 1
1455 0 LR999926.1 376562
1466 0 LR999926.1 478455
1478 1.123 LR999926.1 579726
1490 3.397 LR999926.1 1002177
1538 6.846 LR999926.1 1759152
1546 7.97 LR999926.1 1816309
1586 13.859 LR999926.1 2429272
1635 18.514 LR999926.1 3214619
1642 18.514 LR999926.1 3275928
1650 18.514 LR999926.1 3328687
1669 18.514 LR999926.1 3408113
1699 19.637 LR999926.1 3827713
1706 19.637 LR999926.1 3933827
1736 19.637 LR999926.1 4277599
1741 19.637 LR999926.1 4379652
1752 19.637 LR999926.1 4397042
1764 19.637 LR999926.1 4474591
1768 19.637 LR999926.1 4474933
1799 19.637 LR999926.1 4689790
1830 19.637 LR999926.1 4747207
1898 23.087 LR999926.1 5722184
1918 23.087 LR999926.1 5767318
1936 23.087 LR999926.1 5856269
1964 23.087 LR999926.1 6164170
1982 24.21 LR999926.1 6420474
2004 27.66 LR999926.1 6695896
2013 27.66 LR999926.1 7185024
2022 27.66 LR999926.1 7299306
2044 27.66 LR999926.1 7457584
2047 27.66 LR999926.1 7472990
2060 27.66 LR999926.1 7569222
2066 27.66 LR999926.1 7749656
2086 27.66 LR999926.1 7824567
2169 31.11 LR999926.1 8959378
2181 33.383 LR999926.1 9165392
2184 34.507 LR999926.1 9516496
2197 34.507 LR999926.1 9814138
2215 34.507 LR999926.1 9912892
2250 46.787 LR999926.1 10757498
2264 45.664 LR999926.1 10936399
2272 45.664 LR999926.1 10970169
2283 47.911 LR999926.1 11042566
2294 46.787 LR999926.1 11101142
2320 47.911 LR999926.1 11187589
2332 46.787 LR999926.1 11211316
2359 46.787 LR999926.1 11311708
2366 46.787 LR999926.1 11383882
2370 47.911 LR999926.1 11566624
2423 52.565 LR999926.1 12537412
2453 58.455 LR999926.1 12895363
2480 58.455 LR999926.1 13404148
2518 60.728 LR999926.1 14002745
2531 63.001 LR999926.1 14106430
2545 63.001 LR999926.1 14389488
2568 65.274 LR999926.1 14473134
2622 63.001 LR999926.1 15348067
2665 63.001 LR999926.1 15440800
2729 63.001 LR999926.1 16051874
2742 63.001 LR999926.1 16238767
2758 63.001 LR999926.1 16328516
NA NA LR999926.1 16362069
NA NA LR999927.1 1
2888 0 LR999927.1 2645954
2932 3.45 LR999927.1 4853774
2962 4.573 LR999927.1 5461087
2999 4.573 LR999927.1 5974377
3006 4.573 LR999927.1 6062442
3012 4.573 LR999927.1 6066267
3031 4.573 LR999927.1 6248505
3047 4.573 LR999927.1 6279715
3053 4.573 LR999927.1 6383443
3058 4.573 LR999927.1 6392473
3145 6.846 LR999927.1 7263430
3167 6.846 LR999927.1 7477664
3188 6.846 LR999927.1 7603449
3244 9.12 LR999927.1 8250670
3247 9.12 LR999927.1 8349656
3259 9.12 LR999927.1 8361935
3286 9.12 LR999927.1 8491116
3295 11.393 LR999927.1 8632604
3306 11.393 LR999927.1 8695331
3311 11.393 LR999927.1 8727636
3321 11.393 LR999927.1 8727984
3328 11.393 LR999927.1 8737536
3330 11.393 LR999927.1 8738077
3351 11.393 LR999927.1 8933381
3369 11.393 LR999927.1 9120222
3373 11.393 LR999927.1 9143211
3382 11.393 LR999927.1 9172678
3414 11.393 LR999927.1 9402670
3418 12.516 LR999927.1 9574324
3423 12.516 LR999927.1 9594105
3426 12.516 LR999927.1 9594620
3437 12.516 LR999927.1 9685880
3483 12.516 LR999927.1 9845734
3490 12.516 LR999927.1 9962380
3504 12.516 LR999927.1 10068160
3516 12.516 LR999927.1 10074304
3534 12.516 LR999927.1 10079686
3547 13.64 LR999927.1 10318883
3602 14.764 LR999927.1 10686685
3614 14.764 LR999927.1 10789340
3631 14.764 LR999927.1 10796151
3634 14.764 LR999927.1 10888328
3669 17.037 LR999927.1 11645808
3696 17.037 LR999927.1 11840452
3722 22.926 LR999927.1 11982277
3737 22.926 LR999927.1 12047834
3744 22.926 LR999927.1 12062274
3763 24.049 LR999927.1 12653949
3778 24.049 LR999927.1 12852543
3794 24.049 LR999927.1 12907359
3820 27.499 LR999927.1 13340112
3832 28.623 LR999927.1 13409461
3846 28.623 LR999927.1 13456944
3862 29.746 LR999927.1 13513072
3886 36.759 LR999927.1 14183707
3909 37.883 LR999927.1 14316679
3930 37.883 LR999927.1 14434752
3951 37.883 LR999927.1 14462592
3958 35.636 LR999927.1 14495832
3969 37.883 LR999927.1 14685357
3976 39.006 LR999927.1 14852947
4013 39.006 LR999927.1 15263611
4054 42.403 LR999927.1 15375398
4075 41.28 LR999927.1 15598626
NA NA LR999927.1 16090551
NA NA LR999928.1 1
4102 3.397 LR999928.1 136249
4110 3.397 LR999928.1 155966
4121 2.273 LR999928.1 156526
4147 2.273 LR999928.1 626150
4150 3.397 LR999928.1 657979
4168 3.397 LR999928.1 824627
4192 0 LR999928.1 1150546
4215 2.273 LR999928.1 1299772
4230 3.397 LR999928.1 1335016
4234 3.397 LR999928.1 1412605
4249 4.52 LR999928.1 1532567
4272 4.52 LR999928.1 1940232
4278 6.793 LR999928.1 2052306
4332 6.793 LR999928.1 2329050
4372 9.066 LR999928.1 2610441
4404 9.066 LR999928.1 2745238
4422 9.066 LR999928.1 2759133
4441 9.066 LR999928.1 2882862
4448 9.066 LR999928.1 2953237
4476 9.066 LR999928.1 3324204
4478 12.516 LR999928.1 3735592
4487 13.64 LR999928.1 4268382
4499 18.294 LR999928.1 4606992
4506 18.294 LR999928.1 4812557
4513 18.294 LR999928.1 4822015
4531 18.294 LR999928.1 4839172
4563 18.294 LR999928.1 5206015
4620 21.744 LR999928.1 6040718
4635 21.744 LR999928.1 6115606
4665 21.744 LR999928.1 6274479
4684 21.744 LR999928.1 6383125
4699 21.744 LR999928.1 6948166
4707 21.744 LR999928.1 6948708
4733 22.868 LR999928.1 7329546
4760 22.868 LR999928.1 7364280
4763 23.991 LR999928.1 7440331
4825 23.991 LR999928.1 8009812
4847 23.991 LR999928.1 8017196
4876 23.991 LR999928.1 8271934
4886 23.991 LR999928.1 8436153
4907 25.115 LR999928.1 9217269
4912 25.115 LR999928.1 9348069
4937 25.115 LR999928.1 9435860
4963 27.388 LR999928.1 9862852
4967 27.388 LR999928.1 9926668
4987 28.512 LR999928.1 10278600
4990 28.512 LR999928.1 10282294
5013 29.635 LR999928.1 10665294
5033 29.635 LR999928.1 10804386
5064 31.882 LR999928.1 11386490
5067 30.759 LR999928.1 11434246
5085 34.156 LR999928.1 11565610
5096 34.156 LR999928.1 11879659
5102 34.156 LR999928.1 11919571
5108 34.156 LR999928.1 11993083
5121 43.943 LR999928.1 12543920
5164 47.392 LR999928.1 13079313
5170 49.666 LR999928.1 13148540
5193 50.789 LR999928.1 13402586
5201 50.789 LR999928.1 13423813
5237 50.789 LR999928.1 13940154
5282 50.789 LR999928.1 14061924
5323 50.789 LR999928.1 14362024
5348 51.913 LR999928.1 14580980
5359 49.666 LR999928.1 14641826
5364 54.186 LR999928.1 15101308
5381 54.186 LR999928.1 15276761
5404 54.186 LR999928.1 15326288
5426 54.186 LR999928.1 15387865
5449 54.186 LR999928.1 15549503
5475 54.186 LR999928.1 15577702
NA NA LR999928.1 16000791
NA NA LR999929.1 1
5568 1.124 LR999929.1 1483984
5604 0 LR999929.1 1724330
5651 0 LR999929.1 2267820
5687 0 LR999929.1 2691315
5730 9.577 LR999929.1 3558008
5771 9.577 LR999929.1 4042432
5789 9.577 LR999929.1 4281615
5799 10.701 LR999929.1 4562662
5815 12.948 LR999929.1 4883569
5829 11.825 LR999929.1 4943596
5855 12.948 LR999929.1 5311433
5867 12.948 LR999929.1 5391467
5874 12.948 LR999929.1 5628498
5914 12.948 LR999929.1 5664567
5955 12.948 LR999929.1 6070203
5958 12.948 LR999929.1 6176080
5974 18.838 LR999929.1 6731765
6022 18.838 LR999929.1 7189653
6043 21.111 LR999929.1 7300078
6048 26.889 LR999929.1 7828865
6054 25.765 LR999929.1 7881714
6067 26.889 LR999929.1 8009630
6096 26.889 LR999929.1 8224960
6111 26.889 LR999929.1 8418705
6164 25.765 LR999929.1 9202145
6175 26.889 LR999929.1 9210504
6180 26.889 LR999929.1 9454141
6188 26.889 LR999929.1 9501293
6211 26.889 LR999929.1 9859071
6244 26.889 LR999929.1 9883920
6251 26.889 LR999929.1 9966066
6270 28.012 LR999929.1 10352604
6284 28.012 LR999929.1 10847460
6321 30.286 LR999929.1 11596863
6342 30.286 LR999929.1 11680085
6379 30.286 LR999929.1 11941944
6420 33.735 LR999929.1 12492202
6460 34.859 LR999929.1 13021958
6471 34.859 LR999929.1 13052610
6522 34.859 LR999929.1 13689502
6572 37.132 LR999929.1 14391634
6586 40.582 LR999929.1 14695438
6593 40.582 LR999929.1 14808084
6609 42.855 LR999929.1 15207224
NA NA LR999929.1 15952094
NA NA LR999930.1 1
6673 1.124 LR999930.1 133308
6682 1.124 LR999930.1 173067
6701 1.124 LR999930.1 298609
6726 0 LR999930.1 571443
6741 1.124 LR999930.1 781880
6762 1.124 LR999930.1 1183461
6771 2.247 LR999930.1 1440933
6804 2.247 LR999930.1 1805725
6815 3.371 LR999930.1 2221413
6816 3.371 LR999930.1 2221713
6818 3.371 LR999930.1 2278884
6836 3.371 LR999930.1 2623445
6841 4.494 LR999930.1 2861402
6863 4.494 LR999930.1 3201250
6916 6.768 LR999930.1 3877751
6971 9.041 LR999930.1 4851982
7007 9.041 LR999930.1 5643974
7039 9.041 LR999930.1 5904818
7046 9.041 LR999930.1 6052765
7062 9.041 LR999930.1 6086096
7103 9.041 LR999930.1 6237316
7144 11.288 LR999930.1 6727573
7157 10.164 LR999930.1 6798912
7204 12.412 LR999930.1 7169410
7234 13.535 LR999930.1 7368942
7278 16.985 LR999930.1 8520926
7289 16.985 LR999930.1 8571588
7321 16.985 LR999930.1 9053536
7387 20.435 LR999930.1 9355225
7399 20.435 LR999930.1 9415697
7426 28.888 LR999930.1 10577906
7438 28.888 LR999930.1 10614924
7483 28.888 LR999930.1 11144988
7589 36.043 LR999930.1 11825624
7622 36.043 LR999930.1 12253086
7643 39.493 LR999930.1 12388321
7713 49.28 LR999930.1 13338746
7735 49.28 LR999930.1 13447158
7768 49.28 LR999930.1 13477181
7778 49.28 LR999930.1 13622834
7856 56.435 LR999930.1 14544287
7887 56.435 LR999930.1 14679467
7908 56.435 LR999930.1 14933867
7917 56.435 LR999930.1 15107906
7944 57.559 LR999930.1 15553020
NA NA LR999930.1 15715213
NA NA LR999931.1 1
7955 0 LR999931.1 255019
7992 0 LR999931.1 592887
8031 2.273 LR999931.1 928089
8057 3.397 LR999931.1 1494465
8062 3.397 LR999931.1 1498776
8103 5.67 LR999931.1 2103473
8127 5.67 LR999931.1 2241203
8157 6.794 LR999931.1 2376428
8168 7.917 LR999931.1 2625059
8176 7.917 LR999931.1 2680487
8181 7.917 LR999931.1 2687309
8192 12.572 LR999931.1 2844843
8212 16.021 LR999931.1 3101306
8246 23.176 LR999931.1 3931951
8271 23.176 LR999931.1 4128472
8297 24.3 LR999931.1 4436590
8372 27.75 LR999931.1 5590785
8381 27.75 LR999931.1 5591103
8384 28.873 LR999931.1 5836869
8395 28.873 LR999931.1 5868432
8421 34.762 LR999931.1 6389391
8433 35.886 LR999931.1 6750007
8437 37.01 LR999931.1 7124324
8451 38.133 LR999931.1 7236043
8468 39.257 LR999931.1 7723351
8486 39.257 LR999931.1 7960423
8495 39.257 LR999931.1 8005818
8521 39.257 LR999931.1 8060012
8568 41.53 LR999931.1 8631342
8584 41.53 LR999931.1 8778198
8589 41.53 LR999931.1 8887937
8600 41.53 LR999931.1 9063010
8605 41.53 LR999931.1 9221319
8649 41.53 LR999931.1 9608818
8662 41.53 LR999931.1 9709037
8678 41.53 LR999931.1 9749556
8689 41.53 LR999931.1 9802726
8705 44.98 LR999931.1 10017695
8712 44.98 LR999931.1 10079687
8739 44.98 LR999931.1 10081902
8765 44.98 LR999931.1 10380899
8770 44.98 LR999931.1 10382575
8774 44.98 LR999931.1 10383551
8776 44.98 LR999931.1 10856431
8792 44.98 LR999931.1 11325365
8803 44.98 LR999931.1 11454148
8842 44.98 LR999931.1 12034923
8848 46.103 LR999931.1 12094012
8885 46.103 LR999931.1 12586650
8901 46.103 LR999931.1 12703224
8991 46.103 LR999931.1 13377343
9004 46.103 LR999931.1 13384294
9012 46.103 LR999931.1 13389228
9016 46.103 LR999931.1 13400299
9037 46.103 LR999931.1 13766981
9044 47.227 LR999931.1 13791594
9078 50.677 LR999931.1 13937175
9142 51.8 LR999931.1 14930331
9159 54.073 LR999931.1 15121152
9177 54.073 LR999931.1 15319055
9208 54.073 LR999931.1 15455197
NA NA LR999931.1 15572524
NA NA LR999932.1 1
9245 0 LR999932.1 819637
9263 1.124 LR999932.1 1140950
9298 1.124 LR999932.1 1288611
9316 4.57299999999999 LR999932.1 1465490
9362 4.57299999999999 LR999932.1 1724302
9376 5.697 LR999932.1 1820164
9440 18.263 LR999932.1 2955801
9483 18.263 LR999932.1 3447302
9498 18.263 LR999932.1 3599547
9597 27.84 LR999932.1 4607807
9615 27.84 LR999932.1 5165754
9626 26.716 LR999932.1 5371779
9640 27.84 LR999932.1 5668231
9673 27.84 LR999932.1 6007100
9705 28.964 LR999932.1 6082986
9708 28.964 LR999932.1 6181391
9739 28.964 LR999932.1 6255138
9793 28.964 LR999932.1 7234688
9805 28.964 LR999932.1 7591847
9851 30.087 LR999932.1 8215542
9857 30.087 LR999932.1 8464585
9900 30.087 LR999932.1 9072114
9903 30.087 LR999932.1 9072435
9914 30.087 LR999932.1 9303934
9932 30.087 LR999932.1 9373501
9946 31.211 LR999932.1 9554695
10028 32.335 LR999932.1 10562983
10046 32.335 LR999932.1 10629149
10083 32.335 LR999932.1 11046290
10103 32.335 LR999932.1 11116480
10107 32.335 LR999932.1 11390566
10118 32.335 LR999932.1 11432601
10168 32.335 LR999932.1 11784128
10209 32.335 LR999932.1 11951949
10329 39.49 LR999932.1 13778012
10337 39.49 LR999932.1 13891269
10347 44.144 LR999932.1 14197049
10359 45.268 LR999932.1 14207879
10364 45.268 LR999932.1 14248770
10386 45.268 LR999932.1 14411993
10426 47.541 LR999932.1 15354538
NA NA LR999932.1 15426761
NA NA LR999933.1 1
10467 0 LR999933.1 780524
10479 2.273 LR999933.1 1162765
10501 2.273 LR999933.1 1297164
10518 2.273 LR999933.1 1352907
10529 3.397 LR999933.1 1521807
10531 4.521 LR999933.1 1618929
10569 7.97 LR999933.1 2107276
10611 15.125 LR999933.1 2945714
10623 18.575 LR999933.1 3200770
10687 20.848 LR999933.1 4128722
10699 20.848 LR999933.1 4220209
10760 23.121 LR999933.1 5165732
10763 23.121 LR999933.1 5267013
10789 23.121 LR999933.1 5287831
10808 25.368 LR999933.1 5314198
10818 24.245 LR999933.1 5591334
10839 24.245 LR999933.1 5807627
10860 24.245 LR999933.1 5844571
10866 24.245 LR999933.1 5867386
10914 32.381 LR999933.1 7013520
10943 31.258 LR999933.1 7102622
10946 33.505 LR999933.1 7282517
10957 33.505 LR999933.1 7701782
10991 33.505 LR999933.1 7924457
11044 33.505 LR999933.1 8229456
11051 33.505 LR999933.1 8340916
11062 34.629 LR999933.1 8565853
11078 34.629 LR999933.1 8764909
11083 34.629 LR999933.1 8902100
11106 34.629 LR999933.1 9081513
11113 34.629 LR999933.1 9152311
11119 34.629 LR999933.1 9177077
11127 34.629 LR999933.1 9280792
11129 34.629 LR999933.1 9330541
11132 34.629 LR999933.1 9405140
11155 34.629 LR999933.1 9775747
11162 35.752 LR999933.1 9828699
11166 35.752 LR999933.1 9900238
11195 35.752 LR999933.1 10092765
11204 35.752 LR999933.1 10161905
11223 36.876 LR999933.1 10363414
11308 40.326 LR999933.1 11077481
11355 40.326 LR999933.1 11433558
11423 41.449 LR999933.1 11931877
11459 42.573 LR999933.1 12115599
11463 41.449 LR999933.1 12203681
11498 41.449 LR999933.1 12468529
11532 41.449 LR999933.1 12893627
11575 49.475 LR999933.1 13643067
11582 47.227 LR999933.1 13690072
11620 48.351 LR999933.1 13862885
11626 49.475 LR999933.1 13924908
11640 50.598 LR999933.1 14014102
11656 54.048 LR999933.1 14176216
11702 54.048 LR999933.1 14570320
11722 54.048 LR999933.1 14690925
11760 56.321 LR999933.1 14901127
11772 56.321 LR999933.1 14939763
11804 56.321 LR999933.1 15282533
NA NA LR999933.1 15296561
NA NA LR999934.1 1
11811 0 LR999934.1 14446
11830 2.273 LR999934.1 278007
11847 4.546 LR999934.1 627216
11871 9.201 LR999934.1 1476095
11972 17.655 LR999934.1 2909051
12020 18.778 LR999934.1 5797291
12063 18.778 LR999934.1 5931088
12150 29.936 LR999934.1 7290445
12176 29.936 LR999934.1 7324123
12195 31.059 LR999934.1 7794756
12253 34.509 LR999934.1 8355495
12285 35.633 LR999934.1 9216588
12302 36.756 LR999934.1 9382992
12313 36.756 LR999934.1 9654471
12342 40.206 LR999934.1 10047567
12370 41.329 LR999934.1 10171675
12393 40.206 LR999934.1 10329245
12411 41.329 LR999934.1 10455092
12441 47.219 LR999934.1 11207994
12459 47.219 LR999934.1 11394702
12482 47.219 LR999934.1 11875681
12492 47.219 LR999934.1 11923881
12500 47.219 LR999934.1 12026138
12540 48.342 LR999934.1 12319356
12601 51.792 LR999934.1 13553415
12632 54.065 LR999934.1 14042894
NA NA LR999934.1 14945938
NA NA LR999935.1 1
12712 2.273 LR999935.1 159966
12718 0 LR999935.1 163744
12750 4.546 LR999935.1 728169
12775 10.435 LR999935.1 1780227
12784 10.435 LR999935.1 1829657
12812 12.683 LR999935.1 2146663
12879 12.683 LR999935.1 2638952
12911 11.559 LR999935.1 2924585
12921 12.683 LR999935.1 2936477
12944 12.683 LR999935.1 3154110
13013 18.572 LR999935.1 4330171
13030 18.572 LR999935.1 4498692
13036 18.572 LR999935.1 4564738
13042 18.572 LR999935.1 4867495
13075 20.845 LR999935.1 5289059
13085 20.845 LR999935.1 5367988
13098 20.845 LR999935.1 5375078
13102 20.845 LR999935.1 5479489
13107 25.499 LR999935.1 5580969
13116 25.499 LR999935.1 5795401
13133 26.623 LR999935.1 5994628
13144 26.623 LR999935.1 6013624
13168 27.747 LR999935.1 6691931
13206 27.747 LR999935.1 6971101
13285 30.02 LR999935.1 7504609
13293 30.02 LR999935.1 7688170
13295 30.02 LR999935.1 7697446
13366 33.47 LR999935.1 8887437
13378 35.743 LR999935.1 9128723
13383 35.743 LR999935.1 9145013
13397 35.743 LR999935.1 9328225
13400 35.743 LR999935.1 9376886
13410 36.866 LR999935.1 9631449
13438 36.866 LR999935.1 9729162
13448 40.316 LR999935.1 9977037
13472 40.316 LR999935.1 10051866
13482 40.316 LR999935.1 10216516
13524 40.316 LR999935.1 10624091
13532 40.316 LR999935.1 10707226
13562 40.316 LR999935.1 10735992
13571 41.44 LR999935.1 10865100
13611 42.563 LR999935.1 11196087
13625 42.563 LR999935.1 11212527
13643 42.563 LR999935.1 11216063
13649 43.687 LR999935.1 11373013
13688 47.136 LR999935.1 12045991
13758 51.791 LR999935.1 12456706
13772 52.915 LR999935.1 12480907
13782 51.791 LR999935.1 12634601
13824 56.364 LR999935.1 13301033
13904 57.488 LR999935.1 14056270
13940 57.488 LR999935.1 14297759
13985 57.488 LR999935.1 14352501
14028 59.761 LR999935.1 14722053
14046 60.885 LR999935.1 14838632
NA NA LR999935.1 14868897
NA NA LR999936.1 1
14058 1.124 LR999936.1 85260
14069 0 LR999936.1 131458
14073 2.248 LR999936.1 375640
14084 2.248 LR999936.1 744726
14107 3.371 LR999936.1 939277
14124 8.026 LR999936.1 1142182
14154 8.026 LR999936.1 1323189
14165 8.026 LR999936.1 1528075
14178 8.026 LR999936.1 1720138
14190 8.026 LR999936.1 2073490
14219 10.299 LR999936.1 2510420
14224 10.299 LR999936.1 2535175
14229 10.299 LR999936.1 2694473
14242 10.299 LR999936.1 2858064
14246 10.299 LR999936.1 2974788
14270 10.299 LR999936.1 3129531
14288 11.422 LR999936.1 3303587
14304 11.422 LR999936.1 3500259
14347 12.546 LR999936.1 4363367
14370 13.67 LR999936.1 4570908
14399 13.67 LR999936.1 4745787
14448 17.119 LR999936.1 5227718
14468 17.119 LR999936.1 5419561
14535 17.119 LR999936.1 6438889
14566 21.774 LR999936.1 6773786
14569 21.774 LR999936.1 7126981
14597 21.774 LR999936.1 7357240
14606 25.224 LR999936.1 7421006
14632 26.347 LR999936.1 7806045
14648 27.471 LR999936.1 8661414
14670 29.744 LR999936.1 8797086
14706 32.017 LR999936.1 9306070
14781 33.141 LR999936.1 10203088
14785 33.141 LR999936.1 10214192
14833 34.264 LR999936.1 10483947
14838 35.388 LR999936.1 10724630
14855 37.661 LR999936.1 10865191
14901 42.316 LR999936.1 11898291
14902 42.316 LR999936.1 11926579
14919 45.765 LR999936.1 12376038
14926 45.765 LR999936.1 12445310
14960 45.765 LR999936.1 12625968
14968 45.765 LR999936.1 12649645
14975 46.889 LR999936.1 12708901
15026 48.013 LR999936.1 13283000
15032 48.013 LR999936.1 13289715
15034 49.136 LR999936.1 13656847
15051 49.136 LR999936.1 13719215
15090 56.149 LR999936.1 14373049
15108 55.025 LR999936.1 14677668
NA NA LR999936.1 14774369
NA NA LR999937.1 1
15127 0 LR999937.1 109445
15146 0 LR999937.1 160449
15170 0 LR999937.1 277926
15205 0 LR999937.1 562878
15209 0 LR999937.1 599915
15240 1.124 LR999937.1 906756
15249 1.124 LR999937.1 922095
15257 4.573 LR999937.1 1018975
15295 4.573 LR999937.1 1153367
15316 4.573 LR999937.1 1872393
15354 10.462 LR999937.1 2686389
15366 13.912 LR999937.1 3124687
15375 13.912 LR999937.1 3168753
15390 15.036 LR999937.1 3408583
15430 18.485 LR999937.1 3970735
15460 18.485 LR999937.1 4240606
15473 18.485 LR999937.1 4286755
15499 19.609 LR999937.1 4319799
15522 18.485 LR999937.1 4620730
15597 24.264 LR999937.1 6464598
15613 24.264 LR999937.1 6542449
15621 24.264 LR999937.1 6655794
15638 24.264 LR999937.1 6668020
15651 25.387 LR999937.1 6945932
15665 25.387 LR999937.1 7180602
15687 27.66 LR999937.1 7368303
15694 27.66 LR999937.1 7441657
15702 27.66 LR999937.1 7585292
15714 28.784 LR999937.1 7681684
15718 32.234 LR999937.1 7728308
15744 34.507 LR999937.1 7927567
15751 34.507 LR999937.1 7977757
15823 35.63 LR999937.1 8520445
15868 36.754 LR999937.1 8621427
15900 36.754 LR999937.1 8783428
15901 36.754 LR999937.1 8829760
15937 36.754 LR999937.1 9694534
16013 37.878 LR999937.1 10099982
16025 37.878 LR999937.1 10180424
16045 37.878 LR999937.1 10330881
16051 37.878 LR999937.1 10373016
16074 37.878 LR999937.1 10830044
16078 37.878 LR999937.1 10831519
16106 39.001 LR999937.1 10999303
16112 37.878 LR999937.1 11030920
16121 37.878 LR999937.1 11218356
16139 37.878 LR999937.1 11605752
16163 40.125 LR999937.1 11950339
16169 40.125 LR999937.1 11951307
16171 40.125 LR999937.1 11951635
16225 51.282 LR999937.1 12913316
16244 52.406 LR999937.1 13194031
16260 52.406 LR999937.1 13242108
16290 53.529 LR999937.1 13744887
16294 56.979 LR999937.1 14126232
16314 58.103 LR999937.1 14482402
NA NA LR999937.1 14615999
NA NA LR999938.1 1
16322 0 LR999938.1 91686
16343 1.124 LR999938.1 315519
16366 1.124 LR999938.1 928074
16443 3.397 LR999938.1 1994870
16471 8.051 LR999938.1 2296655
16480 8.051 LR999938.1 2349036
16482 8.051 LR999938.1 2349385
16509 9.175 LR999938.1 2798029
16621 11.448 LR999938.1 4033249
16634 12.572 LR999938.1 4177803
16669 13.695 LR999938.1 4310244
16671 13.695 LR999938.1 4373733
16678 13.695 LR999938.1 4407147
16721 13.695 LR999938.1 4910549
16758 14.819 LR999938.1 5016970
16769 14.819 LR999938.1 5277894
16808 14.819 LR999938.1 5841189
16818 14.819 LR999938.1 5924623
16858 15.943 LR999938.1 6538651
16866 15.943 LR999938.1 6627904
16886 17.066 LR999938.1 6683091
16980 24.221 LR999938.1 8564497
17000 24.221 LR999938.1 8671980
17008 24.221 LR999938.1 8861849
17015 24.221 LR999938.1 8933556
17060 24.221 LR999938.1 9483713
17073 24.221 LR999938.1 9484018
17086 24.221 LR999938.1 9589306
17094 24.221 LR999938.1 9612055
17104 24.221 LR999938.1 9614124
17109 24.221 LR999938.1 9736264
17138 25.345 LR999938.1 10045576
17156 25.345 LR999938.1 10103753
17196 26.469 LR999938.1 10352291
17234 25.345 LR999938.1 10478247
17244 25.345 LR999938.1 10520442
17249 25.345 LR999938.1 10555715
17259 25.345 LR999938.1 10648980
17265 25.345 LR999938.1 10666190
17299 25.345 LR999938.1 10685792
17330 25.345 LR999938.1 11126697
17337 25.345 LR999938.1 11558170
17367 25.345 LR999938.1 11662555
17379 25.345 LR999938.1 11670530
17404 25.345 LR999938.1 11940349
17412 25.345 LR999938.1 12083328
17426 29.918 LR999938.1 12341411
17439 32.191 LR999938.1 12692733
17471 32.191 LR999938.1 12886361
17488 32.191 LR999938.1 12974095
17518 33.315 LR999938.1 13477383
17530 33.315 LR999938.1 13509334
NA NA LR999938.1 14605406
NA NA LR999939.1 1
17596 2.273 LR999939.1 230587
17605 2.273 LR999939.1 232308
17635 0 LR999939.1 464201
17681 5.723 LR999939.1 1285890
17730 10.377 LR999939.1 2014582
17738 10.377 LR999939.1 2092122
17753 12.65 LR999939.1 2285357
17788 13.774 LR999939.1 2872167
17807 13.774 LR999939.1 2981135
17831 13.774 LR999939.1 3103639
17847 13.774 LR999939.1 3138386
17947 24.931 LR999939.1 4736223
17990 26.055 LR999939.1 5194313
17995 26.055 LR999939.1 5290936
18007 26.055 LR999939.1 5349525
18013 26.055 LR999939.1 5355302
18034 27.179 LR999939.1 5499813
18059 27.179 LR999939.1 5660990
18074 29.452 LR999939.1 5892834
18084 29.452 LR999939.1 5931329
18090 30.575 LR999939.1 5973038
18124 29.452 LR999939.1 6195616
18130 29.452 LR999939.1 6217177
18151 29.452 LR999939.1 6384615
18166 31.699 LR999939.1 6741699
18171 31.699 LR999939.1 6774271
18180 31.699 LR999939.1 6869265
18197 32.823 LR999939.1 7408475
18205 33.946 LR999939.1 7775826
18260 38.601 LR999939.1 8325150
18263 38.601 LR999939.1 8370254
18269 38.601 LR999939.1 8404135
18279 38.601 LR999939.1 8428231
18298 39.724 LR999939.1 8641958
18305 39.724 LR999939.1 8806890
18363 41.997 LR999939.1 9271507
18392 41.997 LR999939.1 9706121
18396 41.997 LR999939.1 9795225
18416 41.997 LR999939.1 9892839
18446 41.997 LR999939.1 10034563
18452 43.121 LR999939.1 10044345
18478 43.121 LR999939.1 10217238
18481 44.245 LR999939.1 10437365
18497 44.245 LR999939.1 10834848
18517 46.518 LR999939.1 10975250
18537 46.518 LR999939.1 11230003
18568 46.518 LR999939.1 11354722
18595 46.518 LR999939.1 11563181
18625 47.642 LR999939.1 11827255
18687 51.038 LR999939.1 12210580
18701 51.038 LR999939.1 12210939
18724 51.038 LR999939.1 12571320
18739 51.038 LR999939.1 12763226
18786 49.915 LR999939.1 13019442
18818 52.162 LR999939.1 13551761
NA NA LR999939.1 13916383
NA NA LR999941.1 1
18983 0 LR999941.1 1421626
19004 0 LR999941.1 1520299
19025 7.155 LR999941.1 1924791
19033 8.279 LR999941.1 1993216
19055 8.279 LR999941.1 2479738
19061 9.402 LR999941.1 2741628
19095 14.057 LR999941.1 3177551
19111 15.18 LR999941.1 3407720
19115 15.18 LR999941.1 3509877
19122 15.18 LR999941.1 3531492
19126 15.18 LR999941.1 3544368
19225 17.454 LR999941.1 4025452
19230 17.454 LR999941.1 4347861
19231 17.454 LR999941.1 4362789
19263 28.611 LR999941.1 5090330
19281 28.611 LR999941.1 5245793
19321 29.734 LR999941.1 5775495
19333 29.734 LR999941.1 5793504
19339 29.734 LR999941.1 5805620
19360 29.734 LR999941.1 5942645
19391 35.404 LR999941.1 6077050
19437 30.858 LR999941.1 6426672
19448 33.131 LR999941.1 7209785
19457 33.131 LR999941.1 7284254
19479 37.677 LR999941.1 7517105
19517 37.677 LR999941.1 7815178
19536 37.677 LR999941.1 7914361
19604 37.677 LR999941.1 8602096
19653 39.951 LR999941.1 9135255
19690 39.951 LR999941.1 9199697
19695 39.951 LR999941.1 9280721
19711 39.951 LR999941.1 9498691
19748 41.074 LR999941.1 9788115
19771 39.951 LR999941.1 10242759
19790 43.347 LR999941.1 10710200
19882 44.471 LR999941.1 11469704
19922 47.921 LR999941.1 11784491
19932 47.921 LR999941.1 11932305
19996 49.044 LR999941.1 12619774
20015 49.044 LR999941.1 12630489
20033 49.044 LR999941.1 13023628
20088 51.317 LR999941.1 13682505
NA NA LR999941.1 13774036
NA NA LR999942.1 1
20123 0 LR999942.1 186768
20160 1.124 LR999942.1 689086
20172 2.247 LR999942.1 736722
20185 2.247 LR999942.1 770416
20203 5.644 LR999942.1 1176583
20220 4.52 LR999942.1 1569149
20233 5.644 LR999942.1 1575388
20238 5.644 LR999942.1 1607430
20291 5.644 LR999942.1 1993372
20303 7.917 LR999942.1 2040903
20318 7.917 LR999942.1 2088763
20361 10.19 LR999942.1 2545641
20376 10.19 LR999942.1 2558278
20385 10.19 LR999942.1 2657454
20457 16.079 LR999942.1 4013314
20506 16.079 LR999942.1 4198079
20525 19.529 LR999942.1 4443313
20565 20.653 LR999942.1 4659683
20578 20.653 LR999942.1 4700634
20621 22.926 LR999942.1 5429006
20626 22.926 LR999942.1 5435453
20650 25.199 LR999942.1 5717044
20657 25.199 LR999942.1 5756899
20705 25.199 LR999942.1 6078012
20718 25.199 LR999942.1 6195886
20721 25.199 LR999942.1 6226934
20730 25.199 LR999942.1 6329969
20749 25.199 LR999942.1 6710899
20752 25.199 LR999942.1 6729508
20765 25.199 LR999942.1 6739879
20775 25.199 LR999942.1 6742846
20787 25.199 LR999942.1 6916265
20805 25.199 LR999942.1 7301838
20840 25.199 LR999942.1 7350936
20859 25.199 LR999942.1 7888252
20904 26.323 LR999942.1 8383443
20920 27.446 LR999942.1 8446544
20925 28.57 LR999942.1 8642987
20967 32.02 LR999942.1 8915693
21020 36.674 LR999942.1 10418587
21033 37.798 LR999942.1 10473472
21102 42.452 LR999942.1 11352976
21131 43.576 LR999942.1 11589175
21159 44.7 LR999942.1 12022684
21197 50.589 LR999942.1 12295320
21238 50.589 LR999942.1 12426977
21255 52.862 LR999942.1 13082640
NA NA LR999942.1 13550656
NA NA LR999943.1 1
21304 0 LR999943.1 412137
21340 1.124 LR999943.1 474946
21359 1.124 LR999943.1 644078
21369 1.124 LR999943.1 814721
21386 1.124 LR999943.1 941733
21399 1.124 LR999943.1 1021034
21405 1.124 LR999943.1 1029249
21412 1.124 LR999943.1 1299679
21647 10.701 LR999943.1 3245861
21664 9.577 LR999943.1 3272659
21665 10.701 LR999943.1 3798853
21698 12.974 LR999943.1 4129817
21725 12.974 LR999943.1 4320037
21741 12.974 LR999943.1 4362724
21764 12.974 LR999943.1 4363212
21774 12.974 LR999943.1 4470673
21793 14.098 LR999943.1 4787220
21803 14.098 LR999943.1 4908148
21823 15.222 LR999943.1 5340055
21829 14.098 LR999943.1 5394830
21840 15.222 LR999943.1 5708544
21888 19.876 LR999943.1 6683387
21897 19.876 LR999943.1 6822613
21903 19.876 LR999943.1 6968417
21919 22.149 LR999943.1 7273559
21925 22.149 LR999943.1 7322473
21930 22.149 LR999943.1 7342540
21952 25.599 LR999943.1 7541856
21971 26.722 LR999943.1 7797663
21980 26.722 LR999943.1 7813318
22031 26.722 LR999943.1 8229856
22037 26.722 LR999943.1 8279359
22049 26.722 LR999943.1 8343615
22103 28.996 LR999943.1 9012231
22137 30.119 LR999943.1 9086898
22141 32.392 LR999943.1 9350701
22216 33.516 LR999943.1 9865927
22229 33.516 LR999943.1 9893890
22252 34.64 LR999943.1 10497845
22295 35.763 LR999943.1 11397635
22323 36.887 LR999943.1 11566896
22347 38.011 LR999943.1 11792642
22361 39.134 LR999943.1 12339841
22416 48.921 LR999943.1 12936427
22445 50.045 LR999943.1 13149523
NA NA LR999943.1 13236624
NA NA LR999944.1 1
22537 0 LR999944.1 2793268
22564 0 LR999944.1 3227948
22629 3.45 LR999944.1 3919099
22660 3.45 LR999944.1 4436657
22707 5.723 LR999944.1 5522474
22723 6.846 LR999944.1 5666136
22732 7.97 LR999944.1 5894513
22794 11.42 LR999944.1 7322595
22812 11.42 LR999944.1 7395391
22833 11.42 LR999944.1 7537987
22855 11.42 LR999944.1 7667446
22896 11.42 LR999944.1 7894030
22900 11.42 LR999944.1 7921449
22906 11.42 LR999944.1 7943880
22920 12.543 LR999944.1 8120148
22928 12.543 LR999944.1 8122315
23001 23.244 LR999944.1 8925606
23008 20.997 LR999944.1 8983270
23028 23.244 LR999944.1 9135365
23050 22.121 LR999944.1 9144082
23140 27.899 LR999944.1 9783241
23174 27.899 LR999944.1 9788658
23181 27.899 LR999944.1 9872987
23185 27.899 LR999944.1 9935423
23200 29.023 LR999944.1 10054763
23250 32.472 LR999944.1 10985596
23282 34.745 LR999944.1 11401675
23317 37.018 LR999944.1 11952428
23326 40.468 LR999944.1 12262895
23332 40.468 LR999944.1 12408323
23347 41.592 LR999944.1 12604840
NA NA LR999944.1 12933853
NA NA LR999945.1 1
23393 0 LR999945.1 400537
23409 2.274 LR999945.1 402949
23420 3.397 LR999945.1 490781
23473 8.052 LR999945.1 1248493
23476 8.052 LR999945.1 1279704
23502 8.052 LR999945.1 1468061
23516 8.052 LR999945.1 1593521
23529 8.052 LR999945.1 1613226
23547 11.448 LR999945.1 1971432
23572 10.325 LR999945.1 2170300
23579 10.325 LR999945.1 2173228
23581 10.325 LR999945.1 2307908
23716 28.86 LR999945.1 3683675
23737 25.464 LR999945.1 3965734
23740 27.737 LR999945.1 3981462
23750 27.737 LR999945.1 4050465
23758 27.737 LR999945.1 4083848
23789 28.86 LR999945.1 4318512
23806 32.31 LR999945.1 4425613
23820 33.434 LR999945.1 4519580
23837 33.434 LR999945.1 4631370
23845 33.434 LR999945.1 4694065
23872 33.434 LR999945.1 5343167
23893 35.707 LR999945.1 5454204
23899 35.707 LR999945.1 5727972
23928 35.707 LR999945.1 5755530
24000 40.361 LR999945.1 6402209
24052 41.485 LR999945.1 6969919
24053 41.485 LR999945.1 6970220
24063 42.609 LR999945.1 7304575
24072 42.609 LR999945.1 7304921
24088 43.732 LR999945.1 8019958
24113 43.732 LR999945.1 8311749
24145 48.387 LR999945.1 8896203
24195 48.387 LR999945.1 9978894
24221 48.387 LR999945.1 10434367
24264 51.836 LR999945.1 10731752
24267 52.96 LR999945.1 10914750
24275 52.96 LR999945.1 11013118
24281 52.96 LR999945.1 11071865
24285 52.96 LR999945.1 11084823
24294 54.084 LR999945.1 11311389
24309 56.357 LR999945.1 11364988
24363 56.357 LR999945.1 12071504
24388 57.48 LR999945.1 12439273
24393 57.48 LR999945.1 12611624
24430 58.604 LR999945.1 12762381
NA NA LR999945.1 12861081
NA NA LR999946.1 1
24453 0 LR999946.1 345845
24462 1.124 LR999946.1 470152
24476 0 LR999946.1 481111
24503 4.573 LR999946.1 1281504
24510 4.573 LR999946.1 1441480
24571 11.728 LR999946.1 2640513
24589 15.178 LR999946.1 3472204
24649 23.632 LR999946.1 4030132
24667 27.081 LR999946.1 4446895
24704 29.355 LR999946.1 5018689
24710 30.478 LR999946.1 5185796
24723 30.478 LR999946.1 5397946
24731 31.602 LR999946.1 5502712
24768 35.051 LR999946.1 6224202
24783 35.051 LR999946.1 6224720
24794 36.175 LR999946.1 6466548
24805 36.175 LR999946.1 6474228
24846 37.299 LR999946.1 6878028
24878 36.175 LR999946.1 7384977
24929 36.175 LR999946.1 7915175
24944 36.175 LR999946.1 8106053
24970 37.299 LR999946.1 8402390
24974 37.299 LR999946.1 8411966
24996 37.299 LR999946.1 8498118
25023 38.422 LR999946.1 8918164
25031 39.546 LR999946.1 9017302
25051 39.546 LR999946.1 9131947
25054 39.546 LR999946.1 9175319
25088 39.546 LR999946.1 9292832
25098 40.67 LR999946.1 9359398
25137 40.67 LR999946.1 9652662
25245 53.235 LR999946.1 11746948
25352 54.359 LR999946.1 12451368
NA NA LR999946.1 12594674
NA NA LR999947.1 1
25430 0 LR999947.1 929103
25435 0 LR999947.1 1053154
25446 1.124 LR999947.1 1282465
25461 1.124 LR999947.1 1315638
25522 10.911 LR999947.1 2305041
25558 13.184 LR999947.1 2871269
25576 13.184 LR999947.1 2994940
25595 15.457 LR999947.1 3644804
25609 15.457 LR999947.1 3862461
25618 16.581 LR999947.1 3979804
25632 17.704 LR999947.1 4196320
25668 17.704 LR999947.1 4612287
25702 18.828 LR999947.1 5232780
25728 19.952 LR999947.1 5829066
25762 29.739 LR999947.1 6584999
25775 30.863 LR999947.1 6718906
25807 33.136 LR999947.1 7090698
25841 33.136 LR999947.1 7554262
25858 33.136 LR999947.1 7795319
25902 34.259 LR999947.1 8050946
25957 38.914 LR999947.1 8883478
26070 43.568 LR999947.1 10267793
26104 44.692 LR999947.1 10733872
26179 49.347 LR999947.1 11612360
NA NA LR999947.1 11704087
NA NA LR999948.1 1
26314 0 LR999948.1 1511977
26369 8.454 LR999948.1 2674588
26441 11.903 LR999948.1 3255118
26451 11.903 LR999948.1 3408269
26497 15.353 LR999948.1 3986110
26526 15.353 LR999948.1 4110927
26545 15.353 LR999948.1 4304085
26557 15.353 LR999948.1 4403515
26570 15.353 LR999948.1 4640026
26589 17.626 LR999948.1 4933707
26633 23.515 LR999948.1 5872303
26638 24.639 LR999948.1 6015306
26659 25.763 LR999948.1 6614868
26680 26.886 LR999948.1 6823836
26699 26.886 LR999948.1 6825686
26728 31.433 LR999948.1 7346258
26761 31.433 LR999948.1 7686305
26773 31.433 LR999948.1 8117626
26818 31.433 LR999948.1 8648665
26850 29.159 LR999948.1 8689953
26902 38.588 LR999948.1 9842346
26928 45.743 LR999948.1 10438257
NA NA LR999948.1 11326783
NA NA LR999949.1 1
26976 0 LR999949.1 640727
27024 1.124 LR999949.1 1075423
27095 5.778 LR999949.1 2098998
27138 6.902 LR999949.1 2497930
27159 8.025 LR999949.1 2843240
27186 9.149 LR999949.1 2896549
27224 9.149 LR999949.1 3551026
27286 16.304 LR999949.1 4915596
27314 16.304 LR999949.1 5233578
27317 16.304 LR999949.1 5283888
27327 19.754 LR999949.1 5487488
27340 19.754 LR999949.1 5760167
27347 22.027 LR999949.1 6175835
27364 22.027 LR999949.1 6393758
27426 25.477 LR999949.1 7502966
NA NA LR999949.1 11199261
NA NA LR999950.1 1
27627 1.124 LR999950.1 216038
27640 1.124 LR999950.1 438916
27650 0 LR999950.1 494564
27659 2.247 LR999950.1 1288591
27669 6.902 LR999950.1 1579421
27690 8.025 LR999950.1 1970930
27740 9.149 LR999950.1 2193180
27759 9.149 LR999950.1 2360914
27793 15.038 LR999950.1 2813946
27800 15.038 LR999950.1 2888148
27838 15.038 LR999950.1 3315239
27851 15.038 LR999950.1 3365273
27854 17.311 LR999950.1 3591597
27881 18.435 LR999950.1 3754422
27882 18.435 LR999950.1 3754748
27887 18.435 LR999950.1 3765942
27898 25.448 LR999950.1 3837268
27936 25.448 LR999950.1 4234672
27962 24.324 LR999950.1 4338942
27974 28.897 LR999950.1 4654161
28032 30.021 LR999950.1 4894351
28050 30.021 LR999950.1 5258251
28067 31.145 LR999950.1 5536430
28142 33.418 LR999950.1 6345241
28153 33.418 LR999950.1 6432427
28201 38.072 LR999950.1 6913257
28259 42.727 LR999950.1 7142039
28267 42.727 LR999950.1 7250141
28273 43.85 LR999950.1 7368085
28299 43.85 LR999950.1 7401498
28318 43.85 LR999950.1 7438847
28345 46.124 LR999950.1 7881357
28373 51.902 LR999950.1 8604652
28397 51.902 LR999950.1 8707854
28409 50.778 LR999950.1 8977687
28425 50.778 LR999950.1 9027067
28443 51.902 LR999950.1 9205097
28448 51.902 LR999950.1 9228001
28455 53.025 LR999950.1 9290400
28470 53.025 LR999950.1 9515955
28484 54.149 LR999950.1 9854050
NA NA LR999950.1 9960137
NA NA LR999951.1 1
28518 1.124 LR999951.1 443573
28537 0 LR999951.1 515918
28558 1.124 LR999951.1 883940
28570 5.778 LR999951.1 1299997
28602 6.902 LR999951.1 1453115
28621 11.556 LR999951.1 1866452
28629 11.556 LR999951.1 1940816
28652 11.556 LR999951.1 2073472
28699 12.68 LR999951.1 2648539
28724 12.68 LR999951.1 2755568
28736 13.804 LR999951.1 2807139
28775 19.693 LR999951.1 3331261
28809 20.816 LR999951.1 3908254
28839 20.816 LR999951.1 4147146
28886 24.266 LR999951.1 4392201
28889 24.266 LR999951.1 4518109
28893 27.716 LR999951.1 4653555
29100 49.113 LR999951.1 7939388
29119 49.113 LR999951.1 8038121
29124 49.113 LR999951.1 8105480
29148 47.989 LR999951.1 8158972
29207 51.386 LR999951.1 9036381
29233 53.659 LR999951.1 9709145
NA NA LR999951.1 9839934
NA NA LR999952.1 1
29256 0 LR999952.1 361269
29265 0 LR999952.1 407813
29290 17.046 LR999952.1 1294468
29303 17.046 LR999952.1 1387410
29331 20.496 LR999952.1 2189444
29352 21.62 LR999952.1 2349169
29375 29.537 LR999952.1 2601579
29377 25.016 LR999952.1 2602076
29390 23.893 LR999952.1 2865377
29410 26.14 LR999952.1 3094553
29415 27.264 LR999952.1 3120905
29416 27.264 LR999952.1 3121242
29429 34.191 LR999952.1 3509969
29432 35.315 LR999952.1 3603466
29446 37.588 LR999952.1 3777361
29452 37.588 LR999952.1 3796065
29456 37.588 LR999952.1 3810278
29462 37.588 LR999952.1 3868915
29486 39.861 LR999952.1 4361213
29497 39.861 LR999952.1 4362398
29522 39.861 LR999952.1 4806918
29525 40.985 LR999952.1 4893474
29543 39.861 LR999952.1 4909367
29580 40.985 LR999952.1 5297199
29597 40.985 LR999952.1 5437243
29646 42.108 LR999952.1 6366982
29652 43.232 LR999952.1 7097082
29660 45.505 LR999952.1 7243877
29667 45.505 LR999952.1 7289368
NA NA LR999952.1 8262369
NA NA LR999953.1 1
29712 0 LR999953.1 162193
29734 2.273 LR999953.1 750231
29797 10.727 LR999953.1 1900921
29827 14.177 LR999953.1 2409680
29869 17.626 LR999953.1 3749805
29899 19.899 LR999953.1 5377506
29913 19.899 LR999953.1 5472090
29922 19.899 LR999953.1 5472571
29964 23.349 LR999953.1 5970445
29972 23.349 LR999953.1 6058644
29980 23.349 LR999953.1 6065705
NA NA LR999953.1 8178468
NA NA LR999954.1 1
30082 0 LR999954.1 633864
30116 11.157 LR999954.1 1862894
30139 15.811 LR999954.1 2584964
30204 22.966 LR999954.1 3309180
30216 27.54 LR999954.1 3635321
30221 24.09 LR999954.1 3766609
30247 32.194 LR999954.1 4583210
30291 36.849 LR999954.1 5430205
30301 41.503 LR999954.1 5913552
30312 43.776 LR999954.1 5969594
30317 47.226 LR999954.1 6110037
30334 49.499 LR999954.1 6926423
NA NA LR999954.1 7379297
NA NA LR999955.1 1
30415 5.723 LR999955.1 1937925
30442 0 LR999955.1 2321324
30487 6.847 LR999955.1 2626166
30493 6.847 LR999955.1 2775623
30531 3.45 LR999955.1 3380032
30549 11.501 LR999955.1 3942043
30560 11.501 LR999955.1 4120853
30576 19.955 LR999955.1 5307497
30597 25.844 LR999955.1 5580889
30610 25.844 LR999955.1 5583184
NA NA LR999955.1 6166334
