35294 41.166 LR999948.1 10438300
35311 41.166 LR999948.1 10732435
35252 40.055 LR999948.1 9842367
35256 40.055 LR999948.1 9842392
35258 40.055 LR999948.1 9842424
35223 40.055 LR999948.1 9528071
35254 40.055 LR999948.1 9842379
35145 38.944 LR999948.1 8648714
35081 38.944 LR999948.1 8117641
35082 38.944 LR999948.1 8117661
35065 38.944 LR999948.1 7686605
35066 38.944 LR999948.1 7686643
35064 38.944 LR999948.1 7686588
35151 38.944 LR999948.1 8648767
35026 38.944 LR999948.1 7346269
35142 38.944 LR999948.1 8648670
35084 38.944 LR999948.1 8117818
35217 37.833 LR999948.1 9527853
35174 37.833 LR999948.1 8689957
35175 37.833 LR999948.1 8690004
35177 37.833 LR999948.1 8690325
35176 37.833 LR999948.1 8690020
38698 35.609 LR999952.1 423128
38688 35.609 LR999952.1 422967
34992 34.498 LR999948.1 6825413
34983 34.498 LR999948.1 6823917
34996 34.498 LR999948.1 6837425
34977 34.498 LR999948.1 6823845
34980 34.498 LR999948.1 6823878
34956 33.386 LR999948.1 6614869
34948 33.386 LR999948.1 6579927
34925 32.275 LR999948.1 6015306
34922 32.275 LR999948.1 6015277
34929 32.275 LR999948.1 6015367
34923 32.275 LR999948.1 6015284
34928 32.275 LR999948.1 6015329
34926 32.275 LR999948.1 6015324
34927 32.275 LR999948.1 6015328
34924 32.275 LR999948.1 6015297
34914 31.164 LR999948.1 5872317
34854 25.585 LR999948.1 4933749
34853 25.585 LR999948.1 4933725
34877 25.585 LR999948.1 5099768
34857 25.585 LR999948.1 4933890
34859 25.585 LR999948.1 4933983
34858 25.585 LR999948.1 4933965
34830 23.361 LR999948.1 4640027
34800 23.361 LR999948.1 4304176
34763 23.361 LR999948.1 3986234
34781 23.361 LR999948.1 4110928
34752 23.361 LR999948.1 3986112
34814 23.361 LR999948.1 4403767
34593 21.138 LR999948.1 2790442
34681 20.026 LR999948.1 3408304
34718 20.026 LR999948.1 3487678
34679 20.026 LR999948.1 3408220
34680 20.026 LR999948.1 3408269
34715 20.026 LR999948.1 3487499
34678 20.026 LR999948.1 3408020
34666 20.026 LR999948.1 3255284
34665 20.026 LR999948.1 3255127
34716 20.026 LR999948.1 3487542
34717 20.026 LR999948.1 3487547
34584 16.688 LR999948.1 2674787
34464 12.232 LR999948.1 1459260
34463 12.232 LR999948.1 1459250
34465 12.232 LR999948.1 1459274
34461 12.232 LR999948.1 1459245
34462 12.232 LR999948.1 1459248
34517 8.894 LR999948.1 1788175
34520 8.894 LR999948.1 1788209
34476 8.894 LR999948.1 1512041
34475 8.894 LR999948.1 1512006
34515 8.894 LR999948.1 1788168
34518 8.894 LR999948.1 1788176
34516 8.894 LR999948.1 1788174
34519 8.894 LR999948.1 1788194
34522 8.894 LR999948.1 1788367
34473 8.894 LR999948.1 1511984
34521 8.894 LR999948.1 1788288
7721 7.782 LR999929.1 5754100
7724 7.782 LR999929.1 5754129
7723 7.782 LR999929.1 5754113
7722 6.671 LR999929.1 5754111
7714 6.671 LR999929.1 5754059
34381 4.447 LR999948.1 662419
34409 4.447 LR999948.1 851184
34382 4.447 LR999948.1 662496
34404 4.447 LR999948.1 851036
34359 2.224 LR999948.1 258937
34361 2.224 LR999948.1 258941
34357 2.224 LR999948.1 258911
34291 2.224 LR999948.1 230583
34297 2.224 LR999948.1 230750
34310 0 LR999948.1 249191
34321 0 LR999948.1 249298
34317 0 LR999948.1 249246
34320 0 LR999948.1 249269
