40382 20.059 LR999954.1 6956209
40375 16.721 LR999954.1 6926378
40372 16.721 LR999954.1 6926184
40378 16.721 LR999954.1 6926423
40352 15.61 LR999954.1 5969591
40263 14.498 LR999954.1 4583225
40318 14.498 LR999954.1 5279585
40262 14.498 LR999954.1 4583223
40264 14.498 LR999954.1 4583230
40311 14.498 LR999954.1 5279318
40150 7.792 LR999954.1 3309270
40151 7.792 LR999954.1 3309300
40154 7.792 LR999954.1 3309387
40067 3.335 LR999954.1 2627168
40111 2.224 LR999954.1 2803523
40138 2.224 LR999954.1 2914940
40130 2.224 LR999954.1 2914754
40136 2.224 LR999954.1 2914930
40141 2.224 LR999954.1 2914981
40131 2.224 LR999954.1 2914780
40128 2.224 LR999954.1 2914745
40142 2.224 LR999954.1 2915002
40054 2.224 LR999954.1 2584951
40104 0 LR999954.1 2803449
40133 0 LR999954.1 2914794
40105 0 LR999954.1 2803489
