39373 0 LR999953.1 162409
39370 0 LR999953.1 162349
39367 0 LR999953.1 162222
39372 0 LR999953.1 162407
39369 0 LR999953.1 162341
39371 0 LR999953.1 162392
39373 0 LR999953.1 162409
39368 0 LR999953.1 162337
39374 0 LR999953.1 162424
39366 0 LR999953.1 162210
39390 1.111 LR999953.1 750303
39389 2.223 LR999953.1 750299
39392 2.223 LR999953.1 750358
39388 2.223 LR999953.1 750263
39391 2.223 LR999953.1 750320
39455 10.064 LR999953.1 1900955
39420 10.064 LR999953.1 1609602
39459 10.064 LR999953.1 1901156
39519 13.402 LR999953.1 2410122
39504 13.402 LR999953.1 2409874
39510 13.402 LR999953.1 2410076
39518 13.402 LR999953.1 2410107
39517 13.402 LR999953.1 2410104
39514 13.402 LR999953.1 2410091
39506 13.402 LR999953.1 2410013
39497 13.402 LR999953.1 2409716
39499 13.402 LR999953.1 2409785
39625 15.626 LR999953.1 4126727
39537 16.737 LR999953.1 2988037
39566 16.737 LR999953.1 3355559
39606 16.737 LR999953.1 3850650
39571 16.737 LR999953.1 3355785
39709 18.961 LR999953.1 5472622
39690 18.961 LR999953.1 5377667
39697 18.961 LR999953.1 5472369
39688 18.961 LR999953.1 5377641
39678 18.961 LR999953.1 5377531
39682 18.961 LR999953.1 5377548
39677 18.961 LR999953.1 5377509
39706 18.961 LR999953.1 5472580
39643 18.961 LR999953.1 4694165
39585 18.961 LR999953.1 3565415
39693 18.961 LR999953.1 5472025
39708 18.961 LR999953.1 5472600
39707 18.961 LR999953.1 5472598
39781 21.185 LR999953.1 5970742
39798 22.296 LR999953.1 6058662
39779 22.296 LR999953.1 5970694
39810 22.296 LR999953.1 6065999
39773 22.296 LR999953.1 5970421
39808 22.296 LR999953.1 6065974
39811 22.296 LR999953.1 6066017
39777 22.296 LR999953.1 5970447
39799 22.296 LR999953.1 6058695
39782 23.407 LR999953.1 5970748
39834 33.544 LR999953.1 6250076
39839 33.544 LR999953.1 6250104
39831 33.544 LR999953.1 6250063
39836 33.544 LR999953.1 6250082
39832 33.544 LR999953.1 6250070
39899 43.681 LR999953.1 7981776
39901 43.681 LR999953.1 7981864
