10102 51.202 LR999930.1 13466467
10099 51.202 LR999930.1 13466403
10231 47.864 LR999930.1 14544309
10219 46.752 LR999930.1 14523466
10354 46.752 LR999930.1 15553313
10353 46.752 LR999930.1 15553059
10267 46.752 LR999930.1 14679645
10237 46.752 LR999930.1 14544407
10314 46.752 LR999930.1 15108210
10295 46.752 LR999930.1 14837747
10296 46.752 LR999930.1 14837768
10239 46.752 LR999930.1 14544462
10302 46.752 LR999930.1 14933919
10265 46.752 LR999930.1 14679614
10233 46.752 LR999930.1 14544372
10294 46.752 LR999930.1 14837743
10266 46.752 LR999930.1 14679616
10232 46.752 LR999930.1 14544367
10293 46.752 LR999930.1 14837528
10234 46.752 LR999930.1 14544381
10235 46.752 LR999930.1 14544385
10074 43.414 LR999930.1 13447204
38691 43.414 LR999952.1 423009
10120 43.414 LR999930.1 13622876
10109 43.414 LR999930.1 13477387
10107 43.414 LR999930.1 13477202
10055 43.414 LR999930.1 13338953
38695 43.414 LR999952.1 423038
10155 43.414 LR999930.1 13904696
10126 43.414 LR999930.1 13622932
10052 43.414 LR999930.1 13338753
10121 43.414 LR999930.1 13622905
10060 43.414 LR999930.1 13339034
10082 43.414 LR999930.1 13447362
10108 43.414 LR999930.1 13477313
10152 43.414 LR999930.1 13904628
10039 43.414 LR999930.1 13291663
10117 43.414 LR999930.1 13622847
10118 43.414 LR999930.1 13622856
9972 38.958 LR999930.1 12907246
9962 38.958 LR999930.1 12812574
9961 38.958 LR999930.1 12777539
9935 34.502 LR999930.1 12388608
9934 34.502 LR999930.1 12388567
9928 34.502 LR999930.1 12388329
9931 34.502 LR999930.1 12388379
9864 31.163 LR999930.1 11825663
9907 31.163 LR999930.1 12253093
9920 31.163 LR999930.1 12253289
9918 31.163 LR999930.1 12253270
9910 31.163 LR999930.1 12253164
9863 31.163 LR999930.1 11825625
9687 25.585 LR999930.1 10577918
9769 25.585 LR999930.1 11145340
9766 25.585 LR999930.1 11145300
9692 25.585 LR999930.1 10577986
9754 25.585 LR999930.1 11145143
9699 25.585 LR999930.1 10615207
9770 25.585 LR999930.1 11145352
9691 25.585 LR999930.1 10577969
9711 25.585 LR999930.1 10941427
9693 25.585 LR999930.1 10578239
9689 25.585 LR999930.1 10577927
9690 25.585 LR999930.1 10577932
9647 20.006 LR999930.1 9355417
9201 20.006 LR999930.1 5847665
9654 17.782 LR999930.1 9415697
9638 17.782 LR999930.1 9355322
9651 17.782 LR999930.1 9415544
9652 17.782 LR999930.1 9415565
9655 17.782 LR999930.1 9596903
9650 17.782 LR999930.1 9415542
9637 17.782 LR999930.1 9355319
9653 17.782 LR999930.1 9415613
9644 17.782 LR999930.1 9355378
9590 15.559 LR999930.1 9053786
9539 15.559 LR999930.1 8571639
9524 15.559 LR999930.1 8520946
9525 15.559 LR999930.1 8521092
9534 15.559 LR999930.1 8571602
9522 15.559 LR999930.1 8520933
9533 15.559 LR999930.1 8571596
9578 15.559 LR999930.1 9053606
9540 15.559 LR999930.1 8571651
9571 15.559 LR999930.1 9053538
9544 15.559 LR999930.1 8571745
9546 15.559 LR999930.1 8571853
9587 15.559 LR999930.1 9053724
9542 15.559 LR999930.1 8571670
9541 15.559 LR999930.1 8571661
9536 15.559 LR999930.1 8571609
9537 15.559 LR999930.1 8571611
9543 15.559 LR999930.1 8571680
9535 15.559 LR999930.1 8571603
9572 15.559 LR999930.1 9053545
9523 15.559 LR999930.1 8520934
9538 15.559 LR999930.1 8571615
9552 14.448 LR999930.1 8638323
9450 13.336 LR999930.1 7306618
9461 12.225 LR999930.1 7368943
9432 11.114 LR999930.1 7211614
9429 11.114 LR999930.1 7169435
9347 10.002 LR999930.1 6727695
9345 10.002 LR999930.1 6727630
9346 10.002 LR999930.1 6727689
9344 10.002 LR999930.1 6727624
9363 8.89100000000001 LR999930.1 6799052
9358 8.89100000000001 LR999930.1 6798991
9357 8.89100000000001 LR999930.1 6798985
9359 8.89100000000001 LR999930.1 6799000
9292 7.78 LR999930.1 6237366
9296 7.78 LR999930.1 6237388
9291 7.78 LR999930.1 6237360
9297 7.78 LR999930.1 6237389
9137 7.78 LR999930.1 4852023
9173 7.78 LR999930.1 5643986
9174 7.78 LR999930.1 5644008
9293 7.78 LR999930.1 6237377
9220 7.78 LR999930.1 6052802
9298 7.78 LR999930.1 6237455
9236 7.78 LR999930.1 6086114
9299 7.78 LR999930.1 6237471
9295 7.78 LR999930.1 6237381
9213 7.78 LR999930.1 5904819
9214 7.78 LR999930.1 5904862
9215 7.78 LR999930.1 5904923
9294 7.78 LR999930.1 6237378
9070 6.66800000000001 LR999930.1 3877741
9076 5.557 LR999930.1 3877890
9077 5.557 LR999930.1 3877923
9075 5.557 LR999930.1 3877831
9079 5.557 LR999930.1 3877946
9082 5.557 LR999930.1 3877984
9080 5.557 LR999930.1 3877952
9081 5.557 LR999930.1 3877962
9078 5.557 LR999930.1 3877927
9083 5.557 LR999930.1 3878006
9074 5.557 LR999930.1 3877819
9012 3.333 LR999930.1 3201463
8987 3.333 LR999930.1 2861502
9013 3.333 LR999930.1 3201519
9014 3.333 LR999930.1 3201543
8960 2.22200000000001 LR999930.1 2221713
8961 2.22200000000001 LR999930.1 2278876
8982 2.22200000000001 LR999930.1 2623457
8963 2.22200000000001 LR999930.1 2290462
8946 1.111 LR999930.1 1805755
8913 1.111 LR999930.1 1440959
8915 1.111 LR999930.1 1441116
8914 1.111 LR999930.1 1441075
8798 0 LR999930.1 298616
8832 0 LR999930.1 571449
8863 0 LR999930.1 1010101
8778 0 LR999930.1 173102
8802 0 LR999930.1 298690
8779 0 LR999930.1 173124
8769 0 LR999930.1 133328
8903 0 LR999930.1 1183527
8799 0 LR999930.1 298647
8859 0 LR999930.1 1009951
8852 0 LR999930.1 781668
8857 0 LR999930.1 781723
8784 0 LR999930.1 173290
8771 0 LR999930.1 133472
8785 0 LR999930.1 173301
8853 0 LR999930.1 781670
8855 0 LR999930.1 781701
8772 0 LR999930.1 133476
