8660 46.751 LR999929.1 14748922
8669 46.751 LR999929.1 14808123
8675 46.751 LR999929.1 14808354
8668 46.751 LR999929.1 14808098
8679 46.751 LR999929.1 14808400
8672 46.751 LR999929.1 14808148
8688 46.751 LR999929.1 15088678
8674 46.751 LR999929.1 14808342
8678 46.751 LR999929.1 14808377
8693 46.751 LR999929.1 15207268
8670 46.751 LR999929.1 14808126
8642 43.413 LR999929.1 14391837
8643 43.413 LR999929.1 14446914
8617 41.189 LR999929.1 14058725
8620 41.189 LR999929.1 14058755
8496 41.189 LR999929.1 13052625
8626 41.189 LR999929.1 14058765
8616 41.189 LR999929.1 14058721
8561 41.189 LR999929.1 13689535
8497 41.189 LR999929.1 13052626
8498 41.189 LR999929.1 13052627
8499 41.189 LR999929.1 13052630
8560 41.189 LR999929.1 13689508
8482 41.189 LR999929.1 13021961
8562 41.189 LR999929.1 13689536
8500 41.189 LR999929.1 13052818
8493 41.189 LR999929.1 13052621
8570 41.189 LR999929.1 13689816
8625 41.189 LR999929.1 14058763
8495 41.189 LR999929.1 13052624
8507 41.189 LR999929.1 13180191
8615 41.189 LR999929.1 14058591
8494 41.189 LR999929.1 13052623
8619 41.189 LR999929.1 14058753
8485 41.189 LR999929.1 13022023
8423 40.078 LR999929.1 12492254
8422 40.078 LR999929.1 12492202
8306 36.739 LR999929.1 11596872
8328 36.739 LR999929.1 11680095
8371 36.739 LR999929.1 12009062
8365 36.739 LR999929.1 11942004
8225 34.516 LR999929.1 10352801
8260 34.516 LR999929.1 10847461
8249 34.516 LR999929.1 10847328
7995 33.404 LR999929.1 8224999
7929 33.404 LR999929.1 7828631
8156 33.404 LR999929.1 9859096
8037 33.404 LR999929.1 8418838
8104 33.404 LR999929.1 9454305
7935 33.404 LR999929.1 7828663
8102 33.404 LR999929.1 9454107
8032 33.404 LR999929.1 8418728
8029 33.404 LR999929.1 8418706
8035 33.404 LR999929.1 8418812
8198 33.404 LR999929.1 9966129
8099 33.404 LR999929.1 9210529
7965 33.404 LR999929.1 8009879
7928 33.404 LR999929.1 7828616
8106 33.404 LR999929.1 9454405
7936 33.404 LR999929.1 7828679
7932 33.404 LR999929.1 7828655
7940 33.404 LR999929.1 7828903
8098 33.404 LR999929.1 9210507
7953 33.404 LR999929.1 7881881
8201 33.404 LR999929.1 9966285
7933 33.404 LR999929.1 7828657
8160 33.404 LR999929.1 9859342
8157 33.404 LR999929.1 9859115
7996 33.404 LR999929.1 8225009
8193 33.404 LR999929.1 9884101
8030 33.404 LR999929.1 8418711
8087 33.404 LR999929.1 9202173
8192 33.404 LR999929.1 9884096
7966 33.404 LR999929.1 8009921
8100 33.404 LR999929.1 9210547
8155 33.404 LR999929.1 9859074
8088 33.404 LR999929.1 9202214
7934 33.404 LR999929.1 7828659
8162 33.404 LR999929.1 9859352
8101 33.404 LR999929.1 9454077
8191 33.404 LR999929.1 9883934
7952 33.404 LR999929.1 7881722
8122 32.293 LR999929.1 9501401
8121 32.293 LR999929.1 9501328
8120 32.293 LR999929.1 9501326
8118 32.293 LR999929.1 9501307
8119 32.293 LR999929.1 9501322
8031 32.293 LR999929.1 8418713
7921 27.837 LR999929.1 7300221
7920 27.837 LR999929.1 7300163
7922 27.837 LR999929.1 7300235
7895 26.726 LR999929.1 7189820
7892 26.726 LR999929.1 7189719
7894 26.726 LR999929.1 7189813
7897 26.726 LR999929.1 7189838
7893 26.726 LR999929.1 7189738
7896 26.726 LR999929.1 7189836
7830 25.614 LR999929.1 6731824
7832 25.614 LR999929.1 6732039
7891 25.614 LR999929.1 7189716
7889 25.614 LR999929.1 7189675
7833 25.614 LR999929.1 6732047
7824 22.276 LR999929.1 6543220
7823 22.276 LR999929.1 6543175
7164 21.165 LR999929.1 574872
7711 20.054 LR999929.1 5664630
7772 20.054 LR999929.1 6048734
7639 20.054 LR999929.1 5391381
7792 20.054 LR999929.1 6176313
7578 20.054 LR999929.1 4883632
7651 20.054 LR999929.1 5628555
7643 20.054 LR999929.1 5391471
7710 20.054 LR999929.1 5664606
7696 20.054 LR999929.1 5664414
7788 20.054 LR999929.1 6070224
7652 20.054 LR999929.1 5628559
7580 20.054 LR999929.1 4883713
7650 20.054 LR999929.1 5628519
7653 20.054 LR999929.1 5628596
7626 20.054 LR999929.1 5311557
7654 20.054 LR999929.1 5628597
7655 20.054 LR999929.1 5628598
7627 20.054 LR999929.1 5311589
7637 20.054 LR999929.1 5391367
7656 20.054 LR999929.1 5628659
7791 20.054 LR999929.1 6176307
7638 20.054 LR999929.1 5391368
7579 20.054 LR999929.1 4883686
7596 18.942 LR999929.1 4943598
7548 17.831 LR999929.1 4562697
7550 17.831 LR999929.1 4562912
7547 17.831 LR999929.1 4562688
7460 16.72 LR999929.1 3558009
7502 16.72 LR999929.1 4042440
7528 16.72 LR999929.1 4281624
7463 16.72 LR999929.1 3558272
7504 16.72 LR999929.1 4042484
7501 16.72 LR999929.1 4042434
7514 16.72 LR999929.1 4095486
7462 16.72 LR999929.1 3558262
7507 16.72 LR999929.1 4042526
7469 15.608 LR999929.1 3754955
7472 15.608 LR999929.1 3755301
7429 8.902 LR999929.1 3050506
7223 8.902 LR999929.1 1483832
7371 7.79 LR999929.1 2299296
7271 7.79 LR999929.1 1724434
7369 7.79 LR999929.1 2267839
7370 7.79 LR999929.1 2267850
7269 7.79 LR999929.1 1724333
7409 7.79 LR999929.1 2691370
7229 6.67899999999999 LR999929.1 1484060
7243 5.568 LR999929.1 1593830
7127 1.11199999999999 LR999929.1 74236
7120 1.11199999999999 LR999929.1 74157
7128 1.11199999999999 LR999929.1 74375
7124 1.11199999999999 LR999929.1 74219
7126 1.11199999999999 LR999929.1 74226
7122 1.11199999999999 LR999929.1 74207
7125 1.11199999999999 LR999929.1 74220
7131 0 LR999929.1 74415
7134 0 LR999929.1 74473
7133 0 LR999929.1 74448
