40730 52.414 LR999955.1 4163458
17277 52.414 LR999935.1 5905480
40733 52.414 LR999955.1 4163637
16331 50.19 LR999934.1 11011397
16329 50.19 LR999934.1 11011360
17275 50.19 LR999935.1 5905444
13584 49.079 LR999932.1 15354547
13494 49.079 LR999932.1 14249001
13484 49.079 LR999932.1 14207900
13491 49.079 LR999932.1 14248788
13524 49.079 LR999932.1 14412119
13493 49.079 LR999932.1 14248959
19851 49.079 LR999936.1 13584331
13486 49.079 LR999932.1 14208086
13528 49.079 LR999932.1 14412203
13521 49.079 LR999932.1 14412000
13490 49.079 LR999932.1 14248786
13523 49.079 LR999932.1 14412115
8473 49.079 LR999929.1 12909216
13522 49.079 LR999932.1 14412107
13489 49.079 LR999932.1 14248774
13492 49.079 LR999932.1 14248799
8475 49.079 LR999929.1 12909248
13525 49.079 LR999932.1 14412122
19849 49.079 LR999936.1 13584300
13475 47.968 LR999932.1 14197112
13474 47.968 LR999932.1 14197076
13472 47.968 LR999932.1 14197052
13477 47.968 LR999932.1 14197251
13454 45.744 LR999932.1 13778041
13462 45.744 LR999932.1 13891304
13453 45.744 LR999932.1 13778019
13271 39.037 LR999932.1 11784171
13270 39.037 LR999932.1 11784161
13272 39.037 LR999932.1 11784183
13273 39.037 LR999932.1 11784197
13269 39.037 LR999932.1 11784157
13159 37.926 LR999932.1 11046290
13164 37.926 LR999932.1 11046372
13275 37.926 LR999932.1 11784200
13157 37.926 LR999932.1 11046220
13088 37.926 LR999932.1 10629199
13079 37.926 LR999932.1 10628919
13165 37.926 LR999932.1 11046377
13166 37.926 LR999932.1 11046396
13158 37.926 LR999932.1 11046236
13268 37.926 LR999932.1 11784150
13156 37.926 LR999932.1 11046218
13163 37.926 LR999932.1 11046357
13083 37.926 LR999932.1 10629002
13262 37.926 LR999932.1 11784087
13265 37.926 LR999932.1 11784104
13263 37.926 LR999932.1 11784095
13259 37.926 LR999932.1 11784076
13092 37.926 LR999932.1 10642111
13091 37.926 LR999932.1 10629250
13277 37.926 LR999932.1 11784224
13261 37.926 LR999932.1 11784084
13398 36.815 LR999932.1 13146139
13197 36.815 LR999932.1 11390795
13209 36.815 LR999932.1 11432639
13186 36.815 LR999932.1 11390600
13160 36.815 LR999932.1 11046316
13199 36.815 LR999932.1 11390802
13216 36.815 LR999932.1 11432712
13201 36.815 LR999932.1 11390820
13196 36.815 LR999932.1 11390793
13188 36.815 LR999932.1 11390603
13204 36.815 LR999932.1 11432609
13219 36.815 LR999932.1 11432742
13220 36.815 LR999932.1 11432747
13221 36.815 LR999932.1 11432759
13200 36.815 LR999932.1 11390813
13212 36.815 LR999932.1 11432686
13538 36.815 LR999932.1 14617605
13312 36.815 LR999932.1 11951975
13311 36.815 LR999932.1 11951968
13162 36.815 LR999932.1 11046349
13187 36.815 LR999932.1 11390602
13202 36.815 LR999932.1 11390822
13193 36.815 LR999932.1 11390659
13215 36.815 LR999932.1 11432706
13194 36.815 LR999932.1 11390769
13206 36.815 LR999932.1 11432619
13208 36.815 LR999932.1 11432637
13207 36.815 LR999932.1 11432621
13117 36.815 LR999932.1 10875245
13218 36.815 LR999932.1 11432724
13189 36.815 LR999932.1 11390613
13185 36.815 LR999932.1 11390598
13205 36.815 LR999932.1 11432616
13195 36.815 LR999932.1 11390775
13116 36.815 LR999932.1 10875238
19488 36.815 LR999936.1 10381607
13192 36.815 LR999932.1 11390654
13190 36.815 LR999932.1 11390631
13070 36.815 LR999932.1 10563018
13210 36.815 LR999932.1 11432644
13181 36.815 LR999932.1 11116499
13211 36.815 LR999932.1 11432669
13264 36.815 LR999932.1 11784102
13217 36.815 LR999932.1 11432717
13223 36.815 LR999932.1 11432795
13115 36.815 LR999932.1 10875237
13213 36.815 LR999932.1 11432695
12967 35.704 LR999932.1 9554703
12956 35.704 LR999932.1 9547968
12968 35.704 LR999932.1 9554724
12924 34.592 LR999932.1 9304065
12854 34.592 LR999932.1 8215607
12861 34.592 LR999932.1 8464612
12903 34.592 LR999932.1 8918145
12860 34.592 LR999932.1 8464608
12911 34.592 LR999932.1 9072586
12865 34.592 LR999932.1 8464704
12908 34.592 LR999932.1 9072326
12922 34.592 LR999932.1 9303936
12945 34.592 LR999932.1 9373521
12796 33.481 LR999932.1 7591888
12725 33.481 LR999932.1 6349896
12654 33.481 LR999932.1 6181405
12717 33.481 LR999932.1 6349727
12802 33.481 LR999932.1 7591937
12801 33.481 LR999932.1 7591934
12721 33.481 LR999932.1 6349804
12724 33.481 LR999932.1 6349871
12723 33.481 LR999932.1 6349823
12722 33.481 LR999932.1 6349820
12657 33.481 LR999932.1 6181546
12649 33.481 LR999932.1 6082986
12808 33.481 LR999932.1 7592228
12800 33.481 LR999932.1 7591933
12648 33.481 LR999932.1 6082963
12797 33.481 LR999932.1 7591895
12718 33.481 LR999932.1 6349728
12720 33.481 LR999932.1 6349798
12653 33.481 LR999932.1 6181400
12656 33.481 LR999932.1 6181516
12691 33.481 LR999932.1 6255182
12689 33.481 LR999932.1 6255153
12719 33.481 LR999932.1 6349749
12687 33.481 LR999932.1 6255143
12805 33.481 LR999932.1 7592144
13042 33.481 LR999932.1 10357939
12781 33.481 LR999932.1 7366112
12650 33.481 LR999932.1 6082996
12641 32.37 LR999932.1 6007716
12617 32.37 LR999932.1 6007169
12529 32.37 LR999932.1 5165775
12643 32.37 LR999932.1 6007768
12535 32.37 LR999932.1 5166066
12531 32.37 LR999932.1 5165818
12613 32.37 LR999932.1 6007129
12618 32.37 LR999932.1 6007292
12530 32.37 LR999932.1 5165791
12616 32.37 LR999932.1 6007154
12642 32.37 LR999932.1 6007743
12579 32.37 LR999932.1 5668348
12619 32.37 LR999932.1 6007318
12580 32.37 LR999932.1 5668371
12576 32.37 LR999932.1 5668300
12637 32.37 LR999932.1 6007666
12631 32.37 LR999932.1 6007459
12574 32.37 LR999932.1 5668262
12534 32.37 LR999932.1 5165834
12528 32.37 LR999932.1 5165770
12623 32.37 LR999932.1 6007331
12614 32.37 LR999932.1 6007145
12583 32.37 LR999932.1 5668518
12615 32.37 LR999932.1 6007148
12533 32.37 LR999932.1 5165824
12532 32.37 LR999932.1 5165819
12639 32.37 LR999932.1 6007681
12505 32.37 LR999932.1 4608025
12477 31.258 LR999932.1 4429316
12478 31.258 LR999932.1 4429321
12479 31.258 LR999932.1 4429428
12552 30.147 LR999932.1 5371856
12551 30.147 LR999932.1 5371808
12275 24.568 LR999932.1 2956078
12340 23.457 LR999932.1 3447358
12274 23.457 LR999932.1 2955899
12367 23.457 LR999932.1 3599586
12233 22.346 LR999932.1 2638037
12234 22.346 LR999932.1 2638066
12235 22.346 LR999932.1 2638311
12225 21.235 LR999932.1 2619935
12226 21.235 LR999932.1 2619977
12156 12.25 LR999932.1 1820179
12157 12.25 LR999932.1 1820185
12142 11.139 LR999932.1 1724349
12085 11.139 LR999932.1 1465541
12144 11.139 LR999932.1 1724528
12083 11.139 LR999932.1 1465496
12143 11.139 LR999932.1 1724356
12032 7.801 LR999932.1 1141032
12028 7.801 LR999932.1 1140953
12033 7.801 LR999932.1 1141136
12029 7.801 LR999932.1 1140974
12065 7.801 LR999932.1 1288709
12014 6.689 LR999932.1 819881
12012 6.689 LR999932.1 819695
12007 6.689 LR999932.1 819666
12002 1.111 LR999932.1 777493
12003 0 LR999932.1 777764
11995 0 LR999932.1 777404
12004 0 LR999932.1 777780
11993 0 LR999932.1 777387
11997 0 LR999932.1 777436
11996 0 LR999932.1 777429
