27864 0 LR999943.1 837738
27865 0 LR999943.1 837739
27866 0 LR999943.1 837759
27846 1.111 LR999943.1 814754
27788 1.111 LR999943.1 412399
27787 1.111 LR999943.1 412381
27912 2.223 LR999943.1 1029492
27836 2.223 LR999943.1 644294
27899 2.223 LR999943.1 1029258
27909 2.223 LR999943.1 1029460
27911 2.223 LR999943.1 1029468
27908 2.223 LR999943.1 1029439
27828 2.223 LR999943.1 475183
27781 2.223 LR999943.1 412218
27780 2.223 LR999943.1 412194
27775 2.223 LR999943.1 412151
27779 2.223 LR999943.1 412182
27826 2.223 LR999943.1 475136
27777 2.223 LR999943.1 412162
27774 2.223 LR999943.1 412145
27821 2.223 LR999943.1 474974
27907 2.223 LR999943.1 1029429
27893 2.223 LR999943.1 1021188
27920 2.223 LR999943.1 1299682
27900 2.223 LR999943.1 1029259
27817 2.223 LR999943.1 474956
27885 2.223 LR999943.1 941954
27791 2.223 LR999943.1 412451
27906 2.223 LR999943.1 1029376
27782 2.223 LR999943.1 412331
27789 2.223 LR999943.1 412400
27776 2.223 LR999943.1 412153
27903 2.223 LR999943.1 1029303
27818 2.223 LR999943.1 474957
27880 2.223 LR999943.1 941745
27837 2.223 LR999943.1 644319
27827 2.223 LR999943.1 475151
27881 2.223 LR999943.1 941797
27901 2.223 LR999943.1 1029274
27933 5.561 LR999943.1 1426186
28035 6.672 LR999943.1 2185343
28034 6.672 LR999943.1 2185316
27961 6.672 LR999943.1 1587903
28033 6.672 LR999943.1 2185306
28079 7.783 LR999943.1 2615343
8134 7.783 LR999929.1 9575889
8139 7.783 LR999929.1 9575935
28290 10.007 LR999943.1 3798803
28272 10.007 LR999943.1 3272669
28291 10.007 LR999943.1 3798853
28295 10.007 LR999943.1 3798918
28263 11.118 LR999943.1 3246125
28264 11.118 LR999943.1 3246126
28218 11.118 LR999943.1 3015611
28293 11.118 LR999943.1 3798899
28256 11.118 LR999943.1 3245876
28216 11.118 LR999943.1 3015602
28257 11.118 LR999943.1 3245878
28259 11.118 LR999943.1 3246054
28261 11.118 LR999943.1 3246066
28258 11.118 LR999943.1 3246052
28262 11.118 LR999943.1 3246120
28292 11.118 LR999943.1 3798855
28255 11.118 LR999943.1 3245871
28260 11.118 LR999943.1 3246064
28421 13.342 LR999943.1 4470764
28361 13.342 LR999943.1 4320061
28389 13.342 LR999943.1 4362943
28343 13.342 LR999943.1 4130030
28338 13.342 LR999943.1 4129903
28419 13.342 LR999943.1 4470699
28331 13.342 LR999943.1 4129819
28382 13.342 LR999943.1 4362823
28383 13.342 LR999943.1 4362865
28399 13.342 LR999943.1 4363217
28376 13.342 LR999943.1 4362733
28358 13.342 LR999943.1 4319851
28417 13.342 LR999943.1 4470685
28360 13.342 LR999943.1 4320040
28423 13.342 LR999943.1 4470785
28359 13.342 LR999943.1 4320037
28415 13.342 LR999943.1 4470680
28436 14.453 LR999943.1 4787266
28445 14.453 LR999943.1 4908152
28439 14.453 LR999943.1 4787404
28444 14.453 LR999943.1 4908151
28434 14.453 LR999943.1 4787222
28435 14.453 LR999943.1 4787237
28474 14.453 LR999943.1 5394850
28475 14.453 LR999943.1 5394856
28446 14.453 LR999943.1 4908170
28440 14.453 LR999943.1 4787428
28468 15.565 LR999943.1 5340068
28494 15.565 LR999943.1 5708641
28496 15.565 LR999943.1 5708907
28490 15.565 LR999943.1 5708548
28493 15.565 LR999943.1 5708637
28492 15.565 LR999943.1 5708559
28491 15.565 LR999943.1 5708554
28555 20.021 LR999943.1 6760279
28548 20.021 LR999943.1 6683492
28569 20.021 LR999943.1 6968692
28553 20.021 LR999943.1 6760207
28563 20.021 LR999943.1 6822622
28547 20.021 LR999943.1 6683423
28589 22.245 LR999943.1 7273746
28600 22.245 LR999943.1 7342554
28588 22.245 LR999943.1 7273669
28601 22.245 LR999943.1 7342562
28606 22.245 LR999943.1 7342795
28599 22.245 LR999943.1 7342541
28594 23.356 LR999943.1 7322657
28781 24.467 LR999943.1 8506662
28625 25.578 LR999943.1 7541788
28626 25.578 LR999943.1 7541793
28630 25.578 LR999943.1 7541880
28629 25.578 LR999943.1 7541856
28666 26.69 LR999943.1 7797731
28748 26.69 LR999943.1 8279394
28760 26.69 LR999943.1 8343661
28742 26.69 LR999943.1 8279294
28761 26.69 LR999943.1 8343687
28741 26.69 LR999943.1 8229858
28667 26.69 LR999943.1 7797818
28665 26.69 LR999943.1 7797730
28749 26.69 LR999943.1 8279423
28686 26.69 LR999943.1 7813497
28671 26.69 LR999943.1 7797865
28747 26.69 LR999943.1 8279364
28858 28.913 LR999943.1 9061101
28821 28.913 LR999943.1 9012233
28828 28.913 LR999943.1 9012282
28857 28.913 LR999943.1 9061100
28826 28.913 LR999943.1 9012274
28859 28.913 LR999943.1 9061149
28864 30.025 LR999943.1 9219245
28863 30.025 LR999943.1 9087071
28871 32.248 LR999943.1 9350733
28868 32.248 LR999943.1 9350721
28872 32.248 LR999943.1 9350780
28964 33.36 LR999943.1 9894147
28943 33.36 LR999943.1 9866088
28956 33.36 LR999943.1 9893893
28983 34.471 LR999943.1 10497908
28984 34.471 LR999943.1 10497934
28982 34.471 LR999943.1 10497890
28979 34.471 LR999943.1 10497811
28981 34.471 LR999943.1 10497884
29049 35.582 LR999943.1 11397747
29047 35.582 LR999943.1 11397736
29045 35.582 LR999943.1 11397708
29041 35.582 LR999943.1 11397601
29050 35.582 LR999943.1 11397767
29048 35.582 LR999943.1 11397743
29073 36.694 LR999943.1 11567034
29075 36.694 LR999943.1 11567050
29077 36.694 LR999943.1 11567060
29081 36.694 LR999943.1 11567137
29079 36.694 LR999943.1 11567103
29116 37.805 LR999943.1 12339876
29098 37.805 LR999943.1 11792643
29099 37.805 LR999943.1 11792680
29100 37.805 LR999943.1 11792683
29088 41.143 LR999943.1 11765941
29087 41.143 LR999943.1 11765892
29193 47.85 LR999943.1 12936456
29227 47.85 LR999943.1 13149553
29196 47.85 LR999943.1 12936748
29231 47.85 LR999943.1 13149596
29231 48.961 LR999943.1 13149596
29229 48.961 LR999943.1 13149571
29230 48.961 LR999943.1 13149586
29224 48.961 LR999943.1 13149545
29226 48.961 LR999943.1 13149549
29236 50.072 LR999943.1 13149702
29223 50.072 LR999943.1 13149533
29234 50.072 LR999943.1 13149688
