40532 0 LR999955.1 1937938
40543 0 LR999955.1 2141850
40541 0 LR999955.1 2141839
40547 0 LR999955.1 2141927
40580 0 LR999955.1 2321275
40542 0 LR999955.1 2141845
40545 0 LR999955.1 2141898
40548 0 LR999955.1 2142031
40546 0 LR999955.1 2141926
40544 0 LR999955.1 2141882
40601 1.111 LR999955.1 2366984
40613 2.223 LR999955.1 2367196
40626 2.223 LR999955.1 2367257
40612 2.223 LR999955.1 2367192
40619 2.223 LR999955.1 2367224
40607 4.446 LR999955.1 2367175
40652 4.446 LR999955.1 2775770
40621 4.446 LR999955.1 2367235
40638 4.446 LR999955.1 2626403
40649 4.446 LR999955.1 2775632
40640 4.446 LR999955.1 2626424
40622 4.446 LR999955.1 2367236
40656 4.446 LR999955.1 2775844
40654 4.446 LR999955.1 2775842
40650 4.446 LR999955.1 2775740
30250 5.558 LR999944.1 10674823
30270 5.558 LR999944.1 10675175
30255 5.558 LR999944.1 10674863
40695 5.558 LR999955.1 3379999
30262 5.558 LR999944.1 10675117
30261 5.558 LR999944.1 10675112
40698 5.558 LR999955.1 3380049
40696 5.558 LR999955.1 3380032
30253 5.558 LR999944.1 10674840
40717 8.896 LR999955.1 3942058
40725 8.896 LR999955.1 4120853
40760 21.371 LR999955.1 5049968
40792 22.482 LR999955.1 5580672
40800 22.482 LR999955.1 5580980
40803 22.482 LR999955.1 5583001
40806 22.482 LR999955.1 5583145
40807 22.482 LR999955.1 5583184
