10470 0 LR999931.1 592940
10470 0 LR999931.1 592940
10468 0 LR999931.1 592899
10469 0 LR999931.1 592902
10370 0 LR999931.1 255052
10476 0 LR999931.1 618056
10472 0 LR999931.1 592971
10441 0 LR999931.1 290619
10599 1.111 LR999931.1 1494447
10516 2.223 LR999931.1 928102
10604 3.334 LR999931.1 1494721
10611 3.334 LR999931.1 1499096
10655 3.334 LR999931.1 2103474
10610 3.334 LR999931.1 1499072
10609 3.334 LR999931.1 1498872
10657 3.334 LR999931.1 2103510
10667 3.334 LR999931.1 2103640
10602 3.334 LR999931.1 1494472
10687 3.334 LR999931.1 2241343
10686 3.334 LR999931.1 2241286
10659 3.334 LR999931.1 2103520
10681 3.334 LR999931.1 2241239
10689 3.334 LR999931.1 2241348
10680 3.334 LR999931.1 2241214
10665 3.334 LR999931.1 2103631
10666 3.334 LR999931.1 2103633
10668 3.334 LR999931.1 2103643
10658 3.334 LR999931.1 2103511
10660 3.334 LR999931.1 2103604
10656 3.334 LR999931.1 2103507
10688 3.334 LR999931.1 2241344
10669 3.334 LR999931.1 2103644
10664 3.334 LR999931.1 2103628
10663 3.334 LR999931.1 2103622
10670 3.334 LR999931.1 2103656
10710 4.445 LR999931.1 2376436
10713 4.445 LR999931.1 2376638
10723 5.556 LR999931.1 2625158
10737 5.556 LR999931.1 2680495
10743 5.556 LR999931.1 2687317
10722 5.556 LR999931.1 2625064
10739 5.556 LR999931.1 2687307
10742 5.556 LR999931.1 2687314
10756 8.895 LR999931.1 2844843
10757 8.895 LR999931.1 2980569
10788 12.233 LR999931.1 3101548
10860 15.571 LR999931.1 4038822
10861 15.571 LR999931.1 4038824
10864 15.571 LR999931.1 4038867
10865 15.571 LR999931.1 4039120
10929 16.683 LR999931.1 4576062
10938 16.683 LR999931.1 4748501
10943 16.683 LR999931.1 4748520
10937 16.683 LR999931.1 4748494
10944 16.683 LR999931.1 4748524
10940 16.683 LR999931.1 4748504
10939 16.683 LR999931.1 4748502
10818 18.906 LR999931.1 3479681
10846 20.018 LR999931.1 3931954
10847 20.018 LR999931.1 3932103
10913 20.018 LR999931.1 4436893
10911 20.018 LR999931.1 4436847
10875 20.018 LR999931.1 4128500
10910 20.018 LR999931.1 4436846
10903 20.018 LR999931.1 4436596
10912 20.018 LR999931.1 4436877
10876 20.018 LR999931.1 4128586
10984 23.356 LR999931.1 5590797
10993 23.356 LR999931.1 5591119
11008 24.467 LR999931.1 5868468
11013 24.467 LR999931.1 5868664
11012 24.467 LR999931.1 5868483
11007 24.467 LR999931.1 5868467
11011 24.467 LR999931.1 5868480
10996 25.578 LR999931.1 5836976
11000 25.578 LR999931.1 5837071
11014 25.578 LR999931.1 5868778
11038 31.157 LR999931.1 6389587
11036 31.157 LR999931.1 6389471
11048 32.268 LR999931.1 6750042
11056 33.38 LR999931.1 7124375
11055 33.38 LR999931.1 7124370
11061 33.38 LR999931.1 7124671
11060 33.38 LR999931.1 7124612
11054 33.38 LR999931.1 7124363
11059 33.38 LR999931.1 7124576
11058 33.38 LR999931.1 7124573
11057 33.38 LR999931.1 7124389
11068 34.491 LR999931.1 7236053
11156 35.602 LR999931.1 8060020
11136 35.602 LR999931.1 8006028
11130 35.602 LR999931.1 8005851
11157 35.602 LR999931.1 8060061
11129 35.602 LR999931.1 8005843
11131 35.602 LR999931.1 8005886
11158 35.602 LR999931.1 8060253
11161 35.602 LR999931.1 8060301
11162 35.602 LR999931.1 8060305
11096 35.602 LR999931.1 7723419
11097 35.602 LR999931.1 7723448
11134 35.602 LR999931.1 8006026
11128 35.602 LR999931.1 8005841
11094 35.602 LR999931.1 7723392
11127 35.602 LR999931.1 8005840
11163 35.602 LR999931.1 8060310
11160 35.602 LR999931.1 8060289
11118 35.602 LR999931.1 7960484
11133 35.602 LR999931.1 8006025
5783 36.714 LR999928.1 4065210
11340 37.825 LR999931.1 9749562
11504 37.825 LR999931.1 11818490
11209 37.825 LR999931.1 8631344
11231 37.825 LR999931.1 8887945
11569 37.825 LR999931.1 12455428
19552 37.825 LR999936.1 10930334
11307 37.825 LR999931.1 9608878
11261 37.825 LR999931.1 9221347
19551 37.825 LR999936.1 10930326
19549 37.825 LR999936.1 10930283
11353 37.825 LR999931.1 9802796
11242 37.825 LR999931.1 9063211
19553 37.825 LR999936.1 10930336
11352 37.825 LR999931.1 9802772
11188 37.825 LR999931.1 8522953
11351 37.825 LR999931.1 9802765
11346 37.825 LR999931.1 9749821
11568 37.825 LR999931.1 12455426
11570 37.825 LR999931.1 12455474
11243 37.825 LR999931.1 9063288
11320 37.825 LR999931.1 9709266
11344 37.825 LR999931.1 9749775
11225 37.825 LR999931.1 8882635
11318 37.825 LR999931.1 9709057
11305 37.825 LR999931.1 9608835
11802 38.936 LR999931.1 13791859
11374 41.16 LR999931.1 10079718
11388 41.16 LR999931.1 10080109
11371 41.16 LR999931.1 10018017
11478 41.16 LR999931.1 11454183
11464 41.16 LR999931.1 11325477
11391 41.16 LR999931.1 10080231
11377 41.16 LR999931.1 10079931
29679 41.16 LR999944.1 6892817
11369 41.16 LR999931.1 10017972
11370 41.16 LR999931.1 10017973
11482 41.16 LR999931.1 11454370
11438 41.16 LR999931.1 10856433
11533 41.16 LR999931.1 12034966
11367 41.16 LR999931.1 10017932
11427 41.16 LR999931.1 10380925
11532 41.16 LR999931.1 12034949
11446 41.16 LR999931.1 10856519
11380 41.16 LR999931.1 10079985
11534 41.16 LR999931.1 12035002
11401 41.16 LR999931.1 10081920
11443 41.16 LR999931.1 10856501
11394 41.16 LR999931.1 10080289
11368 41.16 LR999931.1 10017969
11396 41.16 LR999931.1 10080318
11433 41.16 LR999931.1 10382660
11445 41.16 LR999931.1 10856515
11436 41.16 LR999931.1 10856406
11444 41.16 LR999931.1 10856502
11393 41.16 LR999931.1 10080270
11432 41.16 LR999931.1 10382586
11486 41.16 LR999931.1 11454432
11440 41.16 LR999931.1 10856453
11791 42.271 LR999931.1 13791605
11736 42.271 LR999931.1 13384396
11753 42.271 LR999931.1 13400312
11795 42.271 LR999931.1 13791643
11583 42.271 LR999931.1 12586811
11789 42.271 LR999931.1 13791603
11790 42.271 LR999931.1 13791604
5784 42.271 LR999928.1 4065231
11582 42.271 LR999931.1 12586701
11637 42.271 LR999931.1 12734789
11751 42.271 LR999931.1 13400289
11721 42.271 LR999931.1 13377352
11707 42.271 LR999931.1 13227044
11655 42.271 LR999931.1 12928005
11541 42.271 LR999931.1 12094032
11744 42.271 LR999931.1 13389251
11792 42.271 LR999931.1 13791610
11540 42.271 LR999931.1 12094022
11750 42.271 LR999931.1 13400288
11745 42.271 LR999931.1 13389284
11722 42.271 LR999931.1 13377385
11752 42.271 LR999931.1 13400299
11737 42.271 LR999931.1 13384449
11549 42.271 LR999931.1 12094251
11589 42.271 LR999931.1 12587619
11775 42.271 LR999931.1 13767124
11798 42.271 LR999931.1 13791661
11754 42.271 LR999931.1 13400584
11708 42.271 LR999931.1 13227054
11787 42.271 LR999931.1 13791599
11709 42.271 LR999931.1 13315122
11588 42.271 LR999931.1 12587609
11723 42.271 LR999931.1 13377386
11821 43.382 LR999931.1 13937180
11677 43.382 LR999931.1 13007021
11681 43.382 LR999931.1 13007050
11825 43.382 LR999931.1 13937373
11887 43.382 LR999931.1 15037626
11935 44.494 LR999931.1 15319163
11614 44.494 LR999931.1 12734436
11936 44.494 LR999931.1 15330246
11970 44.494 LR999931.1 15455331
11915 44.494 LR999931.1 15121156
11979 44.494 LR999931.1 15456289
