1753 47.819 LR999925.1 16164499
1699 47.819 LR999925.1 15478290
1778 47.819 LR999925.1 16215228
1732 46.708 LR999925.1 15927458
1590 46.708 LR999925.1 14634001
1688 46.708 LR999925.1 15319890
1611 46.708 LR999925.1 14670985
1642 46.708 LR999925.1 14965007
1726 46.708 LR999925.1 15927384
1658 46.708 LR999925.1 14965360
1659 46.708 LR999925.1 14965387
1727 46.708 LR999925.1 15927400
1684 46.708 LR999925.1 15319826
1682 46.708 LR999925.1 15319821
1610 46.708 LR999925.1 14670955
1731 46.708 LR999925.1 15927457
1613 46.708 LR999925.1 14706331
1683 46.708 LR999925.1 15319823
1687 46.708 LR999925.1 15319884
1637 46.708 LR999925.1 14964978
1686 46.708 LR999925.1 15319878
1677 46.708 LR999925.1 15188325
1661 46.708 LR999925.1 14965433
1733 46.708 LR999925.1 15927473
1689 46.708 LR999925.1 15319898
1667 46.708 LR999925.1 15187973
1666 46.708 LR999925.1 15187795
1669 46.708 LR999925.1 15187995
1729 46.708 LR999925.1 15927427
1685 46.708 LR999925.1 15319871
1735 46.708 LR999925.1 15927514
1527 45.596 LR999925.1 13713800
1526 45.596 LR999925.1 13713730
1525 45.596 LR999925.1 13713580
1575 45.596 LR999925.1 14146267
1580 45.596 LR999925.1 14229110
1583 45.596 LR999925.1 14229286
1507 45.596 LR999925.1 13551849
1521 45.596 LR999925.1 13713514
1489 45.596 LR999925.1 13425291
1524 45.596 LR999925.1 13713562
1505 45.596 LR999925.1 13551801
1523 45.596 LR999925.1 13713548
1488 45.596 LR999925.1 13425243
1563 45.596 LR999925.1 13952828
1467 44.485 LR999925.1 13274969
1465 44.485 LR999925.1 13274905
1464 44.485 LR999925.1 13274733
1429 44.485 LR999925.1 13113948
1466 44.485 LR999925.1 13274916
1455 44.485 LR999925.1 13274230
1391 43.374 LR999925.1 12951223
1415 43.374 LR999925.1 13051124
1395 43.374 LR999925.1 12951460
1413 43.374 LR999925.1 13051014
1442 43.374 LR999925.1 13212532
1414 43.374 LR999925.1 13051100
1443 43.374 LR999925.1 13212576
1370 43.374 LR999925.1 12872210
1409 43.374 LR999925.1 13050790
1363 43.374 LR999925.1 12780625
1396 43.374 LR999925.1 12951515
1426 42.263 LR999925.1 13113914
1354 41.151 LR999925.1 12550037
1355 41.151 LR999925.1 12550084
1330 41.151 LR999925.1 12297212
1302 38.928 LR999925.1 12104861
1292 38.928 LR999925.1 12043426
1301 38.928 LR999925.1 12104854
1206 36.704 LR999925.1 10879058
1249 36.704 LR999925.1 11156338
1279 36.704 LR999925.1 11738386
1248 36.704 LR999925.1 11156306
1147 36.704 LR999925.1 10527433
1149 36.704 LR999925.1 10527463
1156 36.704 LR999925.1 10549062
1159 36.704 LR999925.1 10549131
1179 36.704 LR999925.1 10706045
1145 36.704 LR999925.1 10527247
1277 36.704 LR999925.1 11738353
1278 36.704 LR999925.1 11738366
1107 32.248 LR999925.1 9775188
1105 32.248 LR999925.1 9775177
1048 31.136 LR999925.1 9085577
1066 31.136 LR999925.1 9143562
1012 31.136 LR999925.1 9017043
1067 31.136 LR999925.1 9143600
1075 31.136 LR999925.1 9358286
1060 31.136 LR999925.1 9093618
1014 31.136 LR999925.1 9017088
1059 31.136 LR999925.1 9093578
1057 31.136 LR999925.1 9093553
1049 31.136 LR999925.1 9085579
1061 31.136 LR999925.1 9134660
1058 31.136 LR999925.1 9093571
1050 31.136 LR999925.1 9085598
1056 31.136 LR999925.1 9093534
893 30.025 LR999925.1 7880968
1006 30.025 LR999925.1 8912714
989 30.025 LR999925.1 8651065
894 30.025 LR999925.1 7881166
927 30.025 LR999925.1 8328991
1003 30.025 LR999925.1 8912690
1008 30.025 LR999925.1 9016852
1005 30.025 LR999925.1 8912706
1007 30.025 LR999925.1 8912722
921 30.025 LR999925.1 8301849
975 30.025 LR999925.1 8590964
885 28.914 LR999925.1 7860182
871 28.914 LR999925.1 7789747
729 27.802 LR999925.1 6414179
795 27.802 LR999925.1 7449176
786 27.802 LR999925.1 7327316
796 27.802 LR999925.1 7449185
792 27.802 LR999925.1 7449015
793 27.802 LR999925.1 7449094
718 26.691 LR999925.1 6330643
805 26.691 LR999925.1 7483406
722 26.691 LR999925.1 6330656
769 26.691 LR999925.1 6913060
716 26.691 LR999925.1 6330620
741 26.691 LR999925.1 6751887
723 26.691 LR999925.1 6330668
717 26.691 LR999925.1 6330637
645 26.691 LR999925.1 5891756
713 26.691 LR999925.1 6330384
721 26.691 LR999925.1 6330654
720 26.691 LR999925.1 6330653
646 26.691 LR999925.1 5891765
737 26.691 LR999925.1 6679653
734 26.691 LR999925.1 6414317
685 25.58 LR999925.1 6179584
693 25.58 LR999925.1 6179699
699 25.58 LR999925.1 6223143
691 25.58 LR999925.1 6179640
687 25.58 LR999925.1 6179601
688 25.58 LR999925.1 6179603
584 24.469 LR999925.1 5554334
635 24.469 LR999925.1 5639718
647 24.469 LR999925.1 5891775
579 24.469 LR999925.1 5554315
582 24.469 LR999925.1 5554328
634 24.469 LR999925.1 5639710
585 24.469 LR999925.1 5554361
617 24.469 LR999925.1 5631694
583 24.469 LR999925.1 5554332
621 24.469 LR999925.1 5631872
590 24.469 LR999925.1 5554519
589 24.469 LR999925.1 5554446
580 24.469 LR999925.1 5554319
628 24.469 LR999925.1 5639480
578 24.469 LR999925.1 5554312
619 24.469 LR999925.1 5631742
639 24.469 LR999925.1 5845692
616 24.469 LR999925.1 5631663
560 24.469 LR999925.1 5274691
552 22.245 LR999925.1 5092295
556 22.245 LR999925.1 5092350
555 22.245 LR999925.1 5092347
537 22.245 LR999925.1 5091905
504 21.134 LR999925.1 4712695
501 21.134 LR999925.1 4712346
13542 20.022 LR999932.1 14617904
480 20.022 LR999925.1 4567357
479 20.022 LR999925.1 4567319
481 20.022 LR999925.1 4567381
472 20.022 LR999925.1 4567014
648 18.911 LR999925.1 5892002
8131 17.8 LR999929.1 9575641
457 17.8 LR999925.1 4442979
458 17.8 LR999925.1 4462433
459 17.8 LR999925.1 4462515
464 17.8 LR999925.1 4462569
415 16.688 LR999925.1 4193478
420 16.688 LR999925.1 4193796
417 16.688 LR999925.1 4193509
22621 15.577 LR999938.1 9440511
345 13.353 LR999925.1 3194064
349 13.353 LR999925.1 3194162
367 13.353 LR999925.1 3746598
346 13.353 LR999925.1 3194074
350 13.353 LR999925.1 3194203
340 13.353 LR999925.1 3194016
347 13.353 LR999925.1 3194079
343 13.353 LR999925.1 3194055
258 11.13 LR999925.1 2852828
302 11.13 LR999925.1 3118557
298 11.13 LR999925.1 3118532
220 11.13 LR999925.1 2759585
221 11.13 LR999925.1 2759618
248 11.13 LR999925.1 2818318
303 11.13 LR999925.1 3118566
223 11.13 LR999925.1 2759637
155 6.674 LR999925.1 2257968
169 6.674 LR999925.1 2339682
147 6.674 LR999925.1 2251372
156 6.674 LR999925.1 2258142
165 6.674 LR999925.1 2339600
143 5.562 LR999925.1 2225775
134 5.562 LR999925.1 2147308
142 5.562 LR999925.1 2154826
133 5.562 LR999925.1 2147275
141 5.562 LR999925.1 2154665
2 2.224 LR999925.1 528270
87 2.224 LR999925.1 1347740
21 0 LR999925.1 643177
22 0 LR999925.1 643201
24 0 LR999925.1 895597
19 0 LR999925.1 642966
