20038 0 LR999937.1 278053
20038 0 LR999937.1 278053
20037 0 LR999937.1 278050
20067 1.111 LR999937.1 371698
19990 3.335 LR999937.1 109515
19995 3.335 LR999937.1 109556
19994 3.335 LR999937.1 109555
19996 3.335 LR999937.1 109566
19991 3.335 LR999937.1 109534
19985 3.335 LR999937.1 109460
20004 3.335 LR999937.1 160487
20005 3.335 LR999937.1 160493
20006 3.335 LR999937.1 160494
19993 3.335 LR999937.1 109549
19997 4.446 LR999937.1 109570
20101 4.446 LR999937.1 600146
20096 4.446 LR999937.1 600090
20079 4.446 LR999937.1 562660
20036 4.446 LR999937.1 278049
20035 4.446 LR999937.1 277933
20060 4.446 LR999937.1 278243
20059 4.446 LR999937.1 278242
20100 4.446 LR999937.1 600109
20042 4.446 LR999937.1 278175
20076 4.446 LR999937.1 562563
20077 4.446 LR999937.1 562586
20078 4.446 LR999937.1 562638
20088 4.446 LR999937.1 599928
20083 4.446 LR999937.1 562897
20099 4.446 LR999937.1 600095
20098 4.446 LR999937.1 600094
20095 4.446 LR999937.1 600066
20097 4.446 LR999937.1 600091
20141 5.558 LR999937.1 922218
20132 5.558 LR999937.1 907035
20133 5.558 LR999937.1 907059
20205 8.896 LR999937.1 1153504
20198 8.896 LR999937.1 1153389
20203 8.896 LR999937.1 1153491
20149 8.896 LR999937.1 1019017
20195 8.896 LR999937.1 1153376
20230 8.896 LR999937.1 1785072
20196 8.896 LR999937.1 1153380
20206 8.896 LR999937.1 1153545
20197 8.896 LR999937.1 1153381
20260 8.896 LR999937.1 1872484
20267 8.896 LR999937.1 1904000
20194 8.896 LR999937.1 1153374
20256 8.896 LR999937.1 1872441
20254 8.896 LR999937.1 1872395
20259 8.896 LR999937.1 1872471
20255 8.896 LR999937.1 1872438
20159 10.007 LR999937.1 1119181
20157 10.007 LR999937.1 1119049
20156 10.007 LR999937.1 1119043
20164 10.007 LR999937.1 1119226
20320 12.231 LR999937.1 2686438
20301 12.231 LR999937.1 2645339
20319 12.231 LR999937.1 2686405
20321 12.231 LR999937.1 2686616
21369 13.342 LR999937.1 11621957
21307 13.342 LR999937.1 10999303
21287 13.342 LR999937.1 10831648
20837 14.453 LR999937.1 7900451
20842 14.453 LR999937.1 7900618
20455 14.453 LR999937.1 4169256
20840 14.453 LR999937.1 7900575
20838 14.453 LR999937.1 7900472
20841 14.453 LR999937.1 7900583
20457 14.453 LR999937.1 4169318
20360 17.792 LR999937.1 3168846
20356 17.792 LR999937.1 3168762
20362 17.792 LR999937.1 3169121
20361 17.792 LR999937.1 3169010
20359 17.792 LR999937.1 3168793
20357 17.792 LR999937.1 3168776
20341 17.792 LR999937.1 3124795
20355 17.792 LR999937.1 3168754
20382 18.903 LR999937.1 3408599
20391 18.903 LR999937.1 3408755
20497 22.241 LR999937.1 4286538
20496 22.241 LR999937.1 4286534
20493 22.241 LR999937.1 4286503
20499 22.241 LR999937.1 4286552
20505 22.241 LR999937.1 4286783
20503 22.241 LR999937.1 4286763
20462 22.241 LR999937.1 4246665
20501 22.241 LR999937.1 4286755
20498 22.241 LR999937.1 4286551
20500 22.241 LR999937.1 4286583
20504 22.241 LR999937.1 4286765
20557 22.241 LR999937.1 4620777
20506 22.241 LR999937.1 4286836
20494 22.241 LR999937.1 4286514
20495 22.241 LR999937.1 4286526
20553 22.241 LR999937.1 4620553
20554 22.241 LR999937.1 4620599
20428 22.241 LR999937.1 3970741
20552 22.241 LR999937.1 4620550
20534 22.241 LR999937.1 4319962
20502 22.241 LR999937.1 4286762
20529 23.353 LR999937.1 4319807
20590 25.576 LR999937.1 5189863
20588 25.576 LR999937.1 5189797
20589 25.576 LR999937.1 5189825
20758 26.688 LR999937.1 7203423
20705 27.799 LR999937.1 6668031
20710 27.799 LR999937.1 6668098
20681 27.799 LR999937.1 6655735
20696 27.799 LR999937.1 6656131
20709 27.799 LR999937.1 6668096
20707 27.799 LR999937.1 6668052
20671 27.799 LR999937.1 6542504
20695 27.799 LR999937.1 6656105
20686 27.799 LR999937.1 6655822
20655 27.799 LR999937.1 6464692
20704 27.799 LR999937.1 6668029
20402 27.799 LR999937.1 3762252
20697 27.799 LR999937.1 6657942
20662 27.799 LR999937.1 6464903
20690 27.799 LR999937.1 6656038
20706 27.799 LR999937.1 6668051
20653 27.799 LR999937.1 6464623
20711 27.799 LR999937.1 6668099
20682 27.799 LR999937.1 6655748
20703 27.799 LR999937.1 6668026
20708 27.799 LR999937.1 6668053
20692 27.799 LR999937.1 6656083
20736 28.91 LR999937.1 6946245
20743 28.91 LR999937.1 7180704
20725 28.91 LR999937.1 6946006
20716 28.91 LR999937.1 6945949
20729 28.91 LR999937.1 6946164
20728 28.91 LR999937.1 6946154
20734 28.91 LR999937.1 6946200
20730 28.91 LR999937.1 6946165
20717 28.91 LR999937.1 6945960
20727 28.91 LR999937.1 6946149
20731 28.91 LR999937.1 6946168
20746 28.91 LR999937.1 7180740
20740 28.91 LR999937.1 7180623
20742 28.91 LR999937.1 7180671
20720 28.91 LR999937.1 6945973
20778 31.134 LR999937.1 7368305
20799 31.134 LR999937.1 7585345
20790 31.134 LR999937.1 7441658
20801 31.134 LR999937.1 7585361
20791 31.134 LR999937.1 7441748
20798 31.134 LR999937.1 7585343
20779 31.134 LR999937.1 7368313
20810 32.245 LR999937.1 7681702
20811 32.245 LR999937.1 7681925
20812 32.245 LR999937.1 7681975
20828 35.583 LR999937.1 7768427
20820 35.583 LR999937.1 7728506
20817 35.583 LR999937.1 7728377
20857 37.807 LR999937.1 7978030
20950 37.807 LR999937.1 8520660
20850 37.807 LR999937.1 7927582
20851 37.807 LR999937.1 7927606
20944 37.807 LR999937.1 8520473
20870 37.807 LR999937.1 8156997
20943 37.807 LR999937.1 8520467
20245 38.918 LR999937.1 1818093
20235 38.918 LR999937.1 1817977
20239 38.918 LR999937.1 1818007
21329 38.918 LR999937.1 11106804
21244 38.918 LR999937.1 10330881
21332 38.918 LR999937.1 11106834
21331 38.918 LR999937.1 11106833
20240 38.918 LR999937.1 1818023
21506 38.918 LR999937.1 13241844
21505 38.918 LR999937.1 13241840
21330 38.918 LR999937.1 11106832
21333 38.918 LR999937.1 11106841
21337 38.918 LR999937.1 11106887
21072 40.03 LR999937.1 9262946
21112 40.03 LR999937.1 9694627
21110 40.03 LR999937.1 9694599
21097 40.03 LR999937.1 9675779
21023 40.03 LR999937.1 8829760
21071 40.03 LR999937.1 9262885
20247 40.03 LR999937.1 1818139
21027 40.03 LR999937.1 8829927
20248 40.03 LR999937.1 1818157
21108 40.03 LR999937.1 9694579
20244 40.03 LR999937.1 1818072
21107 40.03 LR999937.1 9694573
21109 40.03 LR999937.1 9694586
21111 40.03 LR999937.1 9694609
21028 40.03 LR999937.1 8829940
21106 40.03 LR999937.1 9694541
21025 40.03 LR999937.1 8829901
20989 40.03 LR999937.1 8621440
21024 40.03 LR999937.1 8829884
21225 41.141 LR999937.1 10180451
21328 41.141 LR999937.1 11106800
21283 41.141 LR999937.1 10831547
21289 41.141 LR999937.1 10831726
21284 41.141 LR999937.1 10831570
21282 41.141 LR999937.1 10831545
21281 41.141 LR999937.1 10831539
21251 41.141 LR999937.1 10373352
21245 41.141 LR999937.1 10330907
20241 41.141 LR999937.1 1818029
21226 41.141 LR999937.1 10180483
21204 41.141 LR999937.1 10099997
21280 41.141 LR999937.1 10831536
21352 41.141 LR999937.1 11230520
21348 41.141 LR999937.1 11218605
21285 41.141 LR999937.1 10831637
21279 41.141 LR999937.1 10831534
21318 41.141 LR999937.1 11030956
21341 41.141 LR999937.1 11218422
21229 41.141 LR999937.1 10180512
21362 41.141 LR999937.1 11605782
21275 41.141 LR999937.1 10830155
21228 41.141 LR999937.1 10180486
21246 41.141 LR999937.1 10330925
21227 41.141 LR999937.1 10180485
21288 41.141 LR999937.1 10831658
21301 42.252 LR999937.1 10999037
21397 43.364 LR999937.1 11950634
21396 43.364 LR999937.1 11950340
21404 43.364 LR999937.1 11951656
21419 43.364 LR999937.1 12169346
21402 43.364 LR999937.1 11951561
21395 43.364 LR999937.1 11950339
21426 43.364 LR999937.1 12281870
21394 43.364 LR999937.1 11950329
21080 44.475 LR999937.1 9424728
21308 44.475 LR999937.1 10999304
21078 44.475 LR999937.1 9424630
21079 44.475 LR999937.1 9424641
21368 47.813 LR999937.1 11621956
21202 47.813 LR999937.1 10099970
21370 47.813 LR999937.1 11621969
20583 47.813 LR999937.1 5081971
21201 48.924 LR999937.1 10099969
40875 48.924 LR999940.1 1352810
21472 53.381 LR999937.1 12913328
21473 53.381 LR999937.1 12913363
21475 53.381 LR999937.1 12913423
21551 54.492 LR999937.1 13744887
21555 54.492 LR999937.1 14121472
21516 54.492 LR999937.1 13242143
21552 54.492 LR999937.1 13745161
21513 54.492 LR999937.1 13242125
21496 54.492 LR999937.1 13194110
21512 54.492 LR999937.1 13242124
21588 57.83 LR999937.1 14482408
21560 58.942 LR999937.1 14126224
21562 58.942 LR999937.1 14126247
21563 58.942 LR999937.1 14274887
