1845 0 LR999926.1 376949
1853 0 LR999926.1 478531
1854 0 LR999926.1 478564
1852 0 LR999926.1 478501
1842 0 LR999926.1 376639
1888 1.111 LR999926.1 1002182
1841 1.111 LR999926.1 376622
1867 1.111 LR999926.1 652057
1844 1.111 LR999926.1 376847
1966 3.335 LR999926.1 1816315
1974 3.335 LR999926.1 1816581
1977 3.335 LR999926.1 1816613
1978 3.335 LR999926.1 1816627
1954 3.335 LR999926.1 1759189
1975 3.335 LR999926.1 1816590
1956 3.335 LR999926.1 1759200
1972 3.335 LR999926.1 1816555
1976 3.335 LR999926.1 1816595
2002 4.446 LR999926.1 2056515
1998 4.446 LR999926.1 2056173
2018 6.67 LR999926.1 2429385
2017 6.67 LR999926.1 2429352
2155 7.781 LR999926.1 3408312
2272 7.781 LR999926.1 4522472
2153 7.781 LR999926.1 3408204
2128 8.893 LR999926.1 3328705
2097 8.893 LR999926.1 3214706
2130 8.893 LR999926.1 3328710
2111 8.893 LR999926.1 3276082
2151 8.893 LR999926.1 3408118
25199 8.893 LR999941.1 3826942
25191 8.893 LR999941.1 3826860
2211 8.893 LR999926.1 3971988
25194 8.893 LR999941.1 3826888
25192 8.893 LR999941.1 3826862
2110 8.893 LR999926.1 3276069
2072 8.893 LR999926.1 2977271
25193 8.893 LR999941.1 3826885
2096 8.893 LR999926.1 3214667
25195 8.893 LR999941.1 3826893
2326 10.004 LR999926.1 4747214
2285 10.004 LR999926.1 4522570
2329 10.004 LR999926.1 4747261
2208 10.004 LR999926.1 3971976
2298 10.004 LR999926.1 4689837
2312 10.004 LR999926.1 4729367
2295 10.004 LR999926.1 4689809
2245 10.004 LR999926.1 4397047
2293 10.004 LR999926.1 4689800
2271 10.004 LR999926.1 4522466
2207 10.004 LR999926.1 3971970
2300 10.004 LR999926.1 4689856
2242 10.004 LR999926.1 4396850
2192 10.004 LR999926.1 3933865
2229 10.004 LR999926.1 4277663
2299 10.004 LR999926.1 4689847
2296 10.004 LR999926.1 4689827
2257 10.004 LR999926.1 4474612
2234 10.004 LR999926.1 4379653
2185 10.004 LR999926.1 3827718
2246 10.004 LR999926.1 4397049
2199 10.004 LR999926.1 3934139
2261 10.004 LR999926.1 4474959
2235 10.004 LR999926.1 4379809
2186 10.004 LR999926.1 3827743
2301 10.004 LR999926.1 4689860
2292 10.004 LR999926.1 4689795
2294 10.004 LR999926.1 4689807
2284 10.004 LR999926.1 4522569
2250 10.004 LR999926.1 4397149
2302 10.004 LR999926.1 4690138
2297 10.004 LR999926.1 4689829
2193 10.004 LR999926.1 3933871
2187 10.004 LR999926.1 3827746
2251 10.004 LR999926.1 4397152
2431 13.342 LR999926.1 5767328
2480 13.342 LR999926.1 6222731
2479 13.342 LR999926.1 6164438
2408 13.342 LR999926.1 5722186
2436 13.342 LR999926.1 5767354
2477 13.342 LR999926.1 6164209
2438 13.342 LR999926.1 5767363
2447 13.342 LR999926.1 5856298
2429 13.342 LR999926.1 5767324
2448 13.342 LR999926.1 5856454
2503 14.453 LR999926.1 6420647
2507 14.453 LR999926.1 6420692
2496 14.453 LR999926.1 6420489
2499 14.453 LR999926.1 6420509
2610 16.677 LR999926.1 7824569
2530 17.788 LR999926.1 7295380
2588 17.788 LR999926.1 7749661
2543 17.788 LR999926.1 7299411
2592 17.788 LR999926.1 7749762
2565 17.788 LR999926.1 7473015
2609 17.788 LR999926.1 7824568
2590 17.788 LR999926.1 7749712
2582 17.788 LR999926.1 7569248
2545 17.788 LR999926.1 7299437
2529 17.788 LR999926.1 7185061
2593 17.788 LR999926.1 7749854
2562 17.788 LR999926.1 7472869
2527 17.788 LR999926.1 7185028
2633 17.788 LR999926.1 7824896
2566 17.788 LR999926.1 7535836
2547 17.788 LR999926.1 7299482
2591 17.788 LR999926.1 7749728
2518 17.788 LR999926.1 6695922
2540 17.788 LR999926.1 7299307
2677 18.9 LR999926.1 8581114
2725 18.9 LR999926.1 8844744
2736 18.9 LR999926.1 8845043
2679 18.9 LR999926.1 8581286
2742 21.123 LR999926.1 8959425
2741 21.123 LR999926.1 8959393
2744 21.123 LR999926.1 8959546
2753 23.347 LR999926.1 9165397
13147 23.347 LR999932.1 11015584
13144 23.347 LR999932.1 11015546
2770 24.458 LR999926.1 9814150
2798 24.458 LR999926.1 9912924
2759 24.458 LR999926.1 9516670
2781 24.458 LR999926.1 9814417
2757 24.458 LR999926.1 9516648
2775 24.458 LR999926.1 9814214
2758 24.458 LR999926.1 9516649
2774 24.458 LR999926.1 9814205
2779 24.458 LR999926.1 9814373
2760 24.458 LR999926.1 9516722
2780 24.458 LR999926.1 9814415
2756 24.458 LR999926.1 9516626
2776 24.458 LR999926.1 9814321
2867 34.595 LR999926.1 10970172
2859 34.595 LR999926.1 10936408
2868 34.595 LR999926.1 10970233
3042 34.595 LR999926.1 12115580
2865 35.706 LR999926.1 10970115
2891 35.706 LR999926.1 11101146
2881 35.706 LR999926.1 11042728
2929 35.706 LR999926.1 11211328
2923 35.706 LR999926.1 11188076
2899 35.706 LR999926.1 11101220
2925 35.706 LR999926.1 11188104
2917 35.706 LR999926.1 11187631
2957 35.706 LR999926.1 11371995
2936 35.706 LR999926.1 11211465
2943 35.706 LR999926.1 11211535
2860 35.706 LR999926.1 10936417
2918 35.706 LR999926.1 11187745
2880 35.706 LR999926.1 11042663
2845 35.706 LR999926.1 10757514
2930 35.706 LR999926.1 11211329
2920 35.706 LR999926.1 11188008
2893 35.706 LR999926.1 11101150
2956 35.706 LR999926.1 11311711
2961 35.706 LR999926.1 11372120
2967 35.706 LR999926.1 11383907
2978 36.818 LR999926.1 11566944
2878 36.818 LR999926.1 11042615
2975 36.818 LR999926.1 11566628
3060 39.041 LR999926.1 12537757
3058 39.041 LR999926.1 12537701
3067 40.153 LR999926.1 12545526
2991 40.153 LR999926.1 11661531
2992 40.153 LR999926.1 11661532
3097 42.376 LR999926.1 12895416
3129 42.376 LR999926.1 13404352
3146 42.376 LR999926.1 13482620
3179 43.488 LR999926.1 14002753
3182 43.488 LR999926.1 14003079
3180 43.488 LR999926.1 14002762
3436 44.599 LR999926.1 16052163
3213 44.599 LR999926.1 14389511
3308 44.599 LR999926.1 15348144
3432 44.599 LR999926.1 16052080
3211 44.599 LR999926.1 14389508
3359 44.599 LR999926.1 15440888
3197 44.599 LR999926.1 14106461
3352 44.599 LR999926.1 15440823
3354 44.599 LR999926.1 15440860
3427 44.599 LR999926.1 16051876
3290 44.599 LR999926.1 15115894
3307 44.599 LR999926.1 15348141
3361 44.599 LR999926.1 15440897
3444 44.599 LR999926.1 16238787
3442 44.599 LR999926.1 16238770
3350 44.599 LR999926.1 15440805
3215 44.599 LR999926.1 14389738
3357 44.599 LR999926.1 15440877
3458 44.599 LR999926.1 16328625
3428 44.599 LR999926.1 16051887
3217 44.599 LR999926.1 14389788
3443 44.599 LR999926.1 16238781
3431 44.599 LR999926.1 16052079
3214 44.599 LR999926.1 14389516
3448 44.599 LR999926.1 16238820
3241 45.71 LR999926.1 14515362
3236 45.71 LR999926.1 14473137
3240 46.821 LR999926.1 14473403
