19939 45.588 LR999936.1 14373132
19942 45.588 LR999936.1 14373214
19976 43.365 LR999936.1 14678162
19969 43.365 LR999936.1 14677861
19966 43.365 LR999936.1 14677810
19970 43.365 LR999936.1 14677925
19968 43.365 LR999936.1 14677850
19790 41.141 LR999936.1 12998770
19797 41.141 LR999936.1 12998825
19793 41.141 LR999936.1 12998781
19791 41.141 LR999936.1 12998776
19796 41.141 LR999936.1 12998810
19868 40.03 LR999936.1 13656901
19864 40.03 LR999936.1 13656878
19866 40.03 LR999936.1 13656887
19843 40.03 LR999936.1 13289851
19867 40.03 LR999936.1 13656896
19863 40.03 LR999936.1 13656867
19870 40.03 LR999936.1 13656929
19885 40.03 LR999936.1 13719296
19837 40.03 LR999936.1 13283021
19795 40.03 LR999936.1 12998788
19869 40.03 LR999936.1 13656915
19792 40.03 LR999936.1 12998777
19794 40.03 LR999936.1 12998785
19742 38.918 LR999936.1 12709112
19741 38.918 LR999936.1 12708925
19685 37.807 LR999936.1 12445343
19687 37.807 LR999936.1 12445566
19724 37.807 LR999936.1 12626127
19734 37.807 LR999936.1 12649672
19678 37.807 LR999936.1 12380233
19735 37.807 LR999936.1 12650015
19712 36.696 LR999936.1 12524365
19660 34.472 LR999936.1 11926690
19627 34.472 LR999936.1 11898451
19600 34.472 LR999936.1 11783803
19616 34.472 LR999936.1 11898329
19598 34.472 LR999936.1 11783786
19622 34.472 LR999936.1 11898412
19604 34.472 LR999936.1 11783848
19659 34.472 LR999936.1 11926620
19662 34.472 LR999936.1 11926719
19606 34.472 LR999936.1 11783974
19597 34.472 LR999936.1 11783785
19602 34.472 LR999936.1 11783826
19599 34.472 LR999936.1 11783789
19605 34.472 LR999936.1 11783861
19534 30.016 LR999936.1 10865339
19532 30.016 LR999936.1 10865233
19519 27.792 LR999936.1 10724663
19516 27.792 LR999936.1 10724635
19523 27.792 LR999936.1 10724722
19517 27.792 LR999936.1 10724639
19513 27.792 LR999936.1 10724628
19515 27.792 LR999936.1 10724633
19522 27.792 LR999936.1 10724721
19521 27.792 LR999936.1 10724681
19508 26.681 LR999936.1 10483962
19507 26.681 LR999936.1 10483954
19296 26.681 LR999936.1 9263073
19395 25.57 LR999936.1 9811391
19524 25.57 LR999936.1 10724730
19454 25.57 LR999936.1 10214475
19409 25.57 LR999936.1 9811594
19408 25.57 LR999936.1 9811579
19442 25.57 LR999936.1 10214176
19456 25.57 LR999936.1 10214507
19452 25.57 LR999936.1 10214464
19453 25.57 LR999936.1 10214473
19410 25.57 LR999936.1 9811604
19447 25.57 LR999936.1 10214277
19449 25.57 LR999936.1 10214293
19405 25.57 LR999936.1 9811574
19446 25.57 LR999936.1 10214233
19407 25.57 LR999936.1 9811578
19444 25.57 LR999936.1 10214195
19406 25.57 LR999936.1 9811576
19445 25.57 LR999936.1 10214207
19469 25.57 LR999936.1 10371553
19455 25.57 LR999936.1 10214478
19448 25.57 LR999936.1 10214290
19440 25.57 LR999936.1 10203130
19313 24.458 LR999936.1 9306285
19316 24.458 LR999936.1 9306317
19319 24.458 LR999936.1 9306348
19318 24.458 LR999936.1 9306342
19317 24.458 LR999936.1 9306330
19320 24.458 LR999936.1 9306382
19277 22.235 LR999936.1 8797220
19278 22.235 LR999936.1 8797231
19279 22.235 LR999936.1 8797246
19276 22.235 LR999936.1 8797218
19274 22.235 LR999936.1 8797206
19250 20.011 LR999936.1 8661409
19249 20.011 LR999936.1 8435065
19268 20.011 LR999936.1 8701084
19248 20.011 LR999936.1 8435045
19252 20.011 LR999936.1 8661423
8136 18.9 LR999929.1 9575893
19177 18.9 LR999936.1 7752338
19182 18.9 LR999936.1 7752392
19199 18.9 LR999936.1 7806045
19220 18.9 LR999936.1 7948471
19176 18.9 LR999936.1 7533107
19221 18.9 LR999936.1 7948489
19198 18.9 LR999936.1 7805852
8132 18.9 LR999929.1 9575642
19184 18.9 LR999936.1 7752421
19189 18.9 LR999936.1 7752600
19183 18.9 LR999936.1 7752411
19200 18.9 LR999936.1 7918139
19152 17.788 LR999936.1 7421008
19155 17.788 LR999936.1 7421032
19153 17.788 LR999936.1 7421020
19159 17.788 LR999936.1 7421072
19157 17.788 LR999936.1 7421039
19156 17.788 LR999936.1 7421033
19158 17.788 LR999936.1 7421063
19154 17.788 LR999936.1 7421031
19140 14.45 LR999936.1 7357252
19084 14.45 LR999936.1 7127161
19088 14.45 LR999936.1 7127253
19081 14.45 LR999936.1 6773895
19058 13.339 LR999936.1 6498440
19056 13.339 LR999936.1 6498413
19057 13.339 LR999936.1 6498429
19059 13.339 LR999936.1 6589007
18652 11.115 LR999936.1 2534983
18651 11.115 LR999936.1 2510694
19042 10.004 LR999936.1 6438929
19043 10.004 LR999936.1 6438979
18968 10.004 LR999936.1 5419578
19040 10.004 LR999936.1 6438911
19047 10.004 LR999936.1 6439050
18948 10.004 LR999936.1 5227796
19045 10.004 LR999936.1 6439034
19046 10.004 LR999936.1 6439043
18899 7.78 LR999936.1 4745813
18901 7.78 LR999936.1 4745829
18896 6.669 LR999936.1 4745788
18871 6.669 LR999936.1 4571031
18882 6.669 LR999936.1 4571249
18897 6.669 LR999936.1 4745800
18867 6.669 LR999936.1 4570929
18881 6.669 LR999936.1 4571216
18875 6.669 LR999936.1 4571193
18841 5.558 LR999936.1 4363383
18840 5.558 LR999936.1 4363369
32760 4.446 LR999946.1 9269984
18784 4.446 LR999936.1 3750870
18704 4.446 LR999936.1 2975105
18736 4.446 LR999936.1 3303891
18731 4.446 LR999936.1 3303588
18785 4.446 LR999936.1 3750874
18761 4.446 LR999936.1 3500364
18732 4.446 LR999936.1 3303603
18788 4.446 LR999936.1 3750883
18791 4.446 LR999936.1 3750940
18787 4.446 LR999936.1 3750882
18789 4.446 LR999936.1 3750893
18696 4.446 LR999936.1 2975073
18686 3.335 LR999936.1 2975005
18700 3.335 LR999936.1 2975084
18764 3.335 LR999936.1 3500458
18722 3.335 LR999936.1 3303511
18719 3.335 LR999936.1 3129754
18721 3.335 LR999936.1 3129776
18717 3.335 LR999936.1 3129721
18641 3.335 LR999936.1 2510425
18689 3.335 LR999936.1 2975031
18656 3.335 LR999936.1 2535189
18720 3.335 LR999936.1 3129755
18713 3.335 LR999936.1 3129603
18650 3.335 LR999936.1 2510693
18677 3.335 LR999936.1 2858337
18664 3.335 LR999936.1 2694497
18718 3.335 LR999936.1 3129750
18644 3.335 LR999936.1 2510470
18666 3.335 LR999936.1 2694700
18716 3.335 LR999936.1 3129717
18657 3.335 LR999936.1 2535253
18763 3.335 LR999936.1 3500430
18549 1.111 LR999936.1 1528127
18551 1.111 LR999936.1 1528222
18581 1.111 LR999936.1 2073722
18579 1.111 LR999936.1 2073562
18505 1.111 LR999936.1 1142273
18560 1.111 LR999936.1 1720224
18548 1.111 LR999936.1 1528103
18574 1.111 LR999936.1 2073510
18504 1.111 LR999936.1 1142268
18572 1.111 LR999936.1 2073502
18536 1.111 LR999936.1 1323190
18577 1.111 LR999936.1 2073532
18507 1.111 LR999936.1 1198550
18550 1.111 LR999936.1 1528130
18553 1.111 LR999936.1 1528265
18506 1.111 LR999936.1 1142310
18547 1.111 LR999936.1 1528091
18552 1.111 LR999936.1 1528233
18428 0 LR999936.1 252002
18438 0 LR999936.1 391697
18466 0 LR999936.1 744959
18441 0 LR999936.1 391812
18403 0 LR999936.1 122018
18459 0 LR999936.1 744895
18456 0 LR999936.1 744751
18464 0 LR999936.1 744935
18457 0 LR999936.1 744757
18470 0 LR999936.1 745001
18478 0 LR999936.1 939310
18455 0 LR999936.1 744730
18468 0 LR999936.1 744972
18469 0 LR999936.1 744973
18465 0 LR999936.1 744939
18401 0 LR999936.1 85279
