#*** LG = 0 likelihood = -2262.0391
#marker_number	male_position	female_position	( 0.0 )[	phased data]
18472 0.000 LR999936.1	745004 ( 0 ) 110011111010100010101111111110011010000111110001111011001111000110000100100000110101111001000000000000000000000000000000000000000000000000000000000000000000000000000000000000000000 0 0
18472 0.000 LR999936.1	745004 ( 0 ) 110011111010100010101111111110011010000111110001111011001111000110000100100000110101111001000000000000000000000000000000000000000000000000000000000000000000000000000000000000000000 0 0
18802 0.000 LR999936.1	3751149 ( 0 ) 110011111010100010101111111110011010000111110001111011001111000110000100100000110101111001000000000000000000000000000000000000000000000000000000000000000000000000000000000000000000 0 0
18728 0.000 LR999936.1	3303575 ( 0 ) 110011111010100010101111111110011010000111110001111011001111000110000100100000110101111001000000000000000000000000000000000000000000000000000000000000000000000000000000000000000000 0 0
18473 0.000 LR999936.1	939011 ( 0 ) 110011111010100010101111111110011010000111110001111011001111000110000100100000110101111001000000000000000000000000000000000000000000000000000000000000000000000000000000000000000000 0 0
18937 1.111 LR999936.1	5227231 ( 0 ) 110001111010100010101111111110011010000111110001111011001111000110000100100000110101111001000000000000000000000000000000000000000000000000000000000000000000000000000000000000000000 1 0
19422 1.111 LR999936.1	9950225 ( 0 ) 110001111010100010101111111110011010000111110001111011001111000110000100100000110101111001000000000000000000000000000000000000000000000000000000000000000000000000000000000000000000 0 0
19822 1.111 LR999936.1	13206311 ( 0 ) 110001111010100010101111111110011010000111110001111011001111000110000100100000110101111001000000000000000000000000000000000000000000000000000000000000000000000000000000000000000000 0 0
18939 1.111 LR999936.1	5227470 ( 0 ) 110001111010100010101111111110011010000111110001111011001111000110000100100000110101111001000000000000000000000000000000000000000000000000000000000000000000000000000000000000000000 0 0
18942 1.111 LR999936.1	5227531 ( 0 ) 110001111010100010101111111110011010000111110001111011001111000110000100100000110101111001000000000000000000000000000000000000000000000000000000000000000000000000000000000000000000 0 0
18932 1.111 LR999936.1	5227155 ( 0 ) 110001111010100010101111111110011010000111110001111011001111000110000100100000110101111001000000000000000000000000000000000000000000000000000000000000000000000000000000000000000000 0 0
18959 1.111 LR999936.1	5391047 ( 0 ) 110001111010100010101111111110011010000111110001111011001111000110000100100000110101111001000000000000000000000000000000000000000000000000000000000000000000000000000000000000000000 0 0
18940 1.111 LR999936.1	5227477 ( 0 ) 110001111010100010101111111110011010000111110001111011001111000110000100100000110101111001000000000000000000000000000000000000000000000000000000000000000000000000000000000000000000 0 0
18936 1.111 LR999936.1	5227230 ( 0 ) 110001111010100010101111111110011010000111110001111011001111000110000100100000110101111001000000000000000000000000000000000000000000000000000000000000000000000000000000000000000000 0 0
19112 1.111 LR999936.1	7163755 ( 0 ) 110001111010100010101111111110011010000111110001111011001111000110000100100000110101111001000000000000000000000000000000000000000000000000000000000000000000000000000000000000000000 0 0
18934 1.111 LR999936.1	5227224 ( 0 ) 110001111010100010101111111110011010000111110001111011001111000110000100100000110101111001000000000000000000000000000000000000000000000000000000000000000000000000000000000000000000 0 0
18941 1.111 LR999936.1	5227482 ( 0 ) 110001111010100010101111111110011010000111110001111011001111000110000100100000110101111001000000000000000000000000000000000000000000000000000000000000000000000000000000000000000000 0 0
19421 1.111 LR999936.1	9949199 ( 0 ) 110001111010100010101111111110011010000111110001111011001111000110000100100000110101111001000000000000000000000000000000000000000000000000000000000000000000000000000000000000000000 0 0
18935 1.111 LR999936.1	5227227 ( 0 ) 110001111010100010101111111110011010000111110001111011001111000110000100100000110101111001000000000000000000000000000000000000000000000000000000000000000000000000000000000000000000 0 0
18933 1.111 LR999936.1	5227212 ( 0 ) 110001111010100010101111111110011010000111110001111011001111000110000100100000110101111001000000000000000000000000000000000000000000000000000000000000000000000000000000000000000000 0 0
18938 1.111 LR999936.1	5227454 ( 0 ) 110001111010100010101111111110011010000111110001111011001111000110000100100000110101111001000000000000000000000000000000000000000000000000000000000000000000000000000000000000000000 0 0
18945 3.335 LR999936.1	5227594 ( 0 ) 110001111010100010101111111110010010000111110001111011001101000110000100100000110101111001000000000000000000000000000000000000000000000000000000000000000000000000000000000000000000 2 0
19767 7.791 LR999936.1	12800881 ( 0 ) 110001111010100010101011001110010010000111110001111011001101000110000100100000110001111001000000000000000000000000000000000000000000000000000000000000000000000000000000000000000000 4 0
19044 10.015 LR999936.1	6439028 ( 0 ) 110001111010100010101011001110000010000111110001110011001101000110000100100000110001111001000000000000000000000000000000000000000000000000000000000000000000000000000000000000000000 2 0
19545 13.353 LR999936.1	10930081 ( 0 ) 110001111010100010101011001100000010000011110001110011001101000010000100100000110001111001000000000000000000000000000000000000000000000000000000000000000000000000000000000000000000 3 0
19543 13.353 LR999936.1	10930064 ( 0 ) 110001111010100010101011001100000010000011110001110011001101000010000100100000110001111001000000000000000000000000000000000000000000000000000000000000000000000000000000000000000000 0 0
19346 13.353 LR999936.1	9497737 ( 0 ) 110001111010100010101011001100000010000011110001110011001101000010000100100000110001111001000000000000000000000000000000000000000000000000000000000000000000000000000000000000000000 0 0
19939 21.195 LR999936.1	14373132 ( 0 ) 110001111010111010101011001100000110001011110001110111001101000010000100100010110011111001000000000000000000000000000000000000000000000000000000000000000000000000000000000000000000 7 0
19942 21.195 LR999936.1	14373214 ( 0 ) 110001111010111010101011001100000110001011110001110111001101000010000100100010110011111001000000000000000000000000000000000000000000000000000000000000000000000000000000000000000000 0 0
19976 23.418 LR999936.1	14678162 ( 0 ) 110001111010111010101011001100000110001011110001110111001101000011001100100010110011111001000000000000000000000000000000000000000000000000000000000000000000000000000000000000000000 2 0
19969 23.418 LR999936.1	14677861 ( 0 ) 110001111010111010101011001100000110001011110001110111001101000011001100100010110011111001000000000000000000000000000000000000000000000000000000000000000000000000000000000000000000 0 0
19966 23.418 LR999936.1	14677810 ( 0 ) 110001111010111010101011001100000110001011110001110111001101000011001100100010110011111001000000000000000000000000000000000000000000000000000000000000000000000000000000000000000000 0 0
19970 23.418 LR999936.1	14677925 ( 0 ) 110001111010111010101011001100000110001011110001110111001101000011001100100010110011111001000000000000000000000000000000000000000000000000000000000000000000000000000000000000000000 0 0
19968 23.418 LR999936.1	14677850 ( 0 ) 110001111010111010101011001100000110001011110001110111001101000011001100100010110011111001000000000000000000000000000000000000000000000000000000000000000000000000000000000000000000 0 0
19790 25.642 LR999936.1	12998770 ( 0 ) 110001111010111010101011001100000110001011010001110111001101000011101100100010110011111001000000000000000000000000000000000000000000000000000000000000000000000000000000000000000000 2 0
19797 25.642 LR999936.1	12998825 ( 0 ) 110001111010111010101011001100000110001011010001110111001101000011101100100010110011111001000000000000000000000000000000000000000000000000000000000000000000000000000000000000000000 0 0
19793 25.642 LR999936.1	12998781 ( 0 ) 110001111010111010101011001100000110001011010001110111001101000011101100100010110011111001000000000000000000000000000000000000000000000000000000000000000000000000000000000000000000 0 0
19791 25.642 LR999936.1	12998776 ( 0 ) 110001111010111010101011001100000110001011010001110111001101000011101100100010110011111001000000000000000000000000000000000000000000000000000000000000000000000000000000000000000000 0 0
19796 25.642 LR999936.1	12998810 ( 0 ) 110001111010111010101011001100000110001011010001110111001101000011101100100010110011111001000000000000000000000000000000000000000000000000000000000000000000000000000000000000000000 0 0
19868 26.753 LR999936.1	13656901 ( 0 ) 110001111010111010101011001100000110001011010001110111001101000011101100100010110010111001000000000000000000000000000000000000000000000000000000000000000000000000000000000000000000 1 0
19864 26.753 LR999936.1	13656878 ( 0 ) 110001111010111010101011001100000110001011010001110111001101000011101100100010110010111001000000000000000000000000000000000000000000000000000000000000000000000000000000000000000000 0 0
19866 26.753 LR999936.1	13656887 ( 0 ) 110001111010111010101011001100000110001011010001110111001101000011101100100010110010111001000000000000000000000000000000000000000000000000000000000000000000000000000000000000000000 0 0
19843 26.753 LR999936.1	13289851 ( 0 ) 110001111010111010101011001100000110001011010001110111001101000011101100100010110010111001000000000000000000000000000000000000000000000000000000000000000000000000000000000000000000 0 0
19867 26.753 LR999936.1	13656896 ( 0 ) 110001111010111010101011001100000110001011010001110111001101000011101100100010110010111001000000000000000000000000000000000000000000000000000000000000000000000000000000000000000000 0 0
19863 26.753 LR999936.1	13656867 ( 0 ) 110001111010111010101011001100000110001011010001110111001101000011101100100010110010111001000000000000000000000000000000000000000000000000000000000000000000000000000000000000000000 0 0
19870 26.753 LR999936.1	13656929 ( 0 ) 110001111010111010101011001100000110001011010001110111001101000011101100100010110010111001000000000000000000000000000000000000000000000000000000000000000000000000000000000000000000 0 0
19885 26.753 LR999936.1	13719296 ( 0 ) 110001111010111010101011001100000110001011010001110111001101000011101100100010110010111001000000000000000000000000000000000000000000000000000000000000000000000000000000000000000000 0 0
19837 26.753 LR999936.1	13283021 ( 0 ) 110001111010111010101011001100000110001011010001110111001101000011101100100010110010111001000000000000000000000000000000000000000000000000000000000000000000000000000000000000000000 0 0
19795 26.753 LR999936.1	12998788 ( 0 ) 110001111010111010101011001100000110001011010001110111001101000011101100100010110010111001000000000000000000000000000000000000000000000000000000000000000000000000000000000000000000 0 0
19869 26.753 LR999936.1	13656915 ( 0 ) 110001111010111010101011001100000110001011010001110111001101000011101100100010110010111001000000000000000000000000000000000000000000000000000000000000000000000000000000000000000000 0 0
19792 26.753 LR999936.1	12998777 ( 0 ) 110001111010111010101011001100000110001011010001110111001101000011101100100010110010111001000000000000000000000000000000000000000000000000000000000000000000000000000000000000000000 0 0
19794 26.753 LR999936.1	12998785 ( 0 ) 110001111010111010101011001100000110001011010001110111001101000011101100100010110010111001000000000000000000000000000000000000000000000000000000000000000000000000000000000000000000 0 0
19742 27.865 LR999936.1	12709112 ( 0 ) 110001111010111010101011001100000110001011010001110111001101000011101100100010110010011001000000000000000000000000000000000000000000000000000000000000000000000000000000000000000000 1 0
19741 27.865 LR999936.1	12708925 ( 0 ) 110001111010111010101011001100000110001011010001110111001101000011101100100010110010011001000000000000000000000000000000000000000000000000000000000000000000000000000000000000000000 0 0
19685 28.976 LR999936.1	12445343 ( 0 ) 110001111010111010101011001100000110001011010101110111001101000011101100100010110010011001000000000000000000000000000000000000000000000000000000000000000000000000000000000000000000 1 0
19687 28.976 LR999936.1	12445566 ( 0 ) 110001111010111010101011001100000110001011010101110111001101000011101100100010110010011001000000000000000000000000000000000000000000000000000000000000000000000000000000000000000000 0 0
19724 28.976 LR999936.1	12626127 ( 0 ) 110001111010111010101011001100000110001011010101110111001101000011101100100010110010011001000000000000000000000000000000000000000000000000000000000000000000000000000000000000000000 0 0
19734 28.976 LR999936.1	12649672 ( 0 ) 110001111010111010101011001100000110001011010101110111001101000011101100100010110010011001000000000000000000000000000000000000000000000000000000000000000000000000000000000000000000 0 0
19678 28.976 LR999936.1	12380233 ( 0 ) 110001111010111010101011001100000110001011010101110111001101000011101100100010110010011001000000000000000000000000000000000000000000000000000000000000000000000000000000000000000000 0 0
19735 28.976 LR999936.1	12650015 ( 0 ) 110001111010111010101011001100000110001011010101110111001101000011101100100010110010011001000000000000000000000000000000000000000000000000000000000000000000000000000000000000000000 0 0
19712 30.087 LR999936.1	12524365 ( 0 ) 110001101010111010101011001100000110001011010101110111001101000011101100100010110010011001000000000000000000000000000000000000000000000000000000000000000000000000000000000000000000 1 0
19660 32.311 LR999936.1	11926690 ( 0 ) 110001101010111010101011001100000110011011010101110111001101000011101100100010110010011101000000000000000000000000000000000000000000000000000000000000000000000000000000000000000000 2 0
19627 32.311 LR999936.1	11898451 ( 0 ) 110001101010111010101011001100000110011011010101110111001101000011101100100010110010011101000000000000000000000000000000000000000000000000000000000000000000000000000000000000000000 0 0
19600 32.311 LR999936.1	11783803 ( 0 ) 110001101010111010101011001100000110011011010101110111001101000011101100100010110010011101000000000000000000000000000000000000000000000000000000000000000000000000000000000000000000 0 0
19616 32.311 LR999936.1	11898329 ( 0 ) 110001101010111010101011001100000110011011010101110111001101000011101100100010110010011101000000000000000000000000000000000000000000000000000000000000000000000000000000000000000000 0 0
19598 32.311 LR999936.1	11783786 ( 0 ) 110001101010111010101011001100000110011011010101110111001101000011101100100010110010011101000000000000000000000000000000000000000000000000000000000000000000000000000000000000000000 0 0
19622 32.311 LR999936.1	11898412 ( 0 ) 110001101010111010101011001100000110011011010101110111001101000011101100100010110010011101000000000000000000000000000000000000000000000000000000000000000000000000000000000000000000 0 0
19604 32.311 LR999936.1	11783848 ( 0 ) 110001101010111010101011001100000110011011010101110111001101000011101100100010110010011101000000000000000000000000000000000000000000000000000000000000000000000000000000000000000000 0 0
19659 32.311 LR999936.1	11926620 ( 0 ) 110001101010111010101011001100000110011011010101110111001101000011101100100010110010011101000000000000000000000000000000000000000000000000000000000000000000000000000000000000000000 0 0
19662 32.311 LR999936.1	11926719 ( 0 ) 110001101010111010101011001100000110011011010101110111001101000011101100100010110010011101000000000000000000000000000000000000000000000000000000000000000000000000000000000000000000 0 0
19606 32.311 LR999936.1	11783974 ( 0 ) 110001101010111010101011001100000110011011010101110111001101000011101100100010110010011101000000000000000000000000000000000000000000000000000000000000000000000000000000000000000000 0 0
19597 32.311 LR999936.1	11783785 ( 0 ) 110001101010111010101011001100000110011011010101110111001101000011101100100010110010011101000000000000000000000000000000000000000000000000000000000000000000000000000000000000000000 0 0
19602 32.311 LR999936.1	11783826 ( 0 ) 110001101010111010101011001100000110011011010101110111001101000011101100100010110010011101000000000000000000000000000000000000000000000000000000000000000000000000000000000000000000 0 0
19599 32.311 LR999936.1	11783789 ( 0 ) 110001101010111010101011001100000110011011010101110111001101000011101100100010110010011101000000000000000000000000000000000000000000000000000000000000000000000000000000000000000000 0 0
19605 32.311 LR999936.1	11783861 ( 0 ) 110001101010111010101011001100000110011011010101110111001101000011101100100010110010011101000000000000000000000000000000000000000000000000000000000000000000000000000000000000000000 0 0
19534 36.767 LR999936.1	10865339 ( 0 ) 110001101010111010101011001100000110111011010101110111101101000011101100100011111010011101000000000000000000000000000000000000000000000000000000000000000000000000000000000000000000 4 0
19532 36.767 LR999936.1	10865233 ( 0 ) 110001101010111010101011001100000110111011010101110111101101000011101100100011111010011101000000000000000000000000000000000000000000000000000000000000000000000000000000000000000000 0 0
19519 38.991 LR999936.1	10724663 ( 0 ) 110001101110111010101011001100000110111010010101110111101101000011101100100011111010011101000000000000000000000000000000000000000000000000000000000000000000000000000000000000000000 2 0
19516 38.991 LR999936.1	10724635 ( 0 ) 110001101110111010101011001100000110111010010101110111101101000011101100100011111010011101000000000000000000000000000000000000000000000000000000000000000000000000000000000000000000 0 0
19523 38.991 LR999936.1	10724722 ( 0 ) 110001101110111010101011001100000110111010010101110111101101000011101100100011111010011101000000000000000000000000000000000000000000000000000000000000000000000000000000000000000000 0 0
19517 38.991 LR999936.1	10724639 ( 0 ) 110001101110111010101011001100000110111010010101110111101101000011101100100011111010011101000000000000000000000000000000000000000000000000000000000000000000000000000000000000000000 0 0
19513 38.991 LR999936.1	10724628 ( 0 ) 110001101110111010101011001100000110111010010101110111101101000011101100100011111010011101000000000000000000000000000000000000000000000000000000000000000000000000000000000000000000 0 0
19515 38.991 LR999936.1	10724633 ( 0 ) 110001101110111010101011001100000110111010010101110111101101000011101100100011111010011101000000000000000000000000000000000000000000000000000000000000000000000000000000000000000000 0 0
19522 38.991 LR999936.1	10724721 ( 0 ) 110001101110111010101011001100000110111010010101110111101101000011101100100011111010011101000000000000000000000000000000000000000000000000000000000000000000000000000000000000000000 0 0
19521 38.991 LR999936.1	10724681 ( 0 ) 110001101110111010101011001100000110111010010101110111101101000011101100100011111010011101000000000000000000000000000000000000000000000000000000000000000000000000000000000000000000 0 0
19508 40.102 LR999936.1	10483962 ( 0 ) 111001101110111010101011001100000110111010010101110111101101000011101100100011111010011101000000000000000000000000000000000000000000000000000000000000000000000000000000000000000000 1 0
19507 40.102 LR999936.1	10483954 ( 0 ) 111001101110111010101011001100000110111010010101110111101101000011101100100011111010011101000000000000000000000000000000000000000000000000000000000000000000000000000000000000000000 0 0
19296 40.102 LR999936.1	9263073 ( 0 ) 111001101110111010101011001100000110111010010101110111101101000011101100100011111010011101000000000000000000000000000000000000000000000000000000000000000000000000000000000000000000 0 0
19395 41.213 LR999936.1	9811391 ( 0 ) 111001101110111010101011001100000110111010010101110111101101000011101100101011111010011101000000000000000000000000000000000000000000000000000000000000000000000000000000000000000000 1 0
19524 41.213 LR999936.1	10724730 ( 0 ) 111001101110111010101011001100000110111010010101110111101101000011101100101011111010011101000000000000000000000000000000000000000000000000000000000000000000000000000000000000000000 0 0
19454 41.213 LR999936.1	10214475 ( 0 ) 111001101110111010101011001100000110111010010101110111101101000011101100101011111010011101000000000000000000000000000000000000000000000000000000000000000000000000000000000000000000 0 0
19409 41.213 LR999936.1	9811594 ( 0 ) 111001101110111010101011001100000110111010010101110111101101000011101100101011111010011101000000000000000000000000000000000000000000000000000000000000000000000000000000000000000000 0 0
19408 41.213 LR999936.1	9811579 ( 0 ) 111001101110111010101011001100000110111010010101110111101101000011101100101011111010011101000000000000000000000000000000000000000000000000000000000000000000000000000000000000000000 0 0
19442 41.213 LR999936.1	10214176 ( 0 ) 111001101110111010101011001100000110111010010101110111101101000011101100101011111010011101000000000000000000000000000000000000000000000000000000000000000000000000000000000000000000 0 0
19456 41.213 LR999936.1	10214507 ( 0 ) 111001101110111010101011001100000110111010010101110111101101000011101100101011111010011101000000000000000000000000000000000000000000000000000000000000000000000000000000000000000000 0 0
19452 41.213 LR999936.1	10214464 ( 0 ) 111001101110111010101011001100000110111010010101110111101101000011101100101011111010011101000000000000000000000000000000000000000000000000000000000000000000000000000000000000000000 0 0
19453 41.213 LR999936.1	10214473 ( 0 ) 111001101110111010101011001100000110111010010101110111101101000011101100101011111010011101000000000000000000000000000000000000000000000000000000000000000000000000000000000000000000 0 0
19410 41.213 LR999936.1	9811604 ( 0 ) 111001101110111010101011001100000110111010010101110111101101000011101100101011111010011101000000000000000000000000000000000000000000000000000000000000000000000000000000000000000000 0 0
19447 41.213 LR999936.1	10214277 ( 0 ) 111001101110111010101011001100000110111010010101110111101101000011101100101011111010011101000000000000000000000000000000000000000000000000000000000000000000000000000000000000000000 0 0
19449 41.213 LR999936.1	10214293 ( 0 ) 111001101110111010101011001100000110111010010101110111101101000011101100101011111010011101000000000000000000000000000000000000000000000000000000000000000000000000000000000000000000 0 0
19405 41.213 LR999936.1	9811574 ( 0 ) 111001101110111010101011001100000110111010010101110111101101000011101100101011111010011101000000000000000000000000000000000000000000000000000000000000000000000000000000000000000000 0 0
19446 41.213 LR999936.1	10214233 ( 0 ) 111001101110111010101011001100000110111010010101110111101101000011101100101011111010011101000000000000000000000000000000000000000000000000000000000000000000000000000000000000000000 0 0
19407 41.213 LR999936.1	9811578 ( 0 ) 111001101110111010101011001100000110111010010101110111101101000011101100101011111010011101000000000000000000000000000000000000000000000000000000000000000000000000000000000000000000 0 0
19444 41.213 LR999936.1	10214195 ( 0 ) 111001101110111010101011001100000110111010010101110111101101000011101100101011111010011101000000000000000000000000000000000000000000000000000000000000000000000000000000000000000000 0 0
19406 41.213 LR999936.1	9811576 ( 0 ) 111001101110111010101011001100000110111010010101110111101101000011101100101011111010011101000000000000000000000000000000000000000000000000000000000000000000000000000000000000000000 0 0
19445 41.213 LR999936.1	10214207 ( 0 ) 111001101110111010101011001100000110111010010101110111101101000011101100101011111010011101000000000000000000000000000000000000000000000000000000000000000000000000000000000000000000 0 0
19469 41.213 LR999936.1	10371553 ( 0 ) 111001101110111010101011001100000110111010010101110111101101000011101100101011111010011101000000000000000000000000000000000000000000000000000000000000000000000000000000000000000000 0 0
19455 41.213 LR999936.1	10214478 ( 0 ) 111001101110111010101011001100000110111010010101110111101101000011101100101011111010011101000000000000000000000000000000000000000000000000000000000000000000000000000000000000000000 0 0
19448 41.213 LR999936.1	10214290 ( 0 ) 111001101110111010101011001100000110111010010101110111101101000011101100101011111010011101000000000000000000000000000000000000000000000000000000000000000000000000000000000000000000 0 0
19440 41.213 LR999936.1	10203130 ( 0 ) 111001101110111010101011001100000110111010010101110111101101000011101100101011111010011101000000000000000000000000000000000000000000000000000000000000000000000000000000000000000000 0 0
19313 42.325 LR999936.1	9306285 ( 0 ) 111001101110111010101011001100000110111010010101110111101101000011101100101011111010010101000000000000000000000000000000000000000000000000000000000000000000000000000000000000000000 1 0
19316 42.325 LR999936.1	9306317 ( 0 ) 111001101110111010101011001100000110111010010101110111101101000011101100101011111010010101000000000000000000000000000000000000000000000000000000000000000000000000000000000000000000 0 0
19319 42.325 LR999936.1	9306348 ( 0 ) 111001101110111010101011001100000110111010010101110111101101000011101100101011111010010101000000000000000000000000000000000000000000000000000000000000000000000000000000000000000000 0 0
19318 42.325 LR999936.1	9306342 ( 0 ) 111001101110111010101011001100000110111010010101110111101101000011101100101011111010010101000000000000000000000000000000000000000000000000000000000000000000000000000000000000000000 0 0
19317 42.325 LR999936.1	9306330 ( 0 ) 111001101110111010101011001100000110111010010101110111101101000011101100101011111010010101000000000000000000000000000000000000000000000000000000000000000000000000000000000000000000 0 0
19320 42.325 LR999936.1	9306382 ( 0 ) 111001101110111010101011001100000110111010010101110111101101000011101100101011111010010101000000000000000000000000000000000000000000000000000000000000000000000000000000000000000000 0 0
19277 44.548 LR999936.1	8797220 ( 0 ) 111001101110111010101011001100000110111010010100110111101101000011101100101011111010010111000000000000000000000000000000000000000000000000000000000000000000000000000000000000000000 2 0
19278 44.548 LR999936.1	8797231 ( 0 ) 111001101110111010101011001100000110111010010100110111101101000011101100101011111010010111000000000000000000000000000000000000000000000000000000000000000000000000000000000000000000 0 0
19279 44.548 LR999936.1	8797246 ( 0 ) 111001101110111010101011001100000110111010010100110111101101000011101100101011111010010111000000000000000000000000000000000000000000000000000000000000000000000000000000000000000000 0 0
19276 44.548 LR999936.1	8797218 ( 0 ) 111001101110111010101011001100000110111010010100110111101101000011101100101011111010010111000000000000000000000000000000000000000000000000000000000000000000000000000000000000000000 0 0
19274 44.548 LR999936.1	8797206 ( 0 ) 111001101110111010101011001100000110111010010100110111101101000011101100101011111010010111000000000000000000000000000000000000000000000000000000000000000000000000000000000000000000 0 0
19250 46.772 LR999936.1	8661409 ( 0 ) 111001101110111010101010001100000110111010010100110111101101000001101100101011111010010111000000000000000000000000000000000000000000000000000000000000000000000000000000000000000000 2 0
19249 46.772 LR999936.1	8435065 ( 0 ) 111001101110111010101010001100000110111010010100110111101101000001101100101011111010010111000000000000000000000000000000000000000000000000000000000000000000000000000000000000000000 0 0
19268 46.772 LR999936.1	8701084 ( 0 ) 111001101110111010101010001100000110111010010100110111101101000001101100101011111010010111000000000000000000000000000000000000000000000000000000000000000000000000000000000000000000 0 0
19248 46.772 LR999936.1	8435045 ( 0 ) 111001101110111010101010001100000110111010010100110111101101000001101100101011111010010111000000000000000000000000000000000000000000000000000000000000000000000000000000000000000000 0 0
19252 46.772 LR999936.1	8661423 ( 0 ) 111001101110111010101010001100000110111010010100110111101101000001101100101011111010010111000000000000000000000000000000000000000000000000000000000000000000000000000000000000000000 0 0
8136 47.883 LR999929.1	9575893 ( 0 ) 111001101110111010101010001100000110111010011100110111101101000001101100101011111010010111000000000000000000000000000000000000000000000000000000000000000000000000000000000000000000 1 0
19177 47.883 LR999936.1	7752338 ( 0 ) 111001101110111010101010001100000110111010011100110111101101000001101100101011111010010111000000000000000000000000000000000000000000000000000000000000000000000000000000000000000000 0 0
19182 47.883 LR999936.1	7752392 ( 0 ) 111001101110111010101010001100000110111010011100110111101101000001101100101011111010010111000000000000000000000000000000000000000000000000000000000000000000000000000000000000000000 0 0
19199 47.883 LR999936.1	7806045 ( 0 ) 111001101110111010101010001100000110111010011100110111101101000001101100101011111010010111000000000000000000000000000000000000000000000000000000000000000000000000000000000000000000 0 0
19220 47.883 LR999936.1	7948471 ( 0 ) 111001101110111010101010001100000110111010011100110111101101000001101100101011111010010111000000000000000000000000000000000000000000000000000000000000000000000000000000000000000000 0 0
19176 47.883 LR999936.1	7533107 ( 0 ) 111001101110111010101010001100000110111010011100110111101101000001101100101011111010010111000000000000000000000000000000000000000000000000000000000000000000000000000000000000000000 0 0
19221 47.883 LR999936.1	7948489 ( 0 ) 111001101110111010101010001100000110111010011100110111101101000001101100101011111010010111000000000000000000000000000000000000000000000000000000000000000000000000000000000000000000 0 0
19198 47.883 LR999936.1	7805852 ( 0 ) 111001101110111010101010001100000110111010011100110111101101000001101100101011111010010111000000000000000000000000000000000000000000000000000000000000000000000000000000000000000000 0 0
8132 47.883 LR999929.1	9575642 ( 0 ) 111001101110111010101010001100000110111010011100110111101101000001101100101011111010010111000000000000000000000000000000000000000000000000000000000000000000000000000000000000000000 0 0
19184 47.883 LR999936.1	7752421 ( 0 ) 111001101110111010101010001100000110111010011100110111101101000001101100101011111010010111000000000000000000000000000000000000000000000000000000000000000000000000000000000000000000 0 0
19189 47.883 LR999936.1	7752600 ( 0 ) 111001101110111010101010001100000110111010011100110111101101000001101100101011111010010111000000000000000000000000000000000000000000000000000000000000000000000000000000000000000000 0 0
19183 47.883 LR999936.1	7752411 ( 0 ) 111001101110111010101010001100000110111010011100110111101101000001101100101011111010010111000000000000000000000000000000000000000000000000000000000000000000000000000000000000000000 0 0
19200 47.883 LR999936.1	7918139 ( 0 ) 111001101110111010101010001100000110111010011100110111101101000001101100101011111010010111000000000000000000000000000000000000000000000000000000000000000000000000000000000000000000 0 0
19152 48.995 LR999936.1	7421008 ( 0 ) 111001101110111010101010001100000110111110011100110111101101000001101100101011111010010111000000000000000000000000000000000000000000000000000000000000000000000000000000000000000000 1 0
19155 48.995 LR999936.1	7421032 ( 0 ) 111001101110111010101010001100000110111110011100110111101101000001101100101011111010010111000000000000000000000000000000000000000000000000000000000000000000000000000000000000000000 0 0
19153 48.995 LR999936.1	7421020 ( 0 ) 111001101110111010101010001100000110111110011100110111101101000001101100101011111010010111000000000000000000000000000000000000000000000000000000000000000000000000000000000000000000 0 0
19159 48.995 LR999936.1	7421072 ( 0 ) 111001101110111010101010001100000110111110011100110111101101000001101100101011111010010111000000000000000000000000000000000000000000000000000000000000000000000000000000000000000000 0 0
19157 48.995 LR999936.1	7421039 ( 0 ) 111001101110111010101010001100000110111110011100110111101101000001101100101011111010010111000000000000000000000000000000000000000000000000000000000000000000000000000000000000000000 0 0
19156 48.995 LR999936.1	7421033 ( 0 ) 111001101110111010101010001100000110111110011100110111101101000001101100101011111010010111000000000000000000000000000000000000000000000000000000000000000000000000000000000000000000 0 0
19158 48.995 LR999936.1	7421063 ( 0 ) 111001101110111010101010001100000110111110011100110111101101000001101100101011111010010111000000000000000000000000000000000000000000000000000000000000000000000000000000000000000000 0 0
19154 48.995 LR999936.1	7421031 ( 0 ) 111001101110111010101010001100000110111110011100110111101101000001101100101011111010010111000000000000000000000000000000000000000000000000000000000000000000000000000000000000000000 0 0
19140 52.333 LR999936.1	7357252 ( 0 ) 011001101110111010100010001100000110111110011100110111101101000001101100111011111010010111000000000000000000000000000000000000000000000000000000000000000000000000000000000000000000 3 0
19084 52.333 LR999936.1	7127161 ( 0 ) 011001101110111010100010001100000110111110011100110111101101000001101100111011111010010111000000000000000000000000000000000000000000000000000000000000000000000000000000000000000000 0 0
19088 52.333 LR999936.1	7127253 ( 0 ) 011001101110111010100010001100000110111110011100110111101101000001101100111011111010010111000000000000000000000000000000000000000000000000000000000000000000000000000000000000000000 0 0
19081 52.333 LR999936.1	6773895 ( 0 ) 011001101110111010100010001100000110111110011100110111101101000001101100111011111010010111000000000000000000000000000000000000000000000000000000000000000000000000000000000000000000 0 0
19058 53.444 LR999936.1	6498440 ( 0 ) 011001101110111010100010001000000110111110011100110111101101000001101100111011111010010111000000000000000000000000000000000000000000000000000000000000000000000000000000000000000000 1 0
19056 53.444 LR999936.1	6498413 ( 0 ) 011001101110111010100010001000000110111110011100110111101101000001101100111011111010010111000000000000000000000000000000000000000000000000000000000000000000000000000000000000000000 0 0
19057 53.444 LR999936.1	6498429 ( 0 ) 011001101110111010100010001000000110111110011100110111101101000001101100111011111010010111000000000000000000000000000000000000000000000000000000000000000000000000000000000000000000 0 0
19059 53.444 LR999936.1	6589007 ( 0 ) 011001101110111010100010001000000110111110011100110111101101000001101100111011111010010111000000000000000000000000000000000000000000000000000000000000000000000000000000000000000000 0 0
18652 55.668 LR999936.1	2534983 ( 0 ) 001001001110111010100010001000000110111110011100110111101101000001101100111011111010010111000000000000000000000000000000000000000000000000000000000000000000000000000000000000000000 2 0
18651 55.668 LR999936.1	2510694 ( 0 ) 001001001110111010100010001000000110111110011100110111101101000001101100111011111010010111000000000000000000000000000000000000000000000000000000000000000000000000000000000000000000 0 0
19042 56.779 LR999936.1	6438929 ( 0 ) 001001001110111010100010001000000110111110011100110111101101100001101100111011111010010111000000000000000000000000000000000000000000000000000000000000000000000000000000000000000000 1 0
19043 56.779 LR999936.1	6438979 ( 0 ) 001001001110111010100010001000000110111110011100110111101101100001101100111011111010010111000000000000000000000000000000000000000000000000000000000000000000000000000000000000000000 0 0
18968 56.779 LR999936.1	5419578 ( 0 ) 001001001110111010100010001000000110111110011100110111101101100001101100111011111010010111000000000000000000000000000000000000000000000000000000000000000000000000000000000000000000 0 0
19040 56.779 LR999936.1	6438911 ( 0 ) 001001001110111010100010001000000110111110011100110111101101100001101100111011111010010111000000000000000000000000000000000000000000000000000000000000000000000000000000000000000000 0 0
19047 56.779 LR999936.1	6439050 ( 0 ) 001001001110111010100010001000000110111110011100110111101101100001101100111011111010010111000000000000000000000000000000000000000000000000000000000000000000000000000000000000000000 0 0
18948 56.779 LR999936.1	5227796 ( 0 ) 001001001110111010100010001000000110111110011100110111101101100001101100111011111010010111000000000000000000000000000000000000000000000000000000000000000000000000000000000000000000 0 0
19045 56.779 LR999936.1	6439034 ( 0 ) 001001001110111010100010001000000110111110011100110111101101100001101100111011111010010111000000000000000000000000000000000000000000000000000000000000000000000000000000000000000000 0 0
19046 56.779 LR999936.1	6439043 ( 0 ) 001001001110111010100010001000000110111110011100110111101101100001101100111011111010010111000000000000000000000000000000000000000000000000000000000000000000000000000000000000000000 0 0
18899 59.003 LR999936.1	4745813 ( 0 ) 001001001110111010110010001000000110111110011100110111111101100001101100111011111010010111000000000000000000000000000000000000000000000000000000000000000000000000000000000000000000 2 0
18901 59.003 LR999936.1	4745829 ( 0 ) 001001001110111010110010001000000110111110011100110111111101100001101100111011111010010111000000000000000000000000000000000000000000000000000000000000000000000000000000000000000000 0 0
18896 60.114 LR999936.1	4745788 ( 0 ) 001001001110111010110010001000000100111110011100110111111101100001101100111011111010010111000000000000000000000000000000000000000000000000000000000000000000000000000000000000000000 1 0
18871 60.114 LR999936.1	4571031 ( 0 ) 001001001110111010110010001000000100111110011100110111111101100001101100111011111010010111000000000000000000000000000000000000000000000000000000000000000000000000000000000000000000 0 0
18882 60.114 LR999936.1	4571249 ( 0 ) 001001001110111010110010001000000100111110011100110111111101100001101100111011111010010111000000000000000000000000000000000000000000000000000000000000000000000000000000000000000000 0 0
18897 60.114 LR999936.1	4745800 ( 0 ) 001001001110111010110010001000000100111110011100110111111101100001101100111011111010010111000000000000000000000000000000000000000000000000000000000000000000000000000000000000000000 0 0
18867 60.114 LR999936.1	4570929 ( 0 ) 001001001110111010110010001000000100111110011100110111111101100001101100111011111010010111000000000000000000000000000000000000000000000000000000000000000000000000000000000000000000 0 0
18881 60.114 LR999936.1	4571216 ( 0 ) 001001001110111010110010001000000100111110011100110111111101100001101100111011111010010111000000000000000000000000000000000000000000000000000000000000000000000000000000000000000000 0 0
18875 60.114 LR999936.1	4571193 ( 0 ) 001001001110111010110010001000000100111110011100110111111101100001101100111011111010010111000000000000000000000000000000000000000000000000000000000000000000000000000000000000000000 0 0
18841 61.225 LR999936.1	4363383 ( 0 ) 001001001110111010110010001000000100111110011100110111111101100001101000111011111010010111000000000000000000000000000000000000000000000000000000000000000000000000000000000000000000 1 0
18840 61.225 LR999936.1	4363369 ( 0 ) 001001001110111010110010001000000100111110011100110111111101100001101000111011111010010111000000000000000000000000000000000000000000000000000000000000000000000000000000000000000000 0 0
32760 62.337 LR999946.1	9269984 ( 0 ) 001001001110111010110010001000000100111110011100110111111101100001101000111011011010010111000000000000000000000000000000000000000000000000000000000000000000000000000000000000000000 1 0
18784 62.337 LR999936.1	3750870 ( 0 ) 001001001110111010110010001000000100111110011100110111111101100001101000111011011010010111000000000000000000000000000000000000000000000000000000000000000000000000000000000000000000 0 0
18704 62.337 LR999936.1	2975105 ( 0 ) 001001001110111010110010001000000100111110011100110111111101100001101000111011011010010111000000000000000000000000000000000000000000000000000000000000000000000000000000000000000000 0 0
18736 62.337 LR999936.1	3303891 ( 0 ) 001001001110111010110010001000000100111110011100110111111101100001101000111011011010010111000000000000000000000000000000000000000000000000000000000000000000000000000000000000000000 0 0
18731 62.337 LR999936.1	3303588 ( 0 ) 001001001110111010110010001000000100111110011100110111111101100001101000111011011010010111000000000000000000000000000000000000000000000000000000000000000000000000000000000000000000 0 0
18785 62.337 LR999936.1	3750874 ( 0 ) 001001001110111010110010001000000100111110011100110111111101100001101000111011011010010111000000000000000000000000000000000000000000000000000000000000000000000000000000000000000000 0 0
18761 62.337 LR999936.1	3500364 ( 0 ) 001001001110111010110010001000000100111110011100110111111101100001101000111011011010010111000000000000000000000000000000000000000000000000000000000000000000000000000000000000000000 0 0
18732 62.337 LR999936.1	3303603 ( 0 ) 001001001110111010110010001000000100111110011100110111111101100001101000111011011010010111000000000000000000000000000000000000000000000000000000000000000000000000000000000000000000 0 0
18788 62.337 LR999936.1	3750883 ( 0 ) 001001001110111010110010001000000100111110011100110111111101100001101000111011011010010111000000000000000000000000000000000000000000000000000000000000000000000000000000000000000000 0 0
18791 62.337 LR999936.1	3750940 ( 0 ) 001001001110111010110010001000000100111110011100110111111101100001101000111011011010010111000000000000000000000000000000000000000000000000000000000000000000000000000000000000000000 0 0
18787 62.337 LR999936.1	3750882 ( 0 ) 001001001110111010110010001000000100111110011100110111111101100001101000111011011010010111000000000000000000000000000000000000000000000000000000000000000000000000000000000000000000 0 0
18789 62.337 LR999936.1	3750893 ( 0 ) 001001001110111010110010001000000100111110011100110111111101100001101000111011011010010111000000000000000000000000000000000000000000000000000000000000000000000000000000000000000000 0 0
18696 62.337 LR999936.1	2975073 ( 0 ) 001001001110111010110010001000000100111110011100110111111101100001101000111011011010010111000000000000000000000000000000000000000000000000000000000000000000000000000000000000000000 0 0
18686 63.448 LR999936.1	2975005 ( 0 ) 001001001110111010110010001000000100111110011100110111111101100001111000111011011010010111000000000000000000000000000000000000000000000000000000000000000000000000000000000000000000 1 0
18700 63.448 LR999936.1	2975084 ( 0 ) 001001001110111010110010001000000100111110011100110111111101100001111000111011011010010111000000000000000000000000000000000000000000000000000000000000000000000000000000000000000000 0 0
18764 63.448 LR999936.1	3500458 ( 0 ) 001001001110111010110010001000000100111110011100110111111101100001111000111011011010010111000000000000000000000000000000000000000000000000000000000000000000000000000000000000000000 0 0
18722 63.448 LR999936.1	3303511 ( 0 ) 001001001110111010110010001000000100111110011100110111111101100001111000111011011010010111000000000000000000000000000000000000000000000000000000000000000000000000000000000000000000 0 0
18719 63.448 LR999936.1	3129754 ( 0 ) 001001001110111010110010001000000100111110011100110111111101100001111000111011011010010111000000000000000000000000000000000000000000000000000000000000000000000000000000000000000000 0 0
18721 63.448 LR999936.1	3129776 ( 0 ) 001001001110111010110010001000000100111110011100110111111101100001111000111011011010010111000000000000000000000000000000000000000000000000000000000000000000000000000000000000000000 0 0
18717 63.448 LR999936.1	3129721 ( 0 ) 001001001110111010110010001000000100111110011100110111111101100001111000111011011010010111000000000000000000000000000000000000000000000000000000000000000000000000000000000000000000 0 0
18641 63.448 LR999936.1	2510425 ( 0 ) 001001001110111010110010001000000100111110011100110111111101100001111000111011011010010111000000000000000000000000000000000000000000000000000000000000000000000000000000000000000000 0 0
18689 63.448 LR999936.1	2975031 ( 0 ) 001001001110111010110010001000000100111110011100110111111101100001111000111011011010010111000000000000000000000000000000000000000000000000000000000000000000000000000000000000000000 0 0
18656 63.448 LR999936.1	2535189 ( 0 ) 001001001110111010110010001000000100111110011100110111111101100001111000111011011010010111000000000000000000000000000000000000000000000000000000000000000000000000000000000000000000 0 0
18720 63.448 LR999936.1	3129755 ( 0 ) 001001001110111010110010001000000100111110011100110111111101100001111000111011011010010111000000000000000000000000000000000000000000000000000000000000000000000000000000000000000000 0 0
18713 63.448 LR999936.1	3129603 ( 0 ) 001001001110111010110010001000000100111110011100110111111101100001111000111011011010010111000000000000000000000000000000000000000000000000000000000000000000000000000000000000000000 0 0
18650 63.448 LR999936.1	2510693 ( 0 ) 001001001110111010110010001000000100111110011100110111111101100001111000111011011010010111000000000000000000000000000000000000000000000000000000000000000000000000000000000000000000 0 0
18677 63.448 LR999936.1	2858337 ( 0 ) 001001001110111010110010001000000100111110011100110111111101100001111000111011011010010111000000000000000000000000000000000000000000000000000000000000000000000000000000000000000000 0 0
18664 63.448 LR999936.1	2694497 ( 0 ) 001001001110111010110010001000000100111110011100110111111101100001111000111011011010010111000000000000000000000000000000000000000000000000000000000000000000000000000000000000000000 0 0
18718 63.448 LR999936.1	3129750 ( 0 ) 001001001110111010110010001000000100111110011100110111111101100001111000111011011010010111000000000000000000000000000000000000000000000000000000000000000000000000000000000000000000 0 0
18644 63.448 LR999936.1	2510470 ( 0 ) 001001001110111010110010001000000100111110011100110111111101100001111000111011011010010111000000000000000000000000000000000000000000000000000000000000000000000000000000000000000000 0 0
18666 63.448 LR999936.1	2694700 ( 0 ) 001001001110111010110010001000000100111110011100110111111101100001111000111011011010010111000000000000000000000000000000000000000000000000000000000000000000000000000000000000000000 0 0
18716 63.448 LR999936.1	3129717 ( 0 ) 001001001110111010110010001000000100111110011100110111111101100001111000111011011010010111000000000000000000000000000000000000000000000000000000000000000000000000000000000000000000 0 0
18657 63.448 LR999936.1	2535253 ( 0 ) 001001001110111010110010001000000100111110011100110111111101100001111000111011011010010111000000000000000000000000000000000000000000000000000000000000000000000000000000000000000000 0 0
18763 63.448 LR999936.1	3500430 ( 0 ) 001001001110111010110010001000000100111110011100110111111101100001111000111011011010010111000000000000000000000000000000000000000000000000000000000000000000000000000000000000000000 0 0
18549 65.672 LR999936.1	1528127 ( 0 ) 001001001110111010110010001000000100111110011100110111111100100001111000111011011010010110000000000000000000000000000000000000000000000000000000000000000000000000000000000000000000 2 0
18551 65.672 LR999936.1	1528222 ( 0 ) 001001001110111010110010001000000100111110011100110111111100100001111000111011011010010110000000000000000000000000000000000000000000000000000000000000000000000000000000000000000000 0 0
18581 65.672 LR999936.1	2073722 ( 0 ) 001001001110111010110010001000000100111110011100110111111100100001111000111011011010010110000000000000000000000000000000000000000000000000000000000000000000000000000000000000000000 0 0
18579 65.672 LR999936.1	2073562 ( 0 ) 001001001110111010110010001000000100111110011100110111111100100001111000111011011010010110000000000000000000000000000000000000000000000000000000000000000000000000000000000000000000 0 0
18505 65.672 LR999936.1	1142273 ( 0 ) 001001001110111010110010001000000100111110011100110111111100100001111000111011011010010110000000000000000000000000000000000000000000000000000000000000000000000000000000000000000000 0 0
18560 65.672 LR999936.1	1720224 ( 0 ) 001001001110111010110010001000000100111110011100110111111100100001111000111011011010010110000000000000000000000000000000000000000000000000000000000000000000000000000000000000000000 0 0
18548 65.672 LR999936.1	1528103 ( 0 ) 001001001110111010110010001000000100111110011100110111111100100001111000111011011010010110000000000000000000000000000000000000000000000000000000000000000000000000000000000000000000 0 0
18574 65.672 LR999936.1	2073510 ( 0 ) 001001001110111010110010001000000100111110011100110111111100100001111000111011011010010110000000000000000000000000000000000000000000000000000000000000000000000000000000000000000000 0 0
18504 65.672 LR999936.1	1142268 ( 0 ) 001001001110111010110010001000000100111110011100110111111100100001111000111011011010010110000000000000000000000000000000000000000000000000000000000000000000000000000000000000000000 0 0
18572 65.672 LR999936.1	2073502 ( 0 ) 001001001110111010110010001000000100111110011100110111111100100001111000111011011010010110000000000000000000000000000000000000000000000000000000000000000000000000000000000000000000 0 0
18536 65.672 LR999936.1	1323190 ( 0 ) 001001001110111010110010001000000100111110011100110111111100100001111000111011011010010110000000000000000000000000000000000000000000000000000000000000000000000000000000000000000000 0 0
18577 65.672 LR999936.1	2073532 ( 0 ) 001001001110111010110010001000000100111110011100110111111100100001111000111011011010010110000000000000000000000000000000000000000000000000000000000000000000000000000000000000000000 0 0
18507 65.672 LR999936.1	1198550 ( 0 ) 001001001110111010110010001000000100111110011100110111111100100001111000111011011010010110000000000000000000000000000000000000000000000000000000000000000000000000000000000000000000 0 0
18550 65.672 LR999936.1	1528130 ( 0 ) 001001001110111010110010001000000100111110011100110111111100100001111000111011011010010110000000000000000000000000000000000000000000000000000000000000000000000000000000000000000000 0 0
18553 65.672 LR999936.1	1528265 ( 0 ) 001001001110111010110010001000000100111110011100110111111100100001111000111011011010010110000000000000000000000000000000000000000000000000000000000000000000000000000000000000000000 0 0
18506 65.672 LR999936.1	1142310 ( 0 ) 001001001110111010110010001000000100111110011100110111111100100001111000111011011010010110000000000000000000000000000000000000000000000000000000000000000000000000000000000000000000 0 0
18547 65.672 LR999936.1	1528091 ( 0 ) 001001001110111010110010001000000100111110011100110111111100100001111000111011011010010110000000000000000000000000000000000000000000000000000000000000000000000000000000000000000000 0 0
18552 65.672 LR999936.1	1528233 ( 0 ) 001001001110111010110010001000000100111110011100110111111100100001111000111011011010010110000000000000000000000000000000000000000000000000000000000000000000000000000000000000000000 0 0
18428 66.783 LR999936.1	252002 ( 0 ) 001001001111111010110010001000000100111110011100110111111100100001111000111011011010010110000000000000000000000000000000000000000000000000000000000000000000000000000000000000000000 1 0
18438 66.783 LR999936.1	391697 ( 0 ) 001001001111111010110010001000000100111110011100110111111100100001111000111011011010010110000000000000000000000000000000000000000000000000000000000000000000000000000000000000000000 0 0
18466 66.783 LR999936.1	744959 ( 0 ) 001001001111111010110010001000000100111110011100110111111100100001111000111011011010010110000000000000000000000000000000000000000000000000000000000000000000000000000000000000000000 0 0
18441 66.783 LR999936.1	391812 ( 0 ) 001001001111111010110010001000000100111110011100110111111100100001111000111011011010010110000000000000000000000000000000000000000000000000000000000000000000000000000000000000000000 0 0
18403 66.783 LR999936.1	122018 ( 0 ) 001001001111111010110010001000000100111110011100110111111100100001111000111011011010010110000000000000000000000000000000000000000000000000000000000000000000000000000000000000000000 0 0
18459 66.783 LR999936.1	744895 ( 0 ) 001001001111111010110010001000000100111110011100110111111100100001111000111011011010010110000000000000000000000000000000000000000000000000000000000000000000000000000000000000000000 0 0
18456 66.783 LR999936.1	744751 ( 0 ) 001001001111111010110010001000000100111110011100110111111100100001111000111011011010010110000000000000000000000000000000000000000000000000000000000000000000000000000000000000000000 0 0
18464 66.783 LR999936.1	744935 ( 0 ) 001001001111111010110010001000000100111110011100110111111100100001111000111011011010010110000000000000000000000000000000000000000000000000000000000000000000000000000000000000000000 0 0
18457 66.783 LR999936.1	744757 ( 0 ) 001001001111111010110010001000000100111110011100110111111100100001111000111011011010010110000000000000000000000000000000000000000000000000000000000000000000000000000000000000000000 0 0
18470 66.783 LR999936.1	745001 ( 0 ) 001001001111111010110010001000000100111110011100110111111100100001111000111011011010010110000000000000000000000000000000000000000000000000000000000000000000000000000000000000000000 0 0
18478 66.783 LR999936.1	939310 ( 0 ) 001001001111111010110010001000000100111110011100110111111100100001111000111011011010010110000000000000000000000000000000000000000000000000000000000000000000000000000000000000000000 0 0
18455 66.783 LR999936.1	744730 ( 0 ) 001001001111111010110010001000000100111110011100110111111100100001111000111011011010010110000000000000000000000000000000000000000000000000000000000000000000000000000000000000000000 0 0
18468 66.783 LR999936.1	744972 ( 0 ) 001001001111111010110010001000000100111110011100110111111100100001111000111011011010010110000000000000000000000000000000000000000000000000000000000000000000000000000000000000000000 0 0
18469 66.783 LR999936.1	744973 ( 0 ) 001001001111111010110010001000000100111110011100110111111100100001111000111011011010010110000000000000000000000000000000000000000000000000000000000000000000000000000000000000000000 0 0
18465 66.783 LR999936.1	744939 ( 0 ) 001001001111111010110010001000000100111110011100110111111100100001111000111011011010010110000000000000000000000000000000000000000000000000000000000000000000000000000000000000000000 0 0
18401 66.783 LR999936.1	85279 ( 0 ) 001001001111111010110010001000000100111110011100110111111100100001111000111011011010010110000000000000000000000000000000000000000000000000000000000000000000000000000000000000000000 0 0
