#*** LG = 0 likelihood = -2349.1333
#marker_number	male_position	female_position	( 0.0 )[	phased data]
10470 0.000 LR999931.1	592940 ( 0 ) 110010110011100011111100111000001110110000010011011000100001110101110100101000001100110001000000000000000000000000000000000000000000000000000000000000000000000000000000000000000000 0 0
10470 0.000 LR999931.1	592940 ( 0 ) 110010110011100011111100111000001110110000010011011000100001110101110100101000001100110001000000000000000000000000000000000000000000000000000000000000000000000000000000000000000000 0 0
10468 0.000 LR999931.1	592899 ( 0 ) 110010110011100011111100111000001110110000010011011000100001110101110100101000001100110001000000000000000000000000000000000000000000000000000000000000000000000000000000000000000000 0 0
10469 0.000 LR999931.1	592902 ( 0 ) 110010110011100011111100111000001110110000010011011000100001110101110100101000001100110001000000000000000000000000000000000000000000000000000000000000000000000000000000000000000000 0 0
10370 0.000 LR999931.1	255052 ( 0 ) 110010110011100011111100111000001110110000010011011000100001110101110100101000001100110001000000000000000000000000000000000000000000000000000000000000000000000000000000000000000000 0 0
10476 0.000 LR999931.1	618056 ( 0 ) 110010110011100011111100111000001110110000010011011000100001110101110100101000001100110001000000000000000000000000000000000000000000000000000000000000000000000000000000000000000000 0 0
10472 0.000 LR999931.1	592971 ( 0 ) 110010110011100011111100111000001110110000010011011000100001110101110100101000001100110001000000000000000000000000000000000000000000000000000000000000000000000000000000000000000000 0 0
10441 0.000 LR999931.1	290619 ( 0 ) 110010110011100011111100111000001110110000010011011000100001110101110100101000001100110001000000000000000000000000000000000000000000000000000000000000000000000000000000000000000000 0 0
10599 1.111 LR999931.1	1494447 ( 0 ) 110010110011100011111100111000001110110000010001011000100001110101110100101000001100110001000000000000000000000000000000000000000000000000000000000000000000000000000000000000000000 1 0
10516 2.223 LR999931.1	928102 ( 0 ) 110010110011100011111100111000001110110000011001011000100001110101110100101000001100110001000000000000000000000000000000000000000000000000000000000000000000000000000000000000000000 1 0
10604 3.334 LR999931.1	1494721 ( 0 ) 110010110011101011111100111000001110110000011001011000100001110101110100101000001100110001000000000000000000000000000000000000000000000000000000000000000000000000000000000000000000 1 0
10611 3.334 LR999931.1	1499096 ( 0 ) 110010110011101011111100111000001110110000011001011000100001110101110100101000001100110001000000000000000000000000000000000000000000000000000000000000000000000000000000000000000000 0 0
10655 3.334 LR999931.1	2103474 ( 0 ) 110010110011101011111100111000001110110000011001011000100001110101110100101000001100110001000000000000000000000000000000000000000000000000000000000000000000000000000000000000000000 0 0
10610 3.334 LR999931.1	1499072 ( 0 ) 110010110011101011111100111000001110110000011001011000100001110101110100101000001100110001000000000000000000000000000000000000000000000000000000000000000000000000000000000000000000 0 0
10609 3.334 LR999931.1	1498872 ( 0 ) 110010110011101011111100111000001110110000011001011000100001110101110100101000001100110001000000000000000000000000000000000000000000000000000000000000000000000000000000000000000000 0 0
10657 3.334 LR999931.1	2103510 ( 0 ) 110010110011101011111100111000001110110000011001011000100001110101110100101000001100110001000000000000000000000000000000000000000000000000000000000000000000000000000000000000000000 0 0
10667 3.334 LR999931.1	2103640 ( 0 ) 110010110011101011111100111000001110110000011001011000100001110101110100101000001100110001000000000000000000000000000000000000000000000000000000000000000000000000000000000000000000 0 0
10602 3.334 LR999931.1	1494472 ( 0 ) 110010110011101011111100111000001110110000011001011000100001110101110100101000001100110001000000000000000000000000000000000000000000000000000000000000000000000000000000000000000000 0 0
10687 3.334 LR999931.1	2241343 ( 0 ) 110010110011101011111100111000001110110000011001011000100001110101110100101000001100110001000000000000000000000000000000000000000000000000000000000000000000000000000000000000000000 0 0
10686 3.334 LR999931.1	2241286 ( 0 ) 110010110011101011111100111000001110110000011001011000100001110101110100101000001100110001000000000000000000000000000000000000000000000000000000000000000000000000000000000000000000 0 0
10659 3.334 LR999931.1	2103520 ( 0 ) 110010110011101011111100111000001110110000011001011000100001110101110100101000001100110001000000000000000000000000000000000000000000000000000000000000000000000000000000000000000000 0 0
10681 3.334 LR999931.1	2241239 ( 0 ) 110010110011101011111100111000001110110000011001011000100001110101110100101000001100110001000000000000000000000000000000000000000000000000000000000000000000000000000000000000000000 0 0
10689 3.334 LR999931.1	2241348 ( 0 ) 110010110011101011111100111000001110110000011001011000100001110101110100101000001100110001000000000000000000000000000000000000000000000000000000000000000000000000000000000000000000 0 0
10680 3.334 LR999931.1	2241214 ( 0 ) 110010110011101011111100111000001110110000011001011000100001110101110100101000001100110001000000000000000000000000000000000000000000000000000000000000000000000000000000000000000000 0 0
10665 3.334 LR999931.1	2103631 ( 0 ) 110010110011101011111100111000001110110000011001011000100001110101110100101000001100110001000000000000000000000000000000000000000000000000000000000000000000000000000000000000000000 0 0
10666 3.334 LR999931.1	2103633 ( 0 ) 110010110011101011111100111000001110110000011001011000100001110101110100101000001100110001000000000000000000000000000000000000000000000000000000000000000000000000000000000000000000 0 0
10668 3.334 LR999931.1	2103643 ( 0 ) 110010110011101011111100111000001110110000011001011000100001110101110100101000001100110001000000000000000000000000000000000000000000000000000000000000000000000000000000000000000000 0 0
10658 3.334 LR999931.1	2103511 ( 0 ) 110010110011101011111100111000001110110000011001011000100001110101110100101000001100110001000000000000000000000000000000000000000000000000000000000000000000000000000000000000000000 0 0
10660 3.334 LR999931.1	2103604 ( 0 ) 110010110011101011111100111000001110110000011001011000100001110101110100101000001100110001000000000000000000000000000000000000000000000000000000000000000000000000000000000000000000 0 0
10656 3.334 LR999931.1	2103507 ( 0 ) 110010110011101011111100111000001110110000011001011000100001110101110100101000001100110001000000000000000000000000000000000000000000000000000000000000000000000000000000000000000000 0 0
10688 3.334 LR999931.1	2241344 ( 0 ) 110010110011101011111100111000001110110000011001011000100001110101110100101000001100110001000000000000000000000000000000000000000000000000000000000000000000000000000000000000000000 0 0
10669 3.334 LR999931.1	2103644 ( 0 ) 110010110011101011111100111000001110110000011001011000100001110101110100101000001100110001000000000000000000000000000000000000000000000000000000000000000000000000000000000000000000 0 0
10664 3.334 LR999931.1	2103628 ( 0 ) 110010110011101011111100111000001110110000011001011000100001110101110100101000001100110001000000000000000000000000000000000000000000000000000000000000000000000000000000000000000000 0 0
10663 3.334 LR999931.1	2103622 ( 0 ) 110010110011101011111100111000001110110000011001011000100001110101110100101000001100110001000000000000000000000000000000000000000000000000000000000000000000000000000000000000000000 0 0
10670 3.334 LR999931.1	2103656 ( 0 ) 110010110011101011111100111000001110110000011001011000100001110101110100101000001100110001000000000000000000000000000000000000000000000000000000000000000000000000000000000000000000 0 0
10710 4.445 LR999931.1	2376436 ( 0 ) 110010110011101011111100111000001111110000011001011000100001110101110100101000001100110001000000000000000000000000000000000000000000000000000000000000000000000000000000000000000000 1 0
10713 4.445 LR999931.1	2376638 ( 0 ) 110010110011101011111100111000001111110000011001011000100001110101110100101000001100110001000000000000000000000000000000000000000000000000000000000000000000000000000000000000000000 0 0
10723 5.556 LR999931.1	2625158 ( 0 ) 110010100011101011111100111000001111110000011001011000100001110101110100101000001100110001000000000000000000000000000000000000000000000000000000000000000000000000000000000000000000 1 0
10737 5.556 LR999931.1	2680495 ( 0 ) 110010100011101011111100111000001111110000011001011000100001110101110100101000001100110001000000000000000000000000000000000000000000000000000000000000000000000000000000000000000000 0 0
10743 5.556 LR999931.1	2687317 ( 0 ) 110010100011101011111100111000001111110000011001011000100001110101110100101000001100110001000000000000000000000000000000000000000000000000000000000000000000000000000000000000000000 0 0
10722 5.556 LR999931.1	2625064 ( 0 ) 110010100011101011111100111000001111110000011001011000100001110101110100101000001100110001000000000000000000000000000000000000000000000000000000000000000000000000000000000000000000 0 0
10739 5.556 LR999931.1	2687307 ( 0 ) 110010100011101011111100111000001111110000011001011000100001110101110100101000001100110001000000000000000000000000000000000000000000000000000000000000000000000000000000000000000000 0 0
10742 5.556 LR999931.1	2687314 ( 0 ) 110010100011101011111100111000001111110000011001011000100001110101110100101000001100110001000000000000000000000000000000000000000000000000000000000000000000000000000000000000000000 0 0
10756 8.895 LR999931.1	2844843 ( 0 ) 110010100011101011111100111000001111110000011001011000100001110111110100101000001100110010000000000000000000000000000000000000000000000000000000000000000000000000000000000000000000 3 0
10757 8.895 LR999931.1	2980569 ( 0 ) 110010100011101011111100111000001111110000011001011000100001110111110100101000001100110010000000000000000000000000000000000000000000000000000000000000000000000000000000000000000000 0 0
10788 12.233 LR999931.1	3101548 ( 0 ) 110010100011111011111100111000001111110000011001011010100001110111110100001000001100110010000000000000000000000000000000000000000000000000000000000000000000000000000000000000000000 3 0
10860 15.571 LR999931.1	4038822 ( 0 ) 110010100111111011111100111000001111110000011001011010100001110111110100001101001100110010000000000000000000000000000000000000000000000000000000000000000000000000000000000000000000 3 0
10861 15.571 LR999931.1	4038824 ( 0 ) 110010100111111011111100111000001111110000011001011010100001110111110100001101001100110010000000000000000000000000000000000000000000000000000000000000000000000000000000000000000000 0 0
10864 15.571 LR999931.1	4038867 ( 0 ) 110010100111111011111100111000001111110000011001011010100001110111110100001101001100110010000000000000000000000000000000000000000000000000000000000000000000000000000000000000000000 0 0
10865 15.571 LR999931.1	4039120 ( 0 ) 110010100111111011111100111000001111110000011001011010100001110111110100001101001100110010000000000000000000000000000000000000000000000000000000000000000000000000000000000000000000 0 0
10929 16.683 LR999931.1	4576062 ( 0 ) 110010100111111011111100111000001111110000011001011010100001110111110100001111001100110010000000000000000000000000000000000000000000000000000000000000000000000000000000000000000000 1 0
10938 16.683 LR999931.1	4748501 ( 0 ) 110010100111111011111100111000001111110000011001011010100001110111110100001111001100110010000000000000000000000000000000000000000000000000000000000000000000000000000000000000000000 0 0
10943 16.683 LR999931.1	4748520 ( 0 ) 110010100111111011111100111000001111110000011001011010100001110111110100001111001100110010000000000000000000000000000000000000000000000000000000000000000000000000000000000000000000 0 0
10937 16.683 LR999931.1	4748494 ( 0 ) 110010100111111011111100111000001111110000011001011010100001110111110100001111001100110010000000000000000000000000000000000000000000000000000000000000000000000000000000000000000000 0 0
10944 16.683 LR999931.1	4748524 ( 0 ) 110010100111111011111100111000001111110000011001011010100001110111110100001111001100110010000000000000000000000000000000000000000000000000000000000000000000000000000000000000000000 0 0
10940 16.683 LR999931.1	4748504 ( 0 ) 110010100111111011111100111000001111110000011001011010100001110111110100001111001100110010000000000000000000000000000000000000000000000000000000000000000000000000000000000000000000 0 0
10939 16.683 LR999931.1	4748502 ( 0 ) 110010100111111011111100111000001111110000011001011010100001110111110100001111001100110010000000000000000000000000000000000000000000000000000000000000000000000000000000000000000000 0 0
10818 18.906 LR999931.1	3479681 ( 0 ) 010010100111111011011100111000001111110000011001011010100001110111110100001111001100110010000000000000000000000000000000000000000000000000000000000000000000000000000000000000000000 2 0
10846 20.018 LR999931.1	3931954 ( 0 ) 010010100111111011011100111000001111110000011001011010100001110111110100001111001100010010000000000000000000000000000000000000000000000000000000000000000000000000000000000000000000 1 0
10847 20.018 LR999931.1	3932103 ( 0 ) 010010100111111011011100111000001111110000011001011010100001110111110100001111001100010010000000000000000000000000000000000000000000000000000000000000000000000000000000000000000000 0 0
10913 20.018 LR999931.1	4436893 ( 0 ) 010010100111111011011100111000001111110000011001011010100001110111110100001111001100010010000000000000000000000000000000000000000000000000000000000000000000000000000000000000000000 0 0
10911 20.018 LR999931.1	4436847 ( 0 ) 010010100111111011011100111000001111110000011001011010100001110111110100001111001100010010000000000000000000000000000000000000000000000000000000000000000000000000000000000000000000 0 0
10875 20.018 LR999931.1	4128500 ( 0 ) 010010100111111011011100111000001111110000011001011010100001110111110100001111001100010010000000000000000000000000000000000000000000000000000000000000000000000000000000000000000000 0 0
10910 20.018 LR999931.1	4436846 ( 0 ) 010010100111111011011100111000001111110000011001011010100001110111110100001111001100010010000000000000000000000000000000000000000000000000000000000000000000000000000000000000000000 0 0
10903 20.018 LR999931.1	4436596 ( 0 ) 010010100111111011011100111000001111110000011001011010100001110111110100001111001100010010000000000000000000000000000000000000000000000000000000000000000000000000000000000000000000 0 0
10912 20.018 LR999931.1	4436877 ( 0 ) 010010100111111011011100111000001111110000011001011010100001110111110100001111001100010010000000000000000000000000000000000000000000000000000000000000000000000000000000000000000000 0 0
10876 20.018 LR999931.1	4128586 ( 0 ) 010010100111111011011100111000001111110000011001011010100001110111110100001111001100010010000000000000000000000000000000000000000000000000000000000000000000000000000000000000000000 0 0
10984 23.356 LR999931.1	5590797 ( 0 ) 010010100111111011011100111100001111110000011001011010100001110111110101001111001100010110000000000000000000000000000000000000000000000000000000000000000000000000000000000000000000 3 0
10993 23.356 LR999931.1	5591119 ( 0 ) 010010100111111011011100111100001111110000011001011010100001110111110101001111001100010110000000000000000000000000000000000000000000000000000000000000000000000000000000000000000000 0 0
11008 24.467 LR999931.1	5868468 ( 0 ) 010010100111111011011100111100001111110000011001011010100001110111110111001111001100010110000000000000000000000000000000000000000000000000000000000000000000000000000000000000000000 1 0
11013 24.467 LR999931.1	5868664 ( 0 ) 010010100111111011011100111100001111110000011001011010100001110111110111001111001100010110000000000000000000000000000000000000000000000000000000000000000000000000000000000000000000 0 0
11012 24.467 LR999931.1	5868483 ( 0 ) 010010100111111011011100111100001111110000011001011010100001110111110111001111001100010110000000000000000000000000000000000000000000000000000000000000000000000000000000000000000000 0 0
11007 24.467 LR999931.1	5868467 ( 0 ) 010010100111111011011100111100001111110000011001011010100001110111110111001111001100010110000000000000000000000000000000000000000000000000000000000000000000000000000000000000000000 0 0
11011 24.467 LR999931.1	5868480 ( 0 ) 010010100111111011011100111100001111110000011001011010100001110111110111001111001100010110000000000000000000000000000000000000000000000000000000000000000000000000000000000000000000 0 0
10996 25.578 LR999931.1	5836976 ( 0 ) 010010100111111011011100111100001111110000011001011010100001110111100111001111001100010110000000000000000000000000000000000000000000000000000000000000000000000000000000000000000000 1 0
11000 25.578 LR999931.1	5837071 ( 0 ) 010010100111111011011100111100001111110000011001011010100001110111100111001111001100010110000000000000000000000000000000000000000000000000000000000000000000000000000000000000000000 0 0
11014 25.578 LR999931.1	5868778 ( 0 ) 010010100111111011011100111100001111110000011001011010100001110111100111001111001100010110000000000000000000000000000000000000000000000000000000000000000000000000000000000000000000 0 0
11038 31.157 LR999931.1	6389587 ( 0 ) 010010100101111111011100111100001111110100011001011010101001110111100111000111001100010110000000000000000000000000000000000000000000000000000000000000000000000000000000000000000000 5 0
11036 31.157 LR999931.1	6389471 ( 0 ) 010010100101111111011100111100001111110100011001011010101001110111100111000111001100010110000000000000000000000000000000000000000000000000000000000000000000000000000000000000000000 0 0
11048 32.268 LR999931.1	6750042 ( 0 ) 010010100101111111011100111100001111111100011001011010101001110111100111000111001100010110000000000000000000000000000000000000000000000000000000000000000000000000000000000000000000 1 0
11056 33.380 LR999931.1	7124375 ( 0 ) 010010100101111111011000111100001111111100011001011010101001110111100111000111001100010110000000000000000000000000000000000000000000000000000000000000000000000000000000000000000000 1 0
11055 33.380 LR999931.1	7124370 ( 0 ) 010010100101111111011000111100001111111100011001011010101001110111100111000111001100010110000000000000000000000000000000000000000000000000000000000000000000000000000000000000000000 0 0
11061 33.380 LR999931.1	7124671 ( 0 ) 010010100101111111011000111100001111111100011001011010101001110111100111000111001100010110000000000000000000000000000000000000000000000000000000000000000000000000000000000000000000 0 0
11060 33.380 LR999931.1	7124612 ( 0 ) 010010100101111111011000111100001111111100011001011010101001110111100111000111001100010110000000000000000000000000000000000000000000000000000000000000000000000000000000000000000000 0 0
11054 33.380 LR999931.1	7124363 ( 0 ) 010010100101111111011000111100001111111100011001011010101001110111100111000111001100010110000000000000000000000000000000000000000000000000000000000000000000000000000000000000000000 0 0
11059 33.380 LR999931.1	7124576 ( 0 ) 010010100101111111011000111100001111111100011001011010101001110111100111000111001100010110000000000000000000000000000000000000000000000000000000000000000000000000000000000000000000 0 0
11058 33.380 LR999931.1	7124573 ( 0 ) 010010100101111111011000111100001111111100011001011010101001110111100111000111001100010110000000000000000000000000000000000000000000000000000000000000000000000000000000000000000000 0 0
11057 33.380 LR999931.1	7124389 ( 0 ) 010010100101111111011000111100001111111100011001011010101001110111100111000111001100010110000000000000000000000000000000000000000000000000000000000000000000000000000000000000000000 0 0
11068 34.491 LR999931.1	7236053 ( 0 ) 010011100101111111011000111100001111111100011001011010101001110111100111000111001100010110000000000000000000000000000000000000000000000000000000000000000000000000000000000000000000 1 0
11156 35.602 LR999931.1	8060020 ( 0 ) 010011100101111111011010111100001111111100011001011010101001110111100111000111001100010110000000000000000000000000000000000000000000000000000000000000000000000000000000000000000000 1 0
11136 35.602 LR999931.1	8006028 ( 0 ) 010011100101111111011010111100001111111100011001011010101001110111100111000111001100010110000000000000000000000000000000000000000000000000000000000000000000000000000000000000000000 0 0
11130 35.602 LR999931.1	8005851 ( 0 ) 010011100101111111011010111100001111111100011001011010101001110111100111000111001100010110000000000000000000000000000000000000000000000000000000000000000000000000000000000000000000 0 0
11157 35.602 LR999931.1	8060061 ( 0 ) 010011100101111111011010111100001111111100011001011010101001110111100111000111001100010110000000000000000000000000000000000000000000000000000000000000000000000000000000000000000000 0 0
11129 35.602 LR999931.1	8005843 ( 0 ) 010011100101111111011010111100001111111100011001011010101001110111100111000111001100010110000000000000000000000000000000000000000000000000000000000000000000000000000000000000000000 0 0
11131 35.602 LR999931.1	8005886 ( 0 ) 010011100101111111011010111100001111111100011001011010101001110111100111000111001100010110000000000000000000000000000000000000000000000000000000000000000000000000000000000000000000 0 0
11158 35.602 LR999931.1	8060253 ( 0 ) 010011100101111111011010111100001111111100011001011010101001110111100111000111001100010110000000000000000000000000000000000000000000000000000000000000000000000000000000000000000000 0 0
11161 35.602 LR999931.1	8060301 ( 0 ) 010011100101111111011010111100001111111100011001011010101001110111100111000111001100010110000000000000000000000000000000000000000000000000000000000000000000000000000000000000000000 0 0
11162 35.602 LR999931.1	8060305 ( 0 ) 010011100101111111011010111100001111111100011001011010101001110111100111000111001100010110000000000000000000000000000000000000000000000000000000000000000000000000000000000000000000 0 0
11096 35.602 LR999931.1	7723419 ( 0 ) 010011100101111111011010111100001111111100011001011010101001110111100111000111001100010110000000000000000000000000000000000000000000000000000000000000000000000000000000000000000000 0 0
11097 35.602 LR999931.1	7723448 ( 0 ) 010011100101111111011010111100001111111100011001011010101001110111100111000111001100010110000000000000000000000000000000000000000000000000000000000000000000000000000000000000000000 0 0
11134 35.602 LR999931.1	8006026 ( 0 ) 010011100101111111011010111100001111111100011001011010101001110111100111000111001100010110000000000000000000000000000000000000000000000000000000000000000000000000000000000000000000 0 0
11128 35.602 LR999931.1	8005841 ( 0 ) 010011100101111111011010111100001111111100011001011010101001110111100111000111001100010110000000000000000000000000000000000000000000000000000000000000000000000000000000000000000000 0 0
11094 35.602 LR999931.1	7723392 ( 0 ) 010011100101111111011010111100001111111100011001011010101001110111100111000111001100010110000000000000000000000000000000000000000000000000000000000000000000000000000000000000000000 0 0
11127 35.602 LR999931.1	8005840 ( 0 ) 010011100101111111011010111100001111111100011001011010101001110111100111000111001100010110000000000000000000000000000000000000000000000000000000000000000000000000000000000000000000 0 0
11163 35.602 LR999931.1	8060310 ( 0 ) 010011100101111111011010111100001111111100011001011010101001110111100111000111001100010110000000000000000000000000000000000000000000000000000000000000000000000000000000000000000000 0 0
11160 35.602 LR999931.1	8060289 ( 0 ) 010011100101111111011010111100001111111100011001011010101001110111100111000111001100010110000000000000000000000000000000000000000000000000000000000000000000000000000000000000000000 0 0
11118 35.602 LR999931.1	7960484 ( 0 ) 010011100101111111011010111100001111111100011001011010101001110111100111000111001100010110000000000000000000000000000000000000000000000000000000000000000000000000000000000000000000 0 0
11133 35.602 LR999931.1	8006025 ( 0 ) 010011100101111111011010111100001111111100011001011010101001110111100111000111001100010110000000000000000000000000000000000000000000000000000000000000000000000000000000000000000000 0 0
5783 36.714 LR999928.1	4065210 ( 0 ) 010011100101111111011010111100001111111100011001011010101001110111100111000111000100010110000000000000000000000000000000000000000000000000000000000000000000000000000000000000000000 1 0
11340 37.825 LR999931.1	9749562 ( 0 ) 010011100101111111011010011100001111111100011001011010101001110111100111000111000100010110000000000000000000000000000000000000000000000000000000000000000000000000000000000000000000 1 0
11504 37.825 LR999931.1	11818490 ( 0 ) 010011100101111111011010011100001111111100011001011010101001110111100111000111000100010110000000000000000000000000000000000000000000000000000000000000000000000000000000000000000000 0 0
11209 37.825 LR999931.1	8631344 ( 0 ) 010011100101111111011010011100001111111100011001011010101001110111100111000111000100010110000000000000000000000000000000000000000000000000000000000000000000000000000000000000000000 0 0
11231 37.825 LR999931.1	8887945 ( 0 ) 010011100101111111011010011100001111111100011001011010101001110111100111000111000100010110000000000000000000000000000000000000000000000000000000000000000000000000000000000000000000 0 0
11569 37.825 LR999931.1	12455428 ( 0 ) 010011100101111111011010011100001111111100011001011010101001110111100111000111000100010110000000000000000000000000000000000000000000000000000000000000000000000000000000000000000000 0 0
19552 37.825 LR999936.1	10930334 ( 0 ) 010011100101111111011010011100001111111100011001011010101001110111100111000111000100010110000000000000000000000000000000000000000000000000000000000000000000000000000000000000000000 0 0
11307 37.825 LR999931.1	9608878 ( 0 ) 010011100101111111011010011100001111111100011001011010101001110111100111000111000100010110000000000000000000000000000000000000000000000000000000000000000000000000000000000000000000 0 0
11261 37.825 LR999931.1	9221347 ( 0 ) 010011100101111111011010011100001111111100011001011010101001110111100111000111000100010110000000000000000000000000000000000000000000000000000000000000000000000000000000000000000000 0 0
19551 37.825 LR999936.1	10930326 ( 0 ) 010011100101111111011010011100001111111100011001011010101001110111100111000111000100010110000000000000000000000000000000000000000000000000000000000000000000000000000000000000000000 0 0
19549 37.825 LR999936.1	10930283 ( 0 ) 010011100101111111011010011100001111111100011001011010101001110111100111000111000100010110000000000000000000000000000000000000000000000000000000000000000000000000000000000000000000 0 0
11353 37.825 LR999931.1	9802796 ( 0 ) 010011100101111111011010011100001111111100011001011010101001110111100111000111000100010110000000000000000000000000000000000000000000000000000000000000000000000000000000000000000000 0 0
11242 37.825 LR999931.1	9063211 ( 0 ) 010011100101111111011010011100001111111100011001011010101001110111100111000111000100010110000000000000000000000000000000000000000000000000000000000000000000000000000000000000000000 0 0
19553 37.825 LR999936.1	10930336 ( 0 ) 010011100101111111011010011100001111111100011001011010101001110111100111000111000100010110000000000000000000000000000000000000000000000000000000000000000000000000000000000000000000 0 0
11352 37.825 LR999931.1	9802772 ( 0 ) 010011100101111111011010011100001111111100011001011010101001110111100111000111000100010110000000000000000000000000000000000000000000000000000000000000000000000000000000000000000000 0 0
11188 37.825 LR999931.1	8522953 ( 0 ) 010011100101111111011010011100001111111100011001011010101001110111100111000111000100010110000000000000000000000000000000000000000000000000000000000000000000000000000000000000000000 0 0
11351 37.825 LR999931.1	9802765 ( 0 ) 010011100101111111011010011100001111111100011001011010101001110111100111000111000100010110000000000000000000000000000000000000000000000000000000000000000000000000000000000000000000 0 0
11346 37.825 LR999931.1	9749821 ( 0 ) 010011100101111111011010011100001111111100011001011010101001110111100111000111000100010110000000000000000000000000000000000000000000000000000000000000000000000000000000000000000000 0 0
11568 37.825 LR999931.1	12455426 ( 0 ) 010011100101111111011010011100001111111100011001011010101001110111100111000111000100010110000000000000000000000000000000000000000000000000000000000000000000000000000000000000000000 0 0
11570 37.825 LR999931.1	12455474 ( 0 ) 010011100101111111011010011100001111111100011001011010101001110111100111000111000100010110000000000000000000000000000000000000000000000000000000000000000000000000000000000000000000 0 0
11243 37.825 LR999931.1	9063288 ( 0 ) 010011100101111111011010011100001111111100011001011010101001110111100111000111000100010110000000000000000000000000000000000000000000000000000000000000000000000000000000000000000000 0 0
11320 37.825 LR999931.1	9709266 ( 0 ) 010011100101111111011010011100001111111100011001011010101001110111100111000111000100010110000000000000000000000000000000000000000000000000000000000000000000000000000000000000000000 0 0
11344 37.825 LR999931.1	9749775 ( 0 ) 010011100101111111011010011100001111111100011001011010101001110111100111000111000100010110000000000000000000000000000000000000000000000000000000000000000000000000000000000000000000 0 0
11225 37.825 LR999931.1	8882635 ( 0 ) 010011100101111111011010011100001111111100011001011010101001110111100111000111000100010110000000000000000000000000000000000000000000000000000000000000000000000000000000000000000000 0 0
11318 37.825 LR999931.1	9709057 ( 0 ) 010011100101111111011010011100001111111100011001011010101001110111100111000111000100010110000000000000000000000000000000000000000000000000000000000000000000000000000000000000000000 0 0
11305 37.825 LR999931.1	9608835 ( 0 ) 010011100101111111011010011100001111111100011001011010101001110111100111000111000100010110000000000000000000000000000000000000000000000000000000000000000000000000000000000000000000 0 0
11802 38.936 LR999931.1	13791859 ( 0 ) 010011100101111111011010011100001111101100011001011010101001110111100111000111000100010110000000000000000000000000000000000000000000000000000000000000000000000000000000000000000000 1 0
11374 41.160 LR999931.1	10079718 ( 0 ) 010011100101111111011010011100001111101100011001011010101001010110100111000111000100010110000000000000000000000000000000000000000000000000000000000000000000000000000000000000000000 2 0
11388 41.160 LR999931.1	10080109 ( 0 ) 010011100101111111011010011100001111101100011001011010101001010110100111000111000100010110000000000000000000000000000000000000000000000000000000000000000000000000000000000000000000 0 0
11371 41.160 LR999931.1	10018017 ( 0 ) 010011100101111111011010011100001111101100011001011010101001010110100111000111000100010110000000000000000000000000000000000000000000000000000000000000000000000000000000000000000000 0 0
11478 41.160 LR999931.1	11454183 ( 0 ) 010011100101111111011010011100001111101100011001011010101001010110100111000111000100010110000000000000000000000000000000000000000000000000000000000000000000000000000000000000000000 0 0
11464 41.160 LR999931.1	11325477 ( 0 ) 010011100101111111011010011100001111101100011001011010101001010110100111000111000100010110000000000000000000000000000000000000000000000000000000000000000000000000000000000000000000 0 0
11391 41.160 LR999931.1	10080231 ( 0 ) 010011100101111111011010011100001111101100011001011010101001010110100111000111000100010110000000000000000000000000000000000000000000000000000000000000000000000000000000000000000000 0 0
11377 41.160 LR999931.1	10079931 ( 0 ) 010011100101111111011010011100001111101100011001011010101001010110100111000111000100010110000000000000000000000000000000000000000000000000000000000000000000000000000000000000000000 0 0
29679 41.160 LR999944.1	6892817 ( 0 ) 010011100101111111011010011100001111101100011001011010101001010110100111000111000100010110000000000000000000000000000000000000000000000000000000000000000000000000000000000000000000 0 0
11369 41.160 LR999931.1	10017972 ( 0 ) 010011100101111111011010011100001111101100011001011010101001010110100111000111000100010110000000000000000000000000000000000000000000000000000000000000000000000000000000000000000000 0 0
11370 41.160 LR999931.1	10017973 ( 0 ) 010011100101111111011010011100001111101100011001011010101001010110100111000111000100010110000000000000000000000000000000000000000000000000000000000000000000000000000000000000000000 0 0
11482 41.160 LR999931.1	11454370 ( 0 ) 010011100101111111011010011100001111101100011001011010101001010110100111000111000100010110000000000000000000000000000000000000000000000000000000000000000000000000000000000000000000 0 0
11438 41.160 LR999931.1	10856433 ( 0 ) 010011100101111111011010011100001111101100011001011010101001010110100111000111000100010110000000000000000000000000000000000000000000000000000000000000000000000000000000000000000000 0 0
11533 41.160 LR999931.1	12034966 ( 0 ) 010011100101111111011010011100001111101100011001011010101001010110100111000111000100010110000000000000000000000000000000000000000000000000000000000000000000000000000000000000000000 0 0
11367 41.160 LR999931.1	10017932 ( 0 ) 010011100101111111011010011100001111101100011001011010101001010110100111000111000100010110000000000000000000000000000000000000000000000000000000000000000000000000000000000000000000 0 0
11427 41.160 LR999931.1	10380925 ( 0 ) 010011100101111111011010011100001111101100011001011010101001010110100111000111000100010110000000000000000000000000000000000000000000000000000000000000000000000000000000000000000000 0 0
11532 41.160 LR999931.1	12034949 ( 0 ) 010011100101111111011010011100001111101100011001011010101001010110100111000111000100010110000000000000000000000000000000000000000000000000000000000000000000000000000000000000000000 0 0
11446 41.160 LR999931.1	10856519 ( 0 ) 010011100101111111011010011100001111101100011001011010101001010110100111000111000100010110000000000000000000000000000000000000000000000000000000000000000000000000000000000000000000 0 0
11380 41.160 LR999931.1	10079985 ( 0 ) 010011100101111111011010011100001111101100011001011010101001010110100111000111000100010110000000000000000000000000000000000000000000000000000000000000000000000000000000000000000000 0 0
11534 41.160 LR999931.1	12035002 ( 0 ) 010011100101111111011010011100001111101100011001011010101001010110100111000111000100010110000000000000000000000000000000000000000000000000000000000000000000000000000000000000000000 0 0
11401 41.160 LR999931.1	10081920 ( 0 ) 010011100101111111011010011100001111101100011001011010101001010110100111000111000100010110000000000000000000000000000000000000000000000000000000000000000000000000000000000000000000 0 0
11443 41.160 LR999931.1	10856501 ( 0 ) 010011100101111111011010011100001111101100011001011010101001010110100111000111000100010110000000000000000000000000000000000000000000000000000000000000000000000000000000000000000000 0 0
11394 41.160 LR999931.1	10080289 ( 0 ) 010011100101111111011010011100001111101100011001011010101001010110100111000111000100010110000000000000000000000000000000000000000000000000000000000000000000000000000000000000000000 0 0
11368 41.160 LR999931.1	10017969 ( 0 ) 010011100101111111011010011100001111101100011001011010101001010110100111000111000100010110000000000000000000000000000000000000000000000000000000000000000000000000000000000000000000 0 0
11396 41.160 LR999931.1	10080318 ( 0 ) 010011100101111111011010011100001111101100011001011010101001010110100111000111000100010110000000000000000000000000000000000000000000000000000000000000000000000000000000000000000000 0 0
11433 41.160 LR999931.1	10382660 ( 0 ) 010011100101111111011010011100001111101100011001011010101001010110100111000111000100010110000000000000000000000000000000000000000000000000000000000000000000000000000000000000000000 0 0
11445 41.160 LR999931.1	10856515 ( 0 ) 010011100101111111011010011100001111101100011001011010101001010110100111000111000100010110000000000000000000000000000000000000000000000000000000000000000000000000000000000000000000 0 0
11436 41.160 LR999931.1	10856406 ( 0 ) 010011100101111111011010011100001111101100011001011010101001010110100111000111000100010110000000000000000000000000000000000000000000000000000000000000000000000000000000000000000000 0 0
11444 41.160 LR999931.1	10856502 ( 0 ) 010011100101111111011010011100001111101100011001011010101001010110100111000111000100010110000000000000000000000000000000000000000000000000000000000000000000000000000000000000000000 0 0
11393 41.160 LR999931.1	10080270 ( 0 ) 010011100101111111011010011100001111101100011001011010101001010110100111000111000100010110000000000000000000000000000000000000000000000000000000000000000000000000000000000000000000 0 0
11432 41.160 LR999931.1	10382586 ( 0 ) 010011100101111111011010011100001111101100011001011010101001010110100111000111000100010110000000000000000000000000000000000000000000000000000000000000000000000000000000000000000000 0 0
11486 41.160 LR999931.1	11454432 ( 0 ) 010011100101111111011010011100001111101100011001011010101001010110100111000111000100010110000000000000000000000000000000000000000000000000000000000000000000000000000000000000000000 0 0
11440 41.160 LR999931.1	10856453 ( 0 ) 010011100101111111011010011100001111101100011001011010101001010110100111000111000100010110000000000000000000000000000000000000000000000000000000000000000000000000000000000000000000 0 0
11791 42.271 LR999931.1	13791605 ( 0 ) 010111100101111111011010011100001111101100011001011010101001010110100111000111000100010110000000000000000000000000000000000000000000000000000000000000000000000000000000000000000000 1 0
11736 42.271 LR999931.1	13384396 ( 0 ) 010111100101111111011010011100001111101100011001011010101001010110100111000111000100010110000000000000000000000000000000000000000000000000000000000000000000000000000000000000000000 0 0
11753 42.271 LR999931.1	13400312 ( 0 ) 010111100101111111011010011100001111101100011001011010101001010110100111000111000100010110000000000000000000000000000000000000000000000000000000000000000000000000000000000000000000 0 0
11795 42.271 LR999931.1	13791643 ( 0 ) 010111100101111111011010011100001111101100011001011010101001010110100111000111000100010110000000000000000000000000000000000000000000000000000000000000000000000000000000000000000000 0 0
11583 42.271 LR999931.1	12586811 ( 0 ) 010111100101111111011010011100001111101100011001011010101001010110100111000111000100010110000000000000000000000000000000000000000000000000000000000000000000000000000000000000000000 0 0
11789 42.271 LR999931.1	13791603 ( 0 ) 010111100101111111011010011100001111101100011001011010101001010110100111000111000100010110000000000000000000000000000000000000000000000000000000000000000000000000000000000000000000 0 0
11790 42.271 LR999931.1	13791604 ( 0 ) 010111100101111111011010011100001111101100011001011010101001010110100111000111000100010110000000000000000000000000000000000000000000000000000000000000000000000000000000000000000000 0 0
5784 42.271 LR999928.1	4065231 ( 0 ) 010111100101111111011010011100001111101100011001011010101001010110100111000111000100010110000000000000000000000000000000000000000000000000000000000000000000000000000000000000000000 0 0
11582 42.271 LR999931.1	12586701 ( 0 ) 010111100101111111011010011100001111101100011001011010101001010110100111000111000100010110000000000000000000000000000000000000000000000000000000000000000000000000000000000000000000 0 0
11637 42.271 LR999931.1	12734789 ( 0 ) 010111100101111111011010011100001111101100011001011010101001010110100111000111000100010110000000000000000000000000000000000000000000000000000000000000000000000000000000000000000000 0 0
11751 42.271 LR999931.1	13400289 ( 0 ) 010111100101111111011010011100001111101100011001011010101001010110100111000111000100010110000000000000000000000000000000000000000000000000000000000000000000000000000000000000000000 0 0
11721 42.271 LR999931.1	13377352 ( 0 ) 010111100101111111011010011100001111101100011001011010101001010110100111000111000100010110000000000000000000000000000000000000000000000000000000000000000000000000000000000000000000 0 0
11707 42.271 LR999931.1	13227044 ( 0 ) 010111100101111111011010011100001111101100011001011010101001010110100111000111000100010110000000000000000000000000000000000000000000000000000000000000000000000000000000000000000000 0 0
11655 42.271 LR999931.1	12928005 ( 0 ) 010111100101111111011010011100001111101100011001011010101001010110100111000111000100010110000000000000000000000000000000000000000000000000000000000000000000000000000000000000000000 0 0
11541 42.271 LR999931.1	12094032 ( 0 ) 010111100101111111011010011100001111101100011001011010101001010110100111000111000100010110000000000000000000000000000000000000000000000000000000000000000000000000000000000000000000 0 0
11744 42.271 LR999931.1	13389251 ( 0 ) 010111100101111111011010011100001111101100011001011010101001010110100111000111000100010110000000000000000000000000000000000000000000000000000000000000000000000000000000000000000000 0 0
11792 42.271 LR999931.1	13791610 ( 0 ) 010111100101111111011010011100001111101100011001011010101001010110100111000111000100010110000000000000000000000000000000000000000000000000000000000000000000000000000000000000000000 0 0
11540 42.271 LR999931.1	12094022 ( 0 ) 010111100101111111011010011100001111101100011001011010101001010110100111000111000100010110000000000000000000000000000000000000000000000000000000000000000000000000000000000000000000 0 0
11750 42.271 LR999931.1	13400288 ( 0 ) 010111100101111111011010011100001111101100011001011010101001010110100111000111000100010110000000000000000000000000000000000000000000000000000000000000000000000000000000000000000000 0 0
11745 42.271 LR999931.1	13389284 ( 0 ) 010111100101111111011010011100001111101100011001011010101001010110100111000111000100010110000000000000000000000000000000000000000000000000000000000000000000000000000000000000000000 0 0
11722 42.271 LR999931.1	13377385 ( 0 ) 010111100101111111011010011100001111101100011001011010101001010110100111000111000100010110000000000000000000000000000000000000000000000000000000000000000000000000000000000000000000 0 0
11752 42.271 LR999931.1	13400299 ( 0 ) 010111100101111111011010011100001111101100011001011010101001010110100111000111000100010110000000000000000000000000000000000000000000000000000000000000000000000000000000000000000000 0 0
11737 42.271 LR999931.1	13384449 ( 0 ) 010111100101111111011010011100001111101100011001011010101001010110100111000111000100010110000000000000000000000000000000000000000000000000000000000000000000000000000000000000000000 0 0
11549 42.271 LR999931.1	12094251 ( 0 ) 010111100101111111011010011100001111101100011001011010101001010110100111000111000100010110000000000000000000000000000000000000000000000000000000000000000000000000000000000000000000 0 0
11589 42.271 LR999931.1	12587619 ( 0 ) 010111100101111111011010011100001111101100011001011010101001010110100111000111000100010110000000000000000000000000000000000000000000000000000000000000000000000000000000000000000000 0 0
11775 42.271 LR999931.1	13767124 ( 0 ) 010111100101111111011010011100001111101100011001011010101001010110100111000111000100010110000000000000000000000000000000000000000000000000000000000000000000000000000000000000000000 0 0
11798 42.271 LR999931.1	13791661 ( 0 ) 010111100101111111011010011100001111101100011001011010101001010110100111000111000100010110000000000000000000000000000000000000000000000000000000000000000000000000000000000000000000 0 0
11754 42.271 LR999931.1	13400584 ( 0 ) 010111100101111111011010011100001111101100011001011010101001010110100111000111000100010110000000000000000000000000000000000000000000000000000000000000000000000000000000000000000000 0 0
11708 42.271 LR999931.1	13227054 ( 0 ) 010111100101111111011010011100001111101100011001011010101001010110100111000111000100010110000000000000000000000000000000000000000000000000000000000000000000000000000000000000000000 0 0
11787 42.271 LR999931.1	13791599 ( 0 ) 010111100101111111011010011100001111101100011001011010101001010110100111000111000100010110000000000000000000000000000000000000000000000000000000000000000000000000000000000000000000 0 0
11709 42.271 LR999931.1	13315122 ( 0 ) 010111100101111111011010011100001111101100011001011010101001010110100111000111000100010110000000000000000000000000000000000000000000000000000000000000000000000000000000000000000000 0 0
11588 42.271 LR999931.1	12587609 ( 0 ) 010111100101111111011010011100001111101100011001011010101001010110100111000111000100010110000000000000000000000000000000000000000000000000000000000000000000000000000000000000000000 0 0
11723 42.271 LR999931.1	13377386 ( 0 ) 010111100101111111011010011100001111101100011001011010101001010110100111000111000100010110000000000000000000000000000000000000000000000000000000000000000000000000000000000000000000 0 0
11821 43.382 LR999931.1	13937180 ( 0 ) 010111100101111111011010011100001111101100011001011010101001000110100111000111000100010110000000000000000000000000000000000000000000000000000000000000000000000000000000000000000000 1 0
11677 43.382 LR999931.1	13007021 ( 0 ) 010111100101111111011010011100001111101100011001011010101001000110100111000111000100010110000000000000000000000000000000000000000000000000000000000000000000000000000000000000000000 0 0
11681 43.382 LR999931.1	13007050 ( 0 ) 010111100101111111011010011100001111101100011001011010101001000110100111000111000100010110000000000000000000000000000000000000000000000000000000000000000000000000000000000000000000 0 0
11825 43.382 LR999931.1	13937373 ( 0 ) 010111100101111111011010011100001111101100011001011010101001000110100111000111000100010110000000000000000000000000000000000000000000000000000000000000000000000000000000000000000000 0 0
11887 43.382 LR999931.1	15037626 ( 0 ) 010111100101111111011010011100001111101100011001011010101001000110100111000111000100010110000000000000000000000000000000000000000000000000000000000000000000000000000000000000000000 0 0
11935 44.494 LR999931.1	15319163 ( 0 ) 010111100101111111011010011100001111101100011001011010101001000110100111000111000000010110000000000000000000000000000000000000000000000000000000000000000000000000000000000000000000 1 0
11614 44.494 LR999931.1	12734436 ( 0 ) 010111100101111111011010011100001111101100011001011010101001000110100111000111000000010110000000000000000000000000000000000000000000000000000000000000000000000000000000000000000000 0 0
11936 44.494 LR999931.1	15330246 ( 0 ) 010111100101111111011010011100001111101100011001011010101001000110100111000111000000010110000000000000000000000000000000000000000000000000000000000000000000000000000000000000000000 0 0
11970 44.494 LR999931.1	15455331 ( 0 ) 010111100101111111011010011100001111101100011001011010101001000110100111000111000000010110000000000000000000000000000000000000000000000000000000000000000000000000000000000000000000 0 0
11915 44.494 LR999931.1	15121156 ( 0 ) 010111100101111111011010011100001111101100011001011010101001000110100111000111000000010110000000000000000000000000000000000000000000000000000000000000000000000000000000000000000000 0 0
11979 44.494 LR999931.1	15456289 ( 0 ) 010111100101111111011010011100001111101100011001011010101001000110100111000111000000010110000000000000000000000000000000000000000000000000000000000000000000000000000000000000000000 0 0
29682 48.950 LR999944.1	6892876 ( 0 ) 000111100101111101001010011100001111101100011001010010101001000110100111000111000000010110000000000000000000000000000000000000000000000000000000000000000000000000000000000000000000 4 0
29685 50.061 LR999944.1	6892894 ( 0 ) 000111100101111101001010011100001011101100011001010010101001000110100111000111000000010110000000000000000000000000000000000000000000000000000000000000000000000000000000000000000000 1 0
10978 57.903 LR999931.1	5528127 ( 0 ) 000111100101111100001010010100001011001100011001010010001000000010100011000111000000010110000000000000000000000000000000000000000000000000000000000000000000000000000000000000000000 7 0
39631 59.014 LR999953.1	4542913 ( 0 ) 000111100101111100001010010100001001001100011001010010001000000010100011000111000000010110000000000000000000000000000000000000000000000000000000000000000000000000000000000000000000 1 0
11455 59.014 LR999931.1	10856711 ( 0 ) 000111100101111100001010010100001001001100011001010010001000000010100011000111000000010110000000000000000000000000000000000000000000000000000000000000000000000000000000000000000000 0 0
10987 59.014 LR999931.1	5590865 ( 0 ) 000111100101111100001010010100001001001100011001010010001000000010100011000111000000010110000000000000000000000000000000000000000000000000000000000000000000000000000000000000000000 0 0
11205 59.014 LR999931.1	8631327 ( 0 ) 000111100101111100001010010100001001001100011001010010001000000010100011000111000000010110000000000000000000000000000000000000000000000000000000000000000000000000000000000000000000 0 0
11454 59.014 LR999931.1	10856703 ( 0 ) 000111100101111100001010010100001001001100011001010010001000000010100011000111000000010110000000000000000000000000000000000000000000000000000000000000000000000000000000000000000000 0 0
11448 59.014 LR999931.1	10856606 ( 0 ) 000111100101111100001010010100001001001100011001010010001000000010100011000111000000010110000000000000000000000000000000000000000000000000000000000000000000000000000000000000000000 0 0
11449 59.014 LR999931.1	10856610 ( 0 ) 000111100101111100001010010100001001001100011001010010001000000010100011000111000000010110000000000000000000000000000000000000000000000000000000000000000000000000000000000000000000 0 0
11450 59.014 LR999931.1	10856676 ( 0 ) 000111100101111100001010010100001001001100011001010010001000000010100011000111000000010110000000000000000000000000000000000000000000000000000000000000000000000000000000000000000000 0 0
11451 59.014 LR999931.1	10856689 ( 0 ) 000111100101111100001010010100001001001100011001010010001000000010100011000111000000010110000000000000000000000000000000000000000000000000000000000000000000000000000000000000000000 0 0
11807 59.014 LR999931.1	13791895 ( 0 ) 000111100101111100001010010100001001001100011001010010001000000010100011000111000000010110000000000000000000000000000000000000000000000000000000000000000000000000000000000000000000 0 0
11812 60.125 LR999931.1	13791908 ( 0 ) 000101100101111100001010010100001001001100011001010010001000000010100011000111000000010110000000000000000000000000000000000000000000000000000000000000000000000000000000000000000000 1 0
11816 60.125 LR999931.1	13791930 ( 0 ) 000101100101111100001010010100001001001100011001010010001000000010100011000111000000010110000000000000000000000000000000000000000000000000000000000000000000000000000000000000000000 0 0
11811 60.125 LR999931.1	13791905 ( 0 ) 000101100101111100001010010100001001001100011001010010001000000010100011000111000000010110000000000000000000000000000000000000000000000000000000000000000000000000000000000000000000 0 0
11808 60.125 LR999931.1	13791896 ( 0 ) 000101100101111100001010010100001001001100011001010010001000000010100011000111000000010110000000000000000000000000000000000000000000000000000000000000000000000000000000000000000000 0 0
11739 60.125 LR999931.1	13388887 ( 0 ) 000101100101111100001010010100001001001100011001010010001000000010100011000111000000010110000000000000000000000000000000000000000000000000000000000000000000000000000000000000000000 0 0
11805 60.125 LR999931.1	13791876 ( 0 ) 000101100101111100001010010100001001001100011001010010001000000010100011000111000000010110000000000000000000000000000000000000000000000000000000000000000000000000000000000000000000 0 0
