#*** LG = 0 likelihood = -2007.9683
#marker_number	male_position	female_position	( 0.0 )[	phased data]
13630 0.000 LR999933.1	780538 ( 0 ) 000011100000001000110101111101100111001011110111101000011001100011101011101110100111001010000000000000000000000000000000000000000000000000000000000000000000000000000000000000000000 0 0
13702 0.000 LR999933.1	1352926 ( 0 ) 000011100000001000110101111101100111001011110111101000011001100011101011101110100111001010000000000000000000000000000000000000000000000000000000000000000000000000000000000000000000 0 0
13651 0.000 LR999933.1	1162800 ( 0 ) 000011100000001000110101111101100111001011110111101000011001100011101011101110100111001010000000000000000000000000000000000000000000000000000000000000000000000000000000000000000000 0 0
13674 0.000 LR999933.1	1297177 ( 0 ) 000011100000001000110101111101100111001011110111101000011001100011101011101110100111001010000000000000000000000000000000000000000000000000000000000000000000000000000000000000000000 0 0
13679 0.000 LR999933.1	1297237 ( 0 ) 000011100000001000110101111101100111001011110111101000011001100011101011101110100111001010000000000000000000000000000000000000000000000000000000000000000000000000000000000000000000 0 0
13631 0.000 LR999933.1	780786 ( 0 ) 000011100000001000110101111101100111001011110111101000011001100011101011101110100111001010000000000000000000000000000000000000000000000000000000000000000000000000000000000000000000 0 0
13653 0.000 LR999933.1	1162830 ( 0 ) 000011100000001000110101111101100111001011110111101000011001100011101011101110100111001010000000000000000000000000000000000000000000000000000000000000000000000000000000000000000000 0 0
13656 0.000 LR999933.1	1162853 ( 0 ) 000011100000001000110101111101100111001011110111101000011001100011101011101110100111001010000000000000000000000000000000000000000000000000000000000000000000000000000000000000000000 0 0
13673 0.000 LR999933.1	1297168 ( 0 ) 000011100000001000110101111101100111001011110111101000011001100011101011101110100111001010000000000000000000000000000000000000000000000000000000000000000000000000000000000000000000 0 0
13680 0.000 LR999933.1	1297415 ( 0 ) 000011100000001000110101111101100111001011110111101000011001100011101011101110100111001010000000000000000000000000000000000000000000000000000000000000000000000000000000000000000000 0 0
13657 0.000 LR999933.1	1162870 ( 0 ) 000011100000001000110101111101100111001011110111101000011001100011101011101110100111001010000000000000000000000000000000000000000000000000000000000000000000000000000000000000000000 0 0
13675 0.000 LR999933.1	1297195 ( 0 ) 000011100000001000110101111101100111001011110111101000011001100011101011101110100111001010000000000000000000000000000000000000000000000000000000000000000000000000000000000000000000 0 0
13676 0.000 LR999933.1	1297196 ( 0 ) 000011100000001000110101111101100111001011110111101000011001100011101011101110100111001010000000000000000000000000000000000000000000000000000000000000000000000000000000000000000000 0 0
13677 0.000 LR999933.1	1297199 ( 0 ) 000011100000001000110101111101100111001011110111101000011001100011101011101110100111001010000000000000000000000000000000000000000000000000000000000000000000000000000000000000000000 0 0
13723 2.224 LR999933.1	1619151 ( 0 ) 000011100000001000110101111101100111001011110111101000011001100011001011100110100111001010000000000000000000000000000000000000000000000000000000000000000000000000000000000000000000 2 0
13602 2.224 LR999933.1	241598 ( 0 ) 000011100000001000110101111101100111001011110111101000011001100011001011100110100111001010000000000000000000000000000000000000000000000000000000000000000000000000000000000000000000 0 0
13678 2.224 LR999933.1	1297207 ( 0 ) 000011100000001000110101111101100111001011110111101000011001100011001011100110100111001010000000000000000000000000000000000000000000000000000000000000000000000000000000000000000000 0 0
13728 2.224 LR999933.1	1619217 ( 0 ) 000011100000001000110101111101100111001011110111101000011001100011001011100110100111001010000000000000000000000000000000000000000000000000000000000000000000000000000000000000000000 0 0
13774 5.562 LR999933.1	2107510 ( 0 ) 100011100000000000110101111101100111001011110111101000011001100011001011100010100111001010000000000000000000000000000000000000000000000000000000000000000000000000000000000000000000 3 0
13771 6.673 LR999933.1	2107202 ( 0 ) 100011100000000000110101111101100111001011110111101000011001100011001011100010100110001010000000000000000000000000000000000000000000000000000000000000000000000000000000000000000000 1 0
13793 7.785 LR999933.1	2414995 ( 0 ) 100011100000000000110101111111100111001011110111101000011001100011001011100010100110001010000000000000000000000000000000000000000000000000000000000000000000000000000000000000000000 1 0
13792 7.785 LR999933.1	2414993 ( 0 ) 100011100000000000110101111111100111001011110111101000011001100011001011100010100110001010000000000000000000000000000000000000000000000000000000000000000000000000000000000000000000 0 0
13790 7.785 LR999933.1	2414977 ( 0 ) 100011100000000000110101111111100111001011110111101000011001100011001011100010100110001010000000000000000000000000000000000000000000000000000000000000000000000000000000000000000000 0 0
13794 7.785 LR999933.1	2415001 ( 0 ) 100011100000000000110101111111100111001011110111101000011001100011001011100010100110001010000000000000000000000000000000000000000000000000000000000000000000000000000000000000000000 0 0
13789 7.785 LR999933.1	2414973 ( 0 ) 100011100000000000110101111111100111001011110111101000011001100011001011100010100110001010000000000000000000000000000000000000000000000000000000000000000000000000000000000000000000 0 0
13791 7.785 LR999933.1	2414982 ( 0 ) 100011100000000000110101111111100111001011110111101000011001100011001011100010100110001010000000000000000000000000000000000000000000000000000000000000000000000000000000000000000000 0 0
13713 7.785 LR999933.1	1521968 ( 0 ) 100011100000000000110101111111100111001011110111101000011001100011001011100010100110001010000000000000000000000000000000000000000000000000000000000000000000000000000000000000000000 0 0
13795 7.785 LR999933.1	2415052 ( 0 ) 100011100000000000110101111111100111001011110111101000011001100011001011100010100110001010000000000000000000000000000000000000000000000000000000000000000000000000000000000000000000 0 0
13832 13.363 LR999933.1	3022674 ( 0 ) 100001100000000000110101111110100111001011110111101100011001100010001011100010100100001010000000000000000000000000000000000000000000000000000000000000000000000000000000000000000000 5 0
13855 15.587 LR999933.1	3200800 ( 0 ) 100001100000000000110101111110100111001011110111101100011001100010001001100010100100000010000000000000000000000000000000000000000000000000000000000000000000000000000000000000000000 2 0
13868 15.587 LR999933.1	3200979 ( 0 ) 100001100000000000110101111110100111001011110111101100011001100010001001100010100100000010000000000000000000000000000000000000000000000000000000000000000000000000000000000000000000 0 0
13860 15.587 LR999933.1	3200907 ( 0 ) 100001100000000000110101111110100111001011110111101100011001100010001001100010100100000010000000000000000000000000000000000000000000000000000000000000000000000000000000000000000000 0 0
13859 15.587 LR999933.1	3200901 ( 0 ) 100001100000000000110101111110100111001011110111101100011001100010001001100010100100000010000000000000000000000000000000000000000000000000000000000000000000000000000000000000000000 0 0
13856 15.587 LR999933.1	3200811 ( 0 ) 100001100000000000110101111110100111001011110111101100011001100010001001100010100100000010000000000000000000000000000000000000000000000000000000000000000000000000000000000000000000 0 0
13864 15.587 LR999933.1	3200925 ( 0 ) 100001100000000000110101111110100111001011110111101100011001100010001001100010100100000010000000000000000000000000000000000000000000000000000000000000000000000000000000000000000000 0 0
13867 15.587 LR999933.1	3200967 ( 0 ) 100001100000000000110101111110100111001011110111101100011001100010001001100010100100000010000000000000000000000000000000000000000000000000000000000000000000000000000000000000000000 0 0
13866 15.587 LR999933.1	3200935 ( 0 ) 100001100000000000110101111110100111001011110111101100011001100010001001100010100100000010000000000000000000000000000000000000000000000000000000000000000000000000000000000000000000 0 0
13858 15.587 LR999933.1	3200899 ( 0 ) 100001100000000000110101111110100111001011110111101100011001100010001001100010100100000010000000000000000000000000000000000000000000000000000000000000000000000000000000000000000000 0 0
13854 15.587 LR999933.1	3200785 ( 0 ) 100001100000000000110101111110100111001011110111101100011001100010001001100010100100000010000000000000000000000000000000000000000000000000000000000000000000000000000000000000000000 0 0
13863 15.587 LR999933.1	3200924 ( 0 ) 100001100000000000110101111110100111001011110111101100011001100010001001100010100100000010000000000000000000000000000000000000000000000000000000000000000000000000000000000000000000 0 0
13861 15.587 LR999933.1	3200915 ( 0 ) 100001100000000000110101111110100111001011110111101100011001100010001001100010100100000010000000000000000000000000000000000000000000000000000000000000000000000000000000000000000000 0 0
13852 15.587 LR999933.1	3200779 ( 0 ) 100001100000000000110101111110100111001011110111101100011001100010001001100010100100000010000000000000000000000000000000000000000000000000000000000000000000000000000000000000000000 0 0
13862 15.587 LR999933.1	3200920 ( 0 ) 100001100000000000110101111110100111001011110111101100011001100010001001100010100100000010000000000000000000000000000000000000000000000000000000000000000000000000000000000000000000 0 0
13893 16.698 LR999933.1	3680508 ( 0 ) 100001100000000000110101111110100111001011110111100100011001100010001001100010100100000010000000000000000000000000000000000000000000000000000000000000000000000000000000000000000000 1 0
13939 17.809 LR999933.1	4128745 ( 0 ) 100001100000000000110101111110100111001011110101100100011001100010001001100010100100000010000000000000000000000000000000000000000000000000000000000000000000000000000000000000000000 1 0
13951 17.809 LR999933.1	4220223 ( 0 ) 100001100000000000110101111110100111001011110101100100011001100010001001100010100100000010000000000000000000000000000000000000000000000000000000000000000000000000000000000000000000 0 0
14034 20.033 LR999933.1	5166050 ( 0 ) 100001100000000010110101111110100111001011110001100100011001100010001001100010100100000010000000000000000000000000000000000000000000000000000000000000000000000000000000000000000000 2 0
14047 20.033 LR999933.1	5267268 ( 0 ) 100001100000000010110101111110100111001011110001100100011001100010001001100010100100000010000000000000000000000000000000000000000000000000000000000000000000000000000000000000000000 0 0
14048 20.033 LR999933.1	5267277 ( 0 ) 100001100000000010110101111110100111001011110001100100011001100010001001100010100100000010000000000000000000000000000000000000000000000000000000000000000000000000000000000000000000 0 0
14050 20.033 LR999933.1	5267282 ( 0 ) 100001100000000010110101111110100111001011110001100100011001100010001001100010100100000010000000000000000000000000000000000000000000000000000000000000000000000000000000000000000000 0 0
14053 20.033 LR999933.1	5267302 ( 0 ) 100001100000000010110101111110100111001011110001100100011001100010001001100010100100000010000000000000000000000000000000000000000000000000000000000000000000000000000000000000000000 0 0
14039 20.033 LR999933.1	5267193 ( 0 ) 100001100000000010110101111110100111001011110001100100011001100010001001100010100100000010000000000000000000000000000000000000000000000000000000000000000000000000000000000000000000 0 0
14043 20.033 LR999933.1	5267239 ( 0 ) 100001100000000010110101111110100111001011110001100100011001100010001001100010100100000010000000000000000000000000000000000000000000000000000000000000000000000000000000000000000000 0 0
14037 20.033 LR999933.1	5267062 ( 0 ) 100001100000000010110101111110100111001011110001100100011001100010001001100010100100000010000000000000000000000000000000000000000000000000000000000000000000000000000000000000000000 0 0
14041 20.033 LR999933.1	5267216 ( 0 ) 100001100000000010110101111110100111001011110001100100011001100010001001100010100100000010000000000000000000000000000000000000000000000000000000000000000000000000000000000000000000 0 0
14044 20.033 LR999933.1	5267246 ( 0 ) 100001100000000010110101111110100111001011110001100100011001100010001001100010100100000010000000000000000000000000000000000000000000000000000000000000000000000000000000000000000000 0 0
14085 20.033 LR999933.1	5358906 ( 0 ) 100001100000000010110101111110100111001011110001100100011001100010001001100010100100000010000000000000000000000000000000000000000000000000000000000000000000000000000000000000000000 0 0
14046 20.033 LR999933.1	5267257 ( 0 ) 100001100000000010110101111110100111001011110001100100011001100010001001100010100100000010000000000000000000000000000000000000000000000000000000000000000000000000000000000000000000 0 0
14052 20.033 LR999933.1	5267291 ( 0 ) 100001100000000010110101111110100111001011110001100100011001100010001001100010100100000010000000000000000000000000000000000000000000000000000000000000000000000000000000000000000000 0 0
14045 20.033 LR999933.1	5267248 ( 0 ) 100001100000000010110101111110100111001011110001100100011001100010001001100010100100000010000000000000000000000000000000000000000000000000000000000000000000000000000000000000000000 0 0
14066 20.033 LR999933.1	5287859 ( 0 ) 100001100000000010110101111110100111001011110001100100011001100010001001100010100100000010000000000000000000000000000000000000000000000000000000000000000000000000000000000000000000 0 0
14051 20.033 LR999933.1	5267286 ( 0 ) 100001100000000010110101111110100111001011110001100100011001100010001001100010100100000010000000000000000000000000000000000000000000000000000000000000000000000000000000000000000000 0 0
14038 20.033 LR999933.1	5267102 ( 0 ) 100001100000000010110101111110100111001011110001100100011001100010001001100010100100000010000000000000000000000000000000000000000000000000000000000000000000000000000000000000000000 0 0
14049 20.033 LR999933.1	5267278 ( 0 ) 100001100000000010110101111110100111001011110001100100011001100010001001100010100100000010000000000000000000000000000000000000000000000000000000000000000000000000000000000000000000 0 0
14040 20.033 LR999933.1	5267211 ( 0 ) 100001100000000010110101111110100111001011110001100100011001100010001001100010100100000010000000000000000000000000000000000000000000000000000000000000000000000000000000000000000000 0 0
14068 20.033 LR999933.1	5288006 ( 0 ) 100001100000000010110101111110100111001011110001100100011001100010001001100010100100000010000000000000000000000000000000000000000000000000000000000000000000000000000000000000000000 0 0
14123 21.144 LR999933.1	5807900 ( 0 ) 100001100000000010110101111110100111001011110001100100001001100010001001100010100100000010000000000000000000000000000000000000000000000000000000000000000000000000000000000000000000 1 0
14098 21.144 LR999933.1	5591562 ( 0 ) 100001100000000010110101111110100111001011110001100100001001100010001001100010100100000010000000000000000000000000000000000000000000000000000000000000000000000000000000000000000000 0 0
14130 21.144 LR999933.1	5807946 ( 0 ) 100001100000000010110101111110100111001011110001100100001001100010001001100010100100000010000000000000000000000000000000000000000000000000000000000000000000000000000000000000000000 0 0
14096 21.144 LR999933.1	5591540 ( 0 ) 100001100000000010110101111110100111001011110001100100001001100010001001100010100100000010000000000000000000000000000000000000000000000000000000000000000000000000000000000000000000 0 0
14118 21.144 LR999933.1	5807850 ( 0 ) 100001100000000010110101111110100111001011110001100100001001100010001001100010100100000010000000000000000000000000000000000000000000000000000000000000000000000000000000000000000000 0 0
14131 21.144 LR999933.1	5807953 ( 0 ) 100001100000000010110101111110100111001011110001100100001001100010001001100010100100000010000000000000000000000000000000000000000000000000000000000000000000000000000000000000000000 0 0
14145 21.144 LR999933.1	5959896 ( 0 ) 100001100000000010110101111110100111001011110001100100001001100010001001100010100100000010000000000000000000000000000000000000000000000000000000000000000000000000000000000000000000 0 0
14122 21.144 LR999933.1	5807899 ( 0 ) 100001100000000010110101111110100111001011110001100100001001100010001001100010100100000010000000000000000000000000000000000000000000000000000000000000000000000000000000000000000000 0 0
14141 21.144 LR999933.1	5844684 ( 0 ) 100001100000000010110101111110100111001011110001100100001001100010001001100010100100000010000000000000000000000000000000000000000000000000000000000000000000000000000000000000000000 0 0
14125 21.144 LR999933.1	5807905 ( 0 ) 100001100000000010110101111110100111001011110001100100001001100010001001100010100100000010000000000000000000000000000000000000000000000000000000000000000000000000000000000000000000 0 0
14095 21.144 LR999933.1	5591390 ( 0 ) 100001100000000010110101111110100111001011110001100100001001100010001001100010100100000010000000000000000000000000000000000000000000000000000000000000000000000000000000000000000000 0 0
14144 21.144 LR999933.1	5867386 ( 0 ) 100001100000000010110101111110100111001011110001100100001001100010001001100010100100000010000000000000000000000000000000000000000000000000000000000000000000000000000000000000000000 0 0
14119 21.144 LR999933.1	5807862 ( 0 ) 100001100000000010110101111110100111001011110001100100001001100010001001100010100100000010000000000000000000000000000000000000000000000000000000000000000000000000000000000000000000 0 0
14127 21.144 LR999933.1	5807919 ( 0 ) 100001100000000010110101111110100111001011110001100100001001100010001001100010100100000010000000000000000000000000000000000000000000000000000000000000000000000000000000000000000000 0 0
14116 21.144 LR999933.1	5807633 ( 0 ) 100001100000000010110101111110100111001011110001100100001001100010001001100010100100000010000000000000000000000000000000000000000000000000000000000000000000000000000000000000000000 0 0
14097 21.144 LR999933.1	5591543 ( 0 ) 100001100000000010110101111110100111001011110001100100001001100010001001100010100100000010000000000000000000000000000000000000000000000000000000000000000000000000000000000000000000 0 0
14137 21.144 LR999933.1	5844601 ( 0 ) 100001100000000010110101111110100111001011110001100100001001100010001001100010100100000010000000000000000000000000000000000000000000000000000000000000000000000000000000000000000000 0 0
14161 22.256 LR999933.1	6063659 ( 0 ) 100001100000000010111101111110100111001011110001100100001001100010001001100010100100000010000000000000000000000000000000000000000000000000000000000000000000000000000000000000000000 1 0
14153 22.256 LR999933.1	5960102 ( 0 ) 100001100000000010111101111110100111001011110001100100001001100010001001100010100100000010000000000000000000000000000000000000000000000000000000000000000000000000000000000000000000 0 0
14415 24.479 LR999933.1	8952404 ( 0 ) 100001100000000010111101111110100111001011110001100100001000100010001001100010100100000000000000000000000000000000000000000000000000000000000000000000000000000000000000000000000000 2 0
14342 28.936 LR999933.1	8229408 ( 0 ) 100001100000000010111101111110100111001011110001100100101000100010000001100010110100000001000000000000000000000000000000000000000000000000000000000000000000000000000000000000000000 4 0
14341 28.936 LR999933.1	8229397 ( 0 ) 100001100000000010111101111110100111001011110001100100101000100010000001100010110100000001000000000000000000000000000000000000000000000000000000000000000000000000000000000000000000 0 0
14338 28.936 LR999933.1	8229368 ( 0 ) 100001100000000010111101111110100111001011110001100100101000100010000001100010110100000001000000000000000000000000000000000000000000000000000000000000000000000000000000000000000000 0 0
14339 28.936 LR999933.1	8229385 ( 0 ) 100001100000000010111101111110100111001011110001100100101000100010000001100010110100000001000000000000000000000000000000000000000000000000000000000000000000000000000000000000000000 0 0
14343 28.936 LR999933.1	8229420 ( 0 ) 100001100000000010111101111110100111001011110001100100101000100010000001100010110100000001000000000000000000000000000000000000000000000000000000000000000000000000000000000000000000 0 0
14344 28.936 LR999933.1	8229434 ( 0 ) 100001100000000010111101111110100111001011110001100100101000100010000001100010110100000001000000000000000000000000000000000000000000000000000000000000000000000000000000000000000000 0 0
14233 30.047 LR999933.1	7102711 ( 0 ) 101001100000000010111101111110100111001011110001100100101000100010000001100010110100000001000000000000000000000000000000000000000000000000000000000000000000000000000000000000000000 1 0
14359 30.047 LR999933.1	8341179 ( 0 ) 101001100000000010111101111110100111001011110001100100101000100010000001100010110100000001000000000000000000000000000000000000000000000000000000000000000000000000000000000000000000 0 0
14251 30.047 LR999933.1	7552252 ( 0 ) 101001100000000010111101111110100111001011110001100100101000100010000001100010110100000001000000000000000000000000000000000000000000000000000000000000000000000000000000000000000000 0 0
14257 30.047 LR999933.1	7701747 ( 0 ) 101001100000000010111101111110100111001011110001100100101000100010000001100010110100000001000000000000000000000000000000000000000000000000000000000000000000000000000000000000000000 0 0
14262 30.047 LR999933.1	7701848 ( 0 ) 101001100000000010111101111110100111001011110001100100101000100010000001100010110100000001000000000000000000000000000000000000000000000000000000000000000000000000000000000000000000 0 0
14204 30.047 LR999933.1	7013521 ( 0 ) 101001100000000010111101111110100111001011110001100100101000100010000001100010110100000001000000000000000000000000000000000000000000000000000000000000000000000000000000000000000000 0 0
14263 30.047 LR999933.1	7702043 ( 0 ) 101001100000000010111101111110100111001011110001100100101000100010000001100010110100000001000000000000000000000000000000000000000000000000000000000000000000000000000000000000000000 0 0
14294 30.047 LR999933.1	7924464 ( 0 ) 101001100000000010111101111110100111001011110001100100101000100010000001100010110100000001000000000000000000000000000000000000000000000000000000000000000000000000000000000000000000 0 0
14236 30.047 LR999933.1	7305441 ( 0 ) 101001100000000010111101111110100111001011110001100100101000100010000001100010110100000001000000000000000000000000000000000000000000000000000000000000000000000000000000000000000000 0 0
14252 30.047 LR999933.1	7552258 ( 0 ) 101001100000000010111101111110100111001011110001100100101000100010000001100010110100000001000000000000000000000000000000000000000000000000000000000000000000000000000000000000000000 0 0
14265 30.047 LR999933.1	7702061 ( 0 ) 101001100000000010111101111110100111001011110001100100101000100010000001100010110100000001000000000000000000000000000000000000000000000000000000000000000000000000000000000000000000 0 0
14347 30.047 LR999933.1	8229603 ( 0 ) 101001100000000010111101111110100111001011110001100100101000100010000001100010110100000001000000000000000000000000000000000000000000000000000000000000000000000000000000000000000000 0 0
14355 30.047 LR999933.1	8340918 ( 0 ) 101001100000000010111101111110100111001011110001100100101000100010000001100010110100000001000000000000000000000000000000000000000000000000000000000000000000000000000000000000000000 0 0
14253 30.047 LR999933.1	7552271 ( 0 ) 101001100000000010111101111110100111001011110001100100101000100010000001100010110100000001000000000000000000000000000000000000000000000000000000000000000000000000000000000000000000 0 0
14266 30.047 LR999933.1	7702085 ( 0 ) 101001100000000010111101111110100111001011110001100100101000100010000001100010110100000001000000000000000000000000000000000000000000000000000000000000000000000000000000000000000000 0 0
14264 30.047 LR999933.1	7702060 ( 0 ) 101001100000000010111101111110100111001011110001100100101000100010000001100010110100000001000000000000000000000000000000000000000000000000000000000000000000000000000000000000000000 0 0
14254 30.047 LR999933.1	7552272 ( 0 ) 101001100000000010111101111110100111001011110001100100101000100010000001100010110100000001000000000000000000000000000000000000000000000000000000000000000000000000000000000000000000 0 0
14259 30.047 LR999933.1	7701798 ( 0 ) 101001100000000010111101111110100111001011110001100100101000100010000001100010110100000001000000000000000000000000000000000000000000000000000000000000000000000000000000000000000000 0 0
14348 30.047 LR999933.1	8229653 ( 0 ) 101001100000000010111101111110100111001011110001100100101000100010000001100010110100000001000000000000000000000000000000000000000000000000000000000000000000000000000000000000000000 0 0
14261 30.047 LR999933.1	7701837 ( 0 ) 101001100000000010111101111110100111001011110001100100101000100010000001100010110100000001000000000000000000000000000000000000000000000000000000000000000000000000000000000000000000 0 0
14427 31.158 LR999933.1	9081558 ( 0 ) 101001100100000010111101111110100111001011110001100100101000100010000001100010110100000001000000000000000000000000000000000000000000000000000000000000000000000000000000000000000000 1 0
14424 31.158 LR999933.1	9081367 ( 0 ) 101001100100000010111101111110100111001011110001100100101000100010000001100010110100000001000000000000000000000000000000000000000000000000000000000000000000000000000000000000000000 0 0
14390 31.158 LR999933.1	8902122 ( 0 ) 101001100100000010111101111110100111001011110001100100101000100010000001100010110100000001000000000000000000000000000000000000000000000000000000000000000000000000000000000000000000 0 0
14373 31.158 LR999933.1	8565972 ( 0 ) 101001100100000010111101111110100111001011110001100100101000100010000001100010110100000001000000000000000000000000000000000000000000000000000000000000000000000000000000000000000000 0 0
14421 31.158 LR999933.1	9081305 ( 0 ) 101001100100000010111101111110100111001011110001100100101000100010000001100010110100000001000000000000000000000000000000000000000000000000000000000000000000000000000000000000000000 0 0
14420 31.158 LR999933.1	9081290 ( 0 ) 101001100100000010111101111110100111001011110001100100101000100010000001100010110100000001000000000000000000000000000000000000000000000000000000000000000000000000000000000000000000 0 0
14447 31.158 LR999933.1	9330237 ( 0 ) 101001100100000010111101111110100111001011110001100100101000100010000001100010110100000001000000000000000000000000000000000000000000000000000000000000000000000000000000000000000000 0 0
14429 31.158 LR999933.1	9081581 ( 0 ) 101001100100000010111101111110100111001011110001100100101000100010000001100010110100000001000000000000000000000000000000000000000000000000000000000000000000000000000000000000000000 0 0
14391 31.158 LR999933.1	8902317 ( 0 ) 101001100100000010111101111110100111001011110001100100101000100010000001100010110100000001000000000000000000000000000000000000000000000000000000000000000000000000000000000000000000 0 0
14439 31.158 LR999933.1	9177087 ( 0 ) 101001100100000010111101111110100111001011110001100100101000100010000001100010110100000001000000000000000000000000000000000000000000000000000000000000000000000000000000000000000000 0 0
14456 31.158 LR999933.1	9405402 ( 0 ) 101001100100000010111101111110100111001011110001100100101000100010000001100010110100000001000000000000000000000000000000000000000000000000000000000000000000000000000000000000000000 0 0
14369 31.158 LR999933.1	8565931 ( 0 ) 101001100100000010111101111110100111001011110001100100101000100010000001100010110100000001000000000000000000000000000000000000000000000000000000000000000000000000000000000000000000 0 0
14395 31.158 LR999933.1	8902385 ( 0 ) 101001100100000010111101111110100111001011110001100100101000100010000001100010110100000001000000000000000000000000000000000000000000000000000000000000000000000000000000000000000000 0 0
14385 31.158 LR999933.1	8764922 ( 0 ) 101001100100000010111101111110100111001011110001100100101000100010000001100010110100000001000000000000000000000000000000000000000000000000000000000000000000000000000000000000000000 0 0
14434 31.158 LR999933.1	9152643 ( 0 ) 101001100100000010111101111110100111001011110001100100101000100010000001100010110100000001000000000000000000000000000000000000000000000000000000000000000000000000000000000000000000 0 0
14386 31.158 LR999933.1	8764934 ( 0 ) 101001100100000010111101111110100111001011110001100100101000100010000001100010110100000001000000000000000000000000000000000000000000000000000000000000000000000000000000000000000000 0 0
14449 31.158 LR999933.1	9330578 ( 0 ) 101001100100000010111101111110100111001011110001100100101000100010000001100010110100000001000000000000000000000000000000000000000000000000000000000000000000000000000000000000000000 0 0
14423 31.158 LR999933.1	9081362 ( 0 ) 101001100100000010111101111110100111001011110001100100101000100010000001100010110100000001000000000000000000000000000000000000000000000000000000000000000000000000000000000000000000 0 0
14452 31.158 LR999933.1	9405174 ( 0 ) 101001100100000010111101111110100111001011110001100100101000100010000001100010110100000001000000000000000000000000000000000000000000000000000000000000000000000000000000000000000000 0 0
14422 31.158 LR999933.1	9081351 ( 0 ) 101001100100000010111101111110100111001011110001100100101000100010000001100010110100000001000000000000000000000000000000000000000000000000000000000000000000000000000000000000000000 0 0
14381 31.158 LR999933.1	8764856 ( 0 ) 101001100100000010111101111110100111001011110001100100101000100010000001100010110100000001000000000000000000000000000000000000000000000000000000000000000000000000000000000000000000 0 0
14370 31.158 LR999933.1	8565964 ( 0 ) 101001100100000010111101111110100111001011110001100100101000100010000001100010110100000001000000000000000000000000000000000000000000000000000000000000000000000000000000000000000000 0 0
14440 31.158 LR999933.1	9177118 ( 0 ) 101001100100000010111101111110100111001011110001100100101000100010000001100010110100000001000000000000000000000000000000000000000000000000000000000000000000000000000000000000000000 0 0
14433 31.158 LR999933.1	9152575 ( 0 ) 101001100100000010111101111110100111001011110001100100101000100010000001100010110100000001000000000000000000000000000000000000000000000000000000000000000000000000000000000000000000 0 0
14426 31.158 LR999933.1	9081531 ( 0 ) 101001100100000010111101111110100111001011110001100100101000100010000001100010110100000001000000000000000000000000000000000000000000000000000000000000000000000000000000000000000000 0 0
14455 31.158 LR999933.1	9405221 ( 0 ) 101001100100000010111101111110100111001011110001100100101000100010000001100010110100000001000000000000000000000000000000000000000000000000000000000000000000000000000000000000000000 0 0
14372 31.158 LR999933.1	8565970 ( 0 ) 101001100100000010111101111110100111001011110001100100101000100010000001100010110100000001000000000000000000000000000000000000000000000000000000000000000000000000000000000000000000 0 0
14499 31.158 LR999933.1	9775821 ( 0 ) 101001100100000010111101111110100111001011110001100100101000100010000001100010110100000001000000000000000000000000000000000000000000000000000000000000000000000000000000000000000000 0 0
14371 31.158 LR999933.1	8565969 ( 0 ) 101001100100000010111101111110100111001011110001100100101000100010000001100010110100000001000000000000000000000000000000000000000000000000000000000000000000000000000000000000000000 0 0
14495 31.158 LR999933.1	9775763 ( 0 ) 101001100100000010111101111110100111001011110001100100101000100010000001100010110100000001000000000000000000000000000000000000000000000000000000000000000000000000000000000000000000 0 0
14498 31.158 LR999933.1	9775798 ( 0 ) 101001100100000010111101111110100111001011110001100100101000100010000001100010110100000001000000000000000000000000000000000000000000000000000000000000000000000000000000000000000000 0 0
14428 31.158 LR999933.1	9081568 ( 0 ) 101001100100000010111101111110100111001011110001100100101000100010000001100010110100000001000000000000000000000000000000000000000000000000000000000000000000000000000000000000000000 0 0
14397 31.158 LR999933.1	8902400 ( 0 ) 101001100100000010111101111110100111001011110001100100101000100010000001100010110100000001000000000000000000000000000000000000000000000000000000000000000000000000000000000000000000 0 0
14560 32.269 LR999933.1	10161915 ( 0 ) 101001100100000010111101111110100111001011110001100100101000100010000101100010110100000001000000000000000000000000000000000000000000000000000000000000000000000000000000000000000000 1 0
14563 32.269 LR999933.1	10162105 ( 0 ) 101001100100000010111101111110100111001011110001100100101000100010000101100010110100000001000000000000000000000000000000000000000000000000000000000000000000000000000000000000000000 0 0
14506 32.269 LR999933.1	9828760 ( 0 ) 101001100100000010111101111110100111001011110001100100101000100010000101100010110100000001000000000000000000000000000000000000000000000000000000000000000000000000000000000000000000 0 0
14510 32.269 LR999933.1	9828782 ( 0 ) 101001100100000010111101111110100111001011110001100100101000100010000101100010110100000001000000000000000000000000000000000000000000000000000000000000000000000000000000000000000000 0 0
14550 32.269 LR999933.1	10092990 ( 0 ) 101001100100000010111101111110100111001011110001100100101000100010000101100010110100000001000000000000000000000000000000000000000000000000000000000000000000000000000000000000000000 0 0
14505 32.269 LR999933.1	9828708 ( 0 ) 101001100100000010111101111110100111001011110001100100101000100010000101100010110100000001000000000000000000000000000000000000000000000000000000000000000000000000000000000000000000 0 0
14507 32.269 LR999933.1	9828761 ( 0 ) 101001100100000010111101111110100111001011110001100100101000100010000101100010110100000001000000000000000000000000000000000000000000000000000000000000000000000000000000000000000000 0 0
14518 32.269 LR999933.1	9900444 ( 0 ) 101001100100000010111101111110100111001011110001100100101000100010000101100010110100000001000000000000000000000000000000000000000000000000000000000000000000000000000000000000000000 0 0
14557 32.269 LR999933.1	10161843 ( 0 ) 101001100100000010111101111110100111001011110001100100101000100010000101100010110100000001000000000000000000000000000000000000000000000000000000000000000000000000000000000000000000 0 0
14503 32.269 LR999933.1	9828699 ( 0 ) 101001100100000010111101111110100111001011110001100100101000100010000101100010110100000001000000000000000000000000000000000000000000000000000000000000000000000000000000000000000000 0 0
14514 32.269 LR999933.1	9828829 ( 0 ) 101001100100000010111101111110100111001011110001100100101000100010000101100010110100000001000000000000000000000000000000000000000000000000000000000000000000000000000000000000000000 0 0
14564 32.269 LR999933.1	10162118 ( 0 ) 101001100100000010111101111110100111001011110001100100101000100010000101100010110100000001000000000000000000000000000000000000000000000000000000000000000000000000000000000000000000 0 0
14512 32.269 LR999933.1	9828824 ( 0 ) 101001100100000010111101111110100111001011110001100100101000100010000101100010110100000001000000000000000000000000000000000000000000000000000000000000000000000000000000000000000000 0 0
14511 32.269 LR999933.1	9828815 ( 0 ) 101001100100000010111101111110100111001011110001100100101000100010000101100010110100000001000000000000000000000000000000000000000000000000000000000000000000000000000000000000000000 0 0
14548 32.269 LR999933.1	10092788 ( 0 ) 101001100100000010111101111110100111001011110001100100101000100010000101100010110100000001000000000000000000000000000000000000000000000000000000000000000000000000000000000000000000 0 0
14509 32.269 LR999933.1	9828775 ( 0 ) 101001100100000010111101111110100111001011110001100100101000100010000101100010110100000001000000000000000000000000000000000000000000000000000000000000000000000000000000000000000000 0 0
14504 32.269 LR999933.1	9828700 ( 0 ) 101001100100000010111101111110100111001011110001100100101000100010000101100010110100000001000000000000000000000000000000000000000000000000000000000000000000000000000000000000000000 0 0
14508 32.269 LR999933.1	9828772 ( 0 ) 101001100100000010111101111110100111001011110001100100101000100010000101100010110100000001000000000000000000000000000000000000000000000000000000000000000000000000000000000000000000 0 0
14581 33.381 LR999933.1	10363699 ( 0 ) 101001100100000010111101111110100111001111110001100100101000100010000101100010110100000001000000000000000000000000000000000000000000000000000000000000000000000000000000000000000000 1 0
14580 33.381 LR999933.1	10363636 ( 0 ) 101001100100000010111101111110100111001111110001100100101000100010000101100010110100000001000000000000000000000000000000000000000000000000000000000000000000000000000000000000000000 0 0
14579 33.381 LR999933.1	10363610 ( 0 ) 101001100100000010111101111110100111001111110001100100101000100010000101100010110100000001000000000000000000000000000000000000000000000000000000000000000000000000000000000000000000 0 0
14688 36.719 LR999933.1	11077551 ( 0 ) 101001010100000010111101111110100111001111110001100100101000100110000101100010110100000001000000000000000000000000000000000000000000000000000000000000000000000000000000000000000000 3 0
14740 36.719 LR999933.1	11433649 ( 0 ) 101001010100000010111101111110100111001111110001100100101000100110000101100010110100000001000000000000000000000000000000000000000000000000000000000000000000000000000000000000000000 0 0
14685 36.719 LR999933.1	11077498 ( 0 ) 101001010100000010111101111110100111001111110001100100101000100110000101100010110100000001000000000000000000000000000000000000000000000000000000000000000000000000000000000000000000 0 0
14743 36.719 LR999933.1	11433903 ( 0 ) 101001010100000010111101111110100111001111110001100100101000100110000101100010110100000001000000000000000000000000000000000000000000000000000000000000000000000000000000000000000000 0 0
14680 36.719 LR999933.1	11077485 ( 0 ) 101001010100000010111101111110100111001111110001100100101000100110000101100010110100000001000000000000000000000000000000000000000000000000000000000000000000000000000000000000000000 0 0
14737 36.719 LR999933.1	11433566 ( 0 ) 101001010100000010111101111110100111001111110001100100101000100110000101100010110100000001000000000000000000000000000000000000000000000000000000000000000000000000000000000000000000 0 0
14683 37.830 LR999933.1	11077493 ( 0 ) 101001010100000010111101111110100111001111110001100100101000100110000101100010111100000001000000000000000000000000000000000000000000000000000000000000000000000000000000000000000000 1 0
14882 37.830 LR999933.1	12204038 ( 0 ) 101001010100000010111101111110100111001111110001100100101000100110000101100010111100000001000000000000000000000000000000000000000000000000000000000000000000000000000000000000000000 0 0
14930 37.830 LR999933.1	12468784 ( 0 ) 101001010100000010111101111110100111001111110001100100101000100110000101100010111100000001000000000000000000000000000000000000000000000000000000000000000000000000000000000000000000 0 0
14881 37.830 LR999933.1	12204007 ( 0 ) 101001010100000010111101111110100111001111110001100100101000100110000101100010111100000001000000000000000000000000000000000000000000000000000000000000000000000000000000000000000000 0 0
14828 37.830 LR999933.1	11931903 ( 0 ) 101001010100000010111101111110100111001111110001100100101000100110000101100010111100000001000000000000000000000000000000000000000000000000000000000000000000000000000000000000000000 0 0
14878 37.830 LR999933.1	12203986 ( 0 ) 101001010100000010111101111110100111001111110001100100101000100110000101100010111100000001000000000000000000000000000000000000000000000000000000000000000000000000000000000000000000 0 0
14920 37.830 LR999933.1	12468587 ( 0 ) 101001010100000010111101111110100111001111110001100100101000100110000101100010111100000001000000000000000000000000000000000000000000000000000000000000000000000000000000000000000000 0 0
14880 37.830 LR999933.1	12203992 ( 0 ) 101001010100000010111101111110100111001111110001100100101000100110000101100010111100000001000000000000000000000000000000000000000000000000000000000000000000000000000000000000000000 0 0
14924 37.830 LR999933.1	12468733 ( 0 ) 101001010100000010111101111110100111001111110001100100101000100110000101100010111100000001000000000000000000000000000000000000000000000000000000000000000000000000000000000000000000 0 0
14923 37.830 LR999933.1	12468726 ( 0 ) 101001010100000010111101111110100111001111110001100100101000100110000101100010111100000001000000000000000000000000000000000000000000000000000000000000000000000000000000000000000000 0 0
14874 37.830 LR999933.1	12203929 ( 0 ) 101001010100000010111101111110100111001111110001100100101000100110000101100010111100000001000000000000000000000000000000000000000000000000000000000000000000000000000000000000000000 0 0
14826 37.830 LR999933.1	11931884 ( 0 ) 101001010100000010111101111110100111001111110001100100101000100110000101100010111100000001000000000000000000000000000000000000000000000000000000000000000000000000000000000000000000 0 0
14829 37.830 LR999933.1	11931921 ( 0 ) 101001010100000010111101111110100111001111110001100100101000100110000101100010111100000001000000000000000000000000000000000000000000000000000000000000000000000000000000000000000000 0 0
14918 37.830 LR999933.1	12468542 ( 0 ) 101001010100000010111101111110100111001111110001100100101000100110000101100010111100000001000000000000000000000000000000000000000000000000000000000000000000000000000000000000000000 0 0
14692 37.830 LR999933.1	11077772 ( 0 ) 101001010100000010111101111110100111001111110001100100101000100110000101100010111100000001000000000000000000000000000000000000000000000000000000000000000000000000000000000000000000 0 0
14814 37.830 LR999933.1	11814589 ( 0 ) 101001010100000010111101111110100111001111110001100100101000100110000101100010111100000001000000000000000000000000000000000000000000000000000000000000000000000000000000000000000000 0 0
14875 37.830 LR999933.1	12203947 ( 0 ) 101001010100000010111101111110100111001111110001100100101000100110000101100010111100000001000000000000000000000000000000000000000000000000000000000000000000000000000000000000000000 0 0
14871 37.830 LR999933.1	12203683 ( 0 ) 101001010100000010111101111110100111001111110001100100101000100110000101100010111100000001000000000000000000000000000000000000000000000000000000000000000000000000000000000000000000 0 0
14872 37.830 LR999933.1	12203701 ( 0 ) 101001010100000010111101111110100111001111110001100100101000100110000101100010111100000001000000000000000000000000000000000000000000000000000000000000000000000000000000000000000000 0 0
14879 37.830 LR999933.1	12203989 ( 0 ) 101001010100000010111101111110100111001111110001100100101000100110000101100010111100000001000000000000000000000000000000000000000000000000000000000000000000000000000000000000000000 0 0
14689 37.830 LR999933.1	11077554 ( 0 ) 101001010100000010111101111110100111001111110001100100101000100110000101100010111100000001000000000000000000000000000000000000000000000000000000000000000000000000000000000000000000 0 0
14867 37.830 LR999933.1	12115655 ( 0 ) 101001010100000010111101111110100111001111110001100100101000100110000101100010111100000001000000000000000000000000000000000000000000000000000000000000000000000000000000000000000000 0 0
14819 37.830 LR999933.1	11814645 ( 0 ) 101001010100000010111101111110100111001111110001100100101000100110000101100010111100000001000000000000000000000000000000000000000000000000000000000000000000000000000000000000000000 0 0
14917 37.830 LR999933.1	12468536 ( 0 ) 101001010100000010111101111110100111001111110001100100101000100110000101100010111100000001000000000000000000000000000000000000000000000000000000000000000000000000000000000000000000 0 0
14932 37.830 LR999933.1	12468793 ( 0 ) 101001010100000010111101111110100111001111110001100100101000100110000101100010111100000001000000000000000000000000000000000000000000000000000000000000000000000000000000000000000000 0 0
14800 37.830 LR999933.1	11797874 ( 0 ) 101001010100000010111101111110100111001111110001100100101000100110000101100010111100000001000000000000000000000000000000000000000000000000000000000000000000000000000000000000000000 0 0
14816 37.830 LR999933.1	11814599 ( 0 ) 101001010100000010111101111110100111001111110001100100101000100110000101100010111100000001000000000000000000000000000000000000000000000000000000000000000000000000000000000000000000 0 0
14817 37.830 LR999933.1	11814610 ( 0 ) 101001010100000010111101111110100111001111110001100100101000100110000101100010111100000001000000000000000000000000000000000000000000000000000000000000000000000000000000000000000000 0 0
14873 37.830 LR999933.1	12203731 ( 0 ) 101001010100000010111101111110100111001111110001100100101000100110000101100010111100000001000000000000000000000000000000000000000000000000000000000000000000000000000000000000000000 0 0
14927 37.830 LR999933.1	12468758 ( 0 ) 101001010100000010111101111110100111001111110001100100101000100110000101100010111100000001000000000000000000000000000000000000000000000000000000000000000000000000000000000000000000 0 0
14877 37.830 LR999933.1	12203967 ( 0 ) 101001010100000010111101111110100111001111110001100100101000100110000101100010111100000001000000000000000000000000000000000000000000000000000000000000000000000000000000000000000000 0 0
14818 37.830 LR999933.1	11814640 ( 0 ) 101001010100000010111101111110100111001111110001100100101000100110000101100010111100000001000000000000000000000000000000000000000000000000000000000000000000000000000000000000000000 0 0
14919 37.830 LR999933.1	12468586 ( 0 ) 101001010100000010111101111110100111001111110001100100101000100110000101100010111100000001000000000000000000000000000000000000000000000000000000000000000000000000000000000000000000 0 0
14921 37.830 LR999933.1	12468716 ( 0 ) 101001010100000010111101111110100111001111110001100100101000100110000101100010111100000001000000000000000000000000000000000000000000000000000000000000000000000000000000000000000000 0 0
14831 37.830 LR999933.1	11931954 ( 0 ) 101001010100000010111101111110100111001111110001100100101000100110000101100010111100000001000000000000000000000000000000000000000000000000000000000000000000000000000000000000000000 0 0
14954 38.942 LR999933.1	12814147 ( 0 ) 101001010100100010111101111110100111001111110001100100101000100110000101100010111100000001000000000000000000000000000000000000000000000000000000000000000000000000000000000000000000 1 0
14947 38.942 LR999933.1	12668830 ( 0 ) 101001010100100010111101111110100111001111110001100100101000100110000101100010111100000001000000000000000000000000000000000000000000000000000000000000000000000000000000000000000000 0 0
14972 38.942 LR999933.1	12893670 ( 0 ) 101001010100100010111101111110100111001111110001100100101000100110000101100010111100000001000000000000000000000000000000000000000000000000000000000000000000000000000000000000000000 0 0
14975 38.942 LR999933.1	12893703 ( 0 ) 101001010100100010111101111110100111001111110001100100101000100110000101100010111100000001000000000000000000000000000000000000000000000000000000000000000000000000000000000000000000 0 0
14974 38.942 LR999933.1	12893697 ( 0 ) 101001010100100010111101111110100111001111110001100100101000100110000101100010111100000001000000000000000000000000000000000000000000000000000000000000000000000000000000000000000000 0 0
14970 38.942 LR999933.1	12893631 ( 0 ) 101001010100100010111101111110100111001111110001100100101000100110000101100010111100000001000000000000000000000000000000000000000000000000000000000000000000000000000000000000000000 0 0
14955 38.942 LR999933.1	12814189 ( 0 ) 101001010100100010111101111110100111001111110001100100101000100110000101100010111100000001000000000000000000000000000000000000000000000000000000000000000000000000000000000000000000 0 0
15187 44.520 LR999933.1	14618261 ( 0 ) 101001010110100010111101111010100111011111110001110100101000100110010101100010111100000001000000000000000000000000000000000000000000000000000000000000000000000000000000000000000000 5 0
15100 44.520 LR999933.1	14013884 ( 0 ) 101001010110100010111101111010100111011111110001110100101000100110010101100010111100000001000000000000000000000000000000000000000000000000000000000000000000000000000000000000000000 0 0
15043 45.632 LR999933.1	13690102 ( 0 ) 101000010110100010111101111010100111011111110001110100101000100110010101100010111100000001000000000000000000000000000000000000000000000000000000000000000000000000000000000000000000 1 0
15058 45.632 LR999933.1	13690257 ( 0 ) 101000010110100010111101111010100111011111110001110100101000100110010101100010111100000001000000000000000000000000000000000000000000000000000000000000000000000000000000000000000000 0 0
15084 45.632 LR999933.1	13862900 ( 0 ) 101000010110100010111101111010100111011111110001110100101000100110010101100010111100000001000000000000000000000000000000000000000000000000000000000000000000000000000000000000000000 0 0
15036 45.632 LR999933.1	13643094 ( 0 ) 101000010110100010111101111010100111011111110001110100101000100110010101100010111100000001000000000000000000000000000000000000000000000000000000000000000000000000000000000000000000 0 0
14742 45.632 LR999933.1	11433862 ( 0 ) 101000010110100010111101111010100111011111110001110100101000100110010101100010111100000001000000000000000000000000000000000000000000000000000000000000000000000000000000000000000000 0 0
15038 45.632 LR999933.1	13643303 ( 0 ) 101000010110100010111101111010100111011111110001110100101000100110010101100010111100000001000000000000000000000000000000000000000000000000000000000000000000000000000000000000000000 0 0
15023 45.632 LR999933.1	13480363 ( 0 ) 101000010110100010111101111010100111011111110001110100101000100110010101100010111100000001000000000000000000000000000000000000000000000000000000000000000000000000000000000000000000 0 0
15047 45.632 LR999933.1	13690132 ( 0 ) 101000010110100010111101111010100111011111110001110100101000100110010101100010111100000001000000000000000000000000000000000000000000000000000000000000000000000000000000000000000000 0 0
15091 45.632 LR999933.1	13925063 ( 0 ) 101000010110100010111101111010100111011111110001110100101000100110010101100010111100000001000000000000000000000000000000000000000000000000000000000000000000000000000000000000000000 0 0
15049 45.632 LR999933.1	13690141 ( 0 ) 101000010110100010111101111010100111011111110001110100101000100110010101100010111100000001000000000000000000000000000000000000000000000000000000000000000000000000000000000000000000 0 0
15046 45.632 LR999933.1	13690126 ( 0 ) 101000010110100010111101111010100111011111110001110100101000100110010101100010111100000001000000000000000000000000000000000000000000000000000000000000000000000000000000000000000000 0 0
15039 45.632 LR999933.1	13643318 ( 0 ) 101000010110100010111101111010100111011111110001110100101000100110010101100010111100000001000000000000000000000000000000000000000000000000000000000000000000000000000000000000000000 0 0
15053 45.632 LR999933.1	13690210 ( 0 ) 101000010110100010111101111010100111011111110001110100101000100110010101100010111100000001000000000000000000000000000000000000000000000000000000000000000000000000000000000000000000 0 0
15090 45.632 LR999933.1	13924914 ( 0 ) 101000010110100010111101111010100111011111110001110100101000100110010101100010111100000001000000000000000000000000000000000000000000000000000000000000000000000000000000000000000000 0 0
15051 45.632 LR999933.1	13690181 ( 0 ) 101000010110100010111101111010100111011111110001110100101000100110010101100010111100000001000000000000000000000000000000000000000000000000000000000000000000000000000000000000000000 0 0
15050 45.632 LR999933.1	13690151 ( 0 ) 101000010110100010111101111010100111011111110001110100101000100110010101100010111100000001000000000000000000000000000000000000000000000000000000000000000000000000000000000000000000 0 0
15104 46.743 LR999933.1	14014107 ( 0 ) 101000010110100010111101111010100111011111100001110100101000100110010101100010111100000001000000000000000000000000000000000000000000000000000000000000000000000000000000000000000000 1 0
15106 46.743 LR999933.1	14014169 ( 0 ) 101000010110100010111101111010100111011111100001110100101000100110010101100010111100000001000000000000000000000000000000000000000000000000000000000000000000000000000000000000000000 0 0
15126 48.967 LR999933.1	14176463 ( 0 ) 101000010110100010111101101010100111011111101001110100101000100110010101100010111100000001000000000000000000000000000000000000000000000000000000000000000000000000000000000000000000 2 0
15131 48.967 LR999933.1	14176545 ( 0 ) 101000010110100010111101101010100111011111101001110100101000100110010101100010111100000001000000000000000000000000000000000000000000000000000000000000000000000000000000000000000000 0 0
15295 48.967 LR999933.1	15282729 ( 0 ) 101000010110100010111101101010100111011111101001110100101000100110010101100010111100000001000000000000000000000000000000000000000000000000000000000000000000000000000000000000000000 0 0
15260 48.967 LR999933.1	14940050 ( 0 ) 101000010110100010111101101010100111011111101001110100101000100110010101100010111100000001000000000000000000000000000000000000000000000000000000000000000000000000000000000000000000 0 0
22616 48.967 LR999938.1	9314968 ( 0 ) 101000010110100010111101101010100111011111101001110100101000100110010101100010111100000001000000000000000000000000000000000000000000000000000000000000000000000000000000000000000000 0 0
15124 48.967 LR999933.1	14176297 ( 0 ) 101000010110100010111101101010100111011111101001110100101000100110010101100010111100000001000000000000000000000000000000000000000000000000000000000000000000000000000000000000000000 0 0
15173 48.967 LR999933.1	14570401 ( 0 ) 101000010110100010111101101010100111011111101001110100101000100110010101100010111100000001000000000000000000000000000000000000000000000000000000000000000000000000000000000000000000 0 0
15122 48.967 LR999933.1	14176276 ( 0 ) 101000010110100010111101101010100111011111101001110100101000100110010101100010111100000001000000000000000000000000000000000000000000000000000000000000000000000000000000000000000000 0 0
15127 48.967 LR999933.1	14176478 ( 0 ) 101000010110100010111101101010100111011111101001110100101000100110010101100010111100000001000000000000000000000000000000000000000000000000000000000000000000000000000000000000000000 0 0
15258 48.967 LR999933.1	14940011 ( 0 ) 101000010110100010111101101010100111011111101001110100101000100110010101100010111100000001000000000000000000000000000000000000000000000000000000000000000000000000000000000000000000 0 0
15128 48.967 LR999933.1	14176483 ( 0 ) 101000010110100010111101101010100111011111101001110100101000100110010101100010111100000001000000000000000000000000000000000000000000000000000000000000000000000000000000000000000000 0 0
15195 48.967 LR999933.1	14690954 ( 0 ) 101000010110100010111101101010100111011111101001110100101000100110010101100010111100000001000000000000000000000000000000000000000000000000000000000000000000000000000000000000000000 0 0
15116 48.967 LR999933.1	14062412 ( 0 ) 101000010110100010111101101010100111011111101001110100101000100110010101100010111100000001000000000000000000000000000000000000000000000000000000000000000000000000000000000000000000 0 0
15129 48.967 LR999933.1	14176507 ( 0 ) 101000010110100010111101101010100111011111101001110100101000100110010101100010111100000001000000000000000000000000000000000000000000000000000000000000000000000000000000000000000000 0 0
15130 48.967 LR999933.1	14176541 ( 0 ) 101000010110100010111101101010100111011111101001110100101000100110010101100010111100000001000000000000000000000000000000000000000000000000000000000000000000000000000000000000000000 0 0
15123 48.967 LR999933.1	14176288 ( 0 ) 101000010110100010111101101010100111011111101001110100101000100110010101100010111100000001000000000000000000000000000000000000000000000000000000000000000000000000000000000000000000 0 0
15130 48.967 LR999933.1	14176541 ( 0 ) 101000010110100010111101101010100111011111101001110100101000100110010101100010111100000001000000000000000000000000000000000000000000000000000000000000000000000000000000000000000000 0 0
15194 48.967 LR999933.1	14690942 ( 0 ) 101000010110100010111101101010100111011111101001110100101000100110010101100010111100000001000000000000000000000000000000000000000000000000000000000000000000000000000000000000000000 0 0
15240 48.967 LR999933.1	14901359 ( 0 ) 101000010110100010111101101010100111011111101001110100101000100110010101100010111100000001000000000000000000000000000000000000000000000000000000000000000000000000000000000000000000 0 0
15118 50.078 LR999933.1	14062439 ( 0 ) 101000010110100010111101101010100111011111101001110100101000100110010101000010111100000001000000000000000000000000000000000000000000000000000000000000000000000000000000000000000000 1 0
15115 50.078 LR999933.1	14062411 ( 0 ) 101000010110100010111101101010100111011111101001110100101000100110010101000010111100000001000000000000000000000000000000000000000000000000000000000000000000000000000000000000000000 0 0
15114 50.078 LR999933.1	14062398 ( 0 ) 101000010110100010111101101010100111011111101001110100101000100110010101000010111100000001000000000000000000000000000000000000000000000000000000000000000000000000000000000000000000 0 0
15111 50.078 LR999933.1	14062342 ( 0 ) 101000010110100010111101101010100111011111101001110100101000100110010101000010111100000001000000000000000000000000000000000000000000000000000000000000000000000000000000000000000000 0 0
15112 50.078 LR999933.1	14062365 ( 0 ) 101000010110100010111101101010100111011111101001110100101000100110010101000010111100000001000000000000000000000000000000000000000000000000000000000000000000000000000000000000000000 0 0
15113 50.078 LR999933.1	14062380 ( 0 ) 101000010110100010111101101010100111011111101001110100101000100110010101000010111100000001000000000000000000000000000000000000000000000000000000000000000000000000000000000000000000 0 0
15188 53.416 LR999933.1	14660954 ( 0 ) 101000010110100010001101101010100111011111101001110100101000100110010101000010111000000001000000000000000000000000000000000000000000000000000000000000000000000000000000000000000000 3 0
13665 57.872 LR999933.1	1162927 ( 0 ) 111000010110100010001111101010100111011111101001110101101100100110010101000010111000000001000000000000000000000000000000000000000000000000000000000000000000000000000000000000000000 4 0
13803 62.328 LR999933.1	2500092 ( 0 ) 111000010110100010001111101010000111011111101001110101101100100110010101010000011000000001000000000000000000000000000000000000000000000000000000000000000000000000000000000000000000 4 0
13804 63.440 LR999933.1	2500156 ( 0 ) 111000010110100010001111101010000111011111101001110101101100100110010101010000011000010001000000000000000000000000000000000000000000000000000000000000000000000000000000000000000000 1 0
40862 67.896 LR999940.1	1049611 ( 0 ) 111000010111100011001111101010000111111111101001110101101100100110010101010000011000110001000000000000000000000000000000000000000000000000000000000000000000000000000000000000000000 4 0
14808 67.896 LR999933.1	11799009 ( 0 ) 111000010111100011001111101010000111111111101001110101101100100110010101010000011000110001000000000000000000000000000000000000000000000000000000000000000000000000000000000000000000 0 0
14522 67.896 LR999933.1	9900492 ( 0 ) 111000010111100011001111101010000111111111101001110101101100100110010101010000011000110001000000000000000000000000000000000000000000000000000000000000000000000000000000000000000000 0 0
13732 67.896 LR999933.1	1667635 ( 0 ) 111000010111100011001111101010000111111111101001110101101100100110010101010000011000110001000000000000000000000000000000000000000000000000000000000000000000000000000000000000000000 0 0
13806 67.896 LR999933.1	2500158 ( 0 ) 111000010111100011001111101010000111111111101001110101101100100110010101010000011000110001000000000000000000000000000000000000000000000000000000000000000000000000000000000000000000 0 0
