#*** LG = 0 likelihood = -2635.5465
#marker_number	male_position	female_position	( 0.0 )[	phased data]
26545 0.000 LR999942.1	1913332 ( 0 ) 110000011010001111010100011010110011010010010100010111010000100101101110100110000001111011000000000000000000000000000000000000000000000000000000000000000000000000000000000000000000 0 0
26543 0.000 LR999942.1	1913189 ( 0 ) 110000011010001111010100011010110011010010010100010111010000100101101110100110000001111011000000000000000000000000000000000000000000000000000000000000000000000000000000000000000000 0 0
26546 0.000 LR999942.1	1913339 ( 0 ) 110000011010001111010100011010110011010010010100010111010000100101101110100110000001111011000000000000000000000000000000000000000000000000000000000000000000000000000000000000000000 0 0
27201 2.224 LR999942.1	7614459 ( 0 ) 110000011000001111010100011010110011010010010100010111010000100101101110100110000000111011000000000000000000000000000000000000000000000000000000000000000000000000000000000000000000 2 0
26907 2.224 LR999942.1	5157505 ( 0 ) 110000011000001111010100011010110011010010010100010111010000100101101110100110000000111011000000000000000000000000000000000000000000000000000000000000000000000000000000000000000000 0 0
26905 2.224 LR999942.1	5091299 ( 0 ) 110000011000001111010100011010110011010010010100010111010000100101101110100110000000111011000000000000000000000000000000000000000000000000000000000000000000000000000000000000000000 0 0
27199 2.224 LR999942.1	7614433 ( 0 ) 110000011000001111010100011010110011010010010100010111010000100101101110100110000000111011000000000000000000000000000000000000000000000000000000000000000000000000000000000000000000 0 0
27200 2.224 LR999942.1	7614438 ( 0 ) 110000011000001111010100011010110011010010010100010111010000100101101110100110000000111011000000000000000000000000000000000000000000000000000000000000000000000000000000000000000000 0 0
26906 2.224 LR999942.1	5091607 ( 0 ) 110000011000001111010100011010110011010010010100010111010000100101101110100110000000111011000000000000000000000000000000000000000000000000000000000000000000000000000000000000000000 0 0
27318 2.224 LR999942.1	8913221 ( 0 ) 110000011000001111010100011010110011010010010100010111010000100101101110100110000000111011000000000000000000000000000000000000000000000000000000000000000000000000000000000000000000 0 0
27539 3.335 LR999942.1	11572426 ( 0 ) 110000011000001111010100011010110011010010010100010111010000100101100110100110000000111011000000000000000000000000000000000000000000000000000000000000000000000000000000000000000000 1 0
27538 3.335 LR999942.1	11572392 ( 0 ) 110000011000001111010100011010110011010010010100010111010000100101100110100110000000111011000000000000000000000000000000000000000000000000000000000000000000000000000000000000000000 0 0
27718 4.446 LR999942.1	13082632 ( 0 ) 110000011000001111010100011010110011010010000100010111010000100101100110100110000000111011000000000000000000000000000000000000000000000000000000000000000000000000000000000000000000 1 0
27316 5.558 LR999942.1	8913051 ( 0 ) 110000010000001111010100011010110011010010000100010111010000100101100110100110000000111011000000000000000000000000000000000000000000000000000000000000000000000000000000000000000000 1 0
27394 7.781 LR999942.1	10395062 ( 0 ) 110000010000001111010100011010010010010010000100010111010000100101100110100110000000111011000000000000000000000000000000000000000000000000000000000000000000000000000000000000000000 2 0
27397 7.781 LR999942.1	10418545 ( 0 ) 110000010000001111010100011010010010010010000100010111010000100101100110100110000000111011000000000000000000000000000000000000000000000000000000000000000000000000000000000000000000 0 0
26914 7.781 LR999942.1	5328984 ( 0 ) 110000010000001111010100011010010010010010000100010111010000100101100110100110000000111011000000000000000000000000000000000000000000000000000000000000000000000000000000000000000000 0 0
26552 8.893 LR999942.1	1913418 ( 0 ) 110000010000001111010100011010010010010010000100010111010000100101100110100110000000111001000000000000000000000000000000000000000000000000000000000000000000000000000000000000000000 1 0
27717 14.471 LR999942.1	13082627 ( 0 ) 100000010000001101010100011010010010010010000100010111010000100101100010000110000000111000000000000000000000000000000000000000000000000000000000000000000000000000000000000000000000 5 0
27716 14.471 LR999942.1	13082626 ( 0 ) 100000010000001101010100011010010010010010000100010111010000100101100010000110000000111000000000000000000000000000000000000000000000000000000000000000000000000000000000000000000000 0 0
26842 15.582 LR999942.1	4512799 ( 0 ) 100000010000001101010100011010010010010010100100010111010000100101100010000110000000111000000000000000000000000000000000000000000000000000000000000000000000000000000000000000000000 1 0
26308 22.289 LR999942.1	90278 ( 0 ) 100000010000001101110100111010010010010010100100010110010000100101100010010110000010111100000000000000000000000000000000000000000000000000000000000000000000000000000000000000000000 6 0
26586 24.513 LR999942.1	2088765 ( 0 ) 100000010000001101110100111010010010010010100100110110010000100111100010010110000010111100000000000000000000000000000000000000000000000000000000000000000000000000000000000000000000 2 0
26592 24.513 LR999942.1	2088827 ( 0 ) 100000010000001101110100111010010010010010100100110110010000100111100010010110000010111100000000000000000000000000000000000000000000000000000000000000000000000000000000000000000000 0 0
26591 24.513 LR999942.1	2088823 ( 0 ) 100000010000001101110100111010010010010010100100110110010000100111100010010110000010111100000000000000000000000000000000000000000000000000000000000000000000000000000000000000000000 0 0
26587 24.513 LR999942.1	2088789 ( 0 ) 100000010000001101110100111010010010010010100100110110010000100111100010010110000010111100000000000000000000000000000000000000000000000000000000000000000000000000000000000000000000 0 0
26589 24.513 LR999942.1	2088809 ( 0 ) 100000010000001101110100111010010010010010100100110110010000100111100010010110000010111100000000000000000000000000000000000000000000000000000000000000000000000000000000000000000000 0 0
26588 24.513 LR999942.1	2088791 ( 0 ) 100000010000001101110100111010010010010010100100110110010000100111100010010110000010111100000000000000000000000000000000000000000000000000000000000000000000000000000000000000000000 0 0
26590 24.513 LR999942.1	2088818 ( 0 ) 100000010000001101110100111010010010010010100100110110010000100111100010010110000010111100000000000000000000000000000000000000000000000000000000000000000000000000000000000000000000 0 0
26594 24.513 LR999942.1	2088849 ( 0 ) 100000010000001101110100111010010010010010100100110110010000100111100010010110000010111100000000000000000000000000000000000000000000000000000000000000000000000000000000000000000000 0 0
26595 24.513 LR999942.1	2088857 ( 0 ) 100000010000001101110100111010010010010010100100110110010000100111100010010110000010111100000000000000000000000000000000000000000000000000000000000000000000000000000000000000000000 0 0
26593 25.624 LR999942.1	2088846 ( 0 ) 100000010000001101110100111010010010010010100101110110010000100111100010010110000010111100000000000000000000000000000000000000000000000000000000000000000000000000000000000000000000 1 0
26367 28.962 LR999942.1	688998 ( 0 ) 100000010001101101110100111010010110010010100101110110010000100111100010010110000010111100000000000000000000000000000000000000000000000000000000000000000000000000000000000000000000 3 0
26452 28.962 LR999942.1	1569150 ( 0 ) 100000010001101101110100111010010110010010100101110110010000100111100010010110000010111100000000000000000000000000000000000000000000000000000000000000000000000000000000000000000000 0 0
26453 28.962 LR999942.1	1569163 ( 0 ) 100000010001101101110100111010010110010010100101110110010000100111100010010110000010111100000000000000000000000000000000000000000000000000000000000000000000000000000000000000000000 0 0
26455 28.962 LR999942.1	1569232 ( 0 ) 100000010001101101110100111010010110010010100101110110010000100111100010010110000010111100000000000000000000000000000000000000000000000000000000000000000000000000000000000000000000 0 0
26454 28.962 LR999942.1	1569190 ( 0 ) 100000010001101101110100111010010110010010100101110110010000100111100010010110000010111100000000000000000000000000000000000000000000000000000000000000000000000000000000000000000000 0 0
26471 30.074 LR999942.1	1575544 ( 0 ) 100000010001101101110100111010010110010010100101110110010000100111100010011110000010111100000000000000000000000000000000000000000000000000000000000000000000000000000000000000000000 1 0
26443 30.074 LR999942.1	1569059 ( 0 ) 100000010001101101110100111010010110010010100101110110010000100111100010011110000010111100000000000000000000000000000000000000000000000000000000000000000000000000000000000000000000 0 0
26394 30.074 LR999942.1	736759 ( 0 ) 100000010001101101110100111010010110010010100101110110010000100111100010011110000010111100000000000000000000000000000000000000000000000000000000000000000000000000000000000000000000 0 0
26393 30.074 LR999942.1	736743 ( 0 ) 100000010001101101110100111010010110010010100101110110010000100111100010011110000010111100000000000000000000000000000000000000000000000000000000000000000000000000000000000000000000 0 0
26392 30.074 LR999942.1	736742 ( 0 ) 100000010001101101110100111010010110010010100101110110010000100111100010011110000010111100000000000000000000000000000000000000000000000000000000000000000000000000000000000000000000 0 0
26560 30.074 LR999942.1	1993558 ( 0 ) 100000010001101101110100111010010110010010100101110110010000100111100010011110000010111100000000000000000000000000000000000000000000000000000000000000000000000000000000000000000000 0 0
26422 30.074 LR999942.1	1176793 ( 0 ) 100000010001101101110100111010010110010010100101110110010000100111100010011110000010111100000000000000000000000000000000000000000000000000000000000000000000000000000000000000000000 0 0
26391 30.074 LR999942.1	736732 ( 0 ) 100000010001101101110100111010010110010010100101110110010000100111100010011110000010111100000000000000000000000000000000000000000000000000000000000000000000000000000000000000000000 0 0
26396 30.074 LR999942.1	736764 ( 0 ) 100000010001101101110100111010010110010010100101110110010000100111100010011110000010111100000000000000000000000000000000000000000000000000000000000000000000000000000000000000000000 0 0
26562 30.074 LR999942.1	1993649 ( 0 ) 100000010001101101110100111010010110010010100101110110010000100111100010011110000010111100000000000000000000000000000000000000000000000000000000000000000000000000000000000000000000 0 0
26469 30.074 LR999942.1	1575463 ( 0 ) 100000010001101101110100111010010110010010100101110110010000100111100010011110000010111100000000000000000000000000000000000000000000000000000000000000000000000000000000000000000000 0 0
26316 30.074 LR999942.1	186797 ( 0 ) 100000010001101101110100111010010110010010100101110110010000100111100010011110000010111100000000000000000000000000000000000000000000000000000000000000000000000000000000000000000000 0 0
26404 30.074 LR999942.1	770620 ( 0 ) 100000010001101101110100111010010110010010100101110110010000100111100010011110000010111100000000000000000000000000000000000000000000000000000000000000000000000000000000000000000000 0 0
26398 30.074 LR999942.1	736785 ( 0 ) 100000010001101101110100111010010110010010100101110110010000100111100010011110000010111100000000000000000000000000000000000000000000000000000000000000000000000000000000000000000000 0 0
26467 30.074 LR999942.1	1575438 ( 0 ) 100000010001101101110100111010010110010010100101110110010000100111100010011110000010111100000000000000000000000000000000000000000000000000000000000000000000000000000000000000000000 0 0
26406 30.074 LR999942.1	770653 ( 0 ) 100000010001101101110100111010010110010010100101110110010000100111100010011110000010111100000000000000000000000000000000000000000000000000000000000000000000000000000000000000000000 0 0
26557 30.074 LR999942.1	1993380 ( 0 ) 100000010001101101110100111010010110010010100101110110010000100111100010011110000010111100000000000000000000000000000000000000000000000000000000000000000000000000000000000000000000 0 0
26376 30.074 LR999942.1	689250 ( 0 ) 100000010001101101110100111010010110010010100101110110010000100111100010011110000010111100000000000000000000000000000000000000000000000000000000000000000000000000000000000000000000 0 0
26444 30.074 LR999942.1	1569089 ( 0 ) 100000010001101101110100111010010110010010100101110110010000100111100010011110000010111100000000000000000000000000000000000000000000000000000000000000000000000000000000000000000000 0 0
26395 30.074 LR999942.1	736761 ( 0 ) 100000010001101101110100111010010110010010100101110110010000100111100010011110000010111100000000000000000000000000000000000000000000000000000000000000000000000000000000000000000000 0 0
26374 30.074 LR999942.1	689139 ( 0 ) 100000010001101101110100111010010110010010100101110110010000100111100010011110000010111100000000000000000000000000000000000000000000000000000000000000000000000000000000000000000000 0 0
26489 30.074 LR999942.1	1607483 ( 0 ) 100000010001101101110100111010010110010010100101110110010000100111100010011110000010111100000000000000000000000000000000000000000000000000000000000000000000000000000000000000000000 0 0
26561 30.074 LR999942.1	1993615 ( 0 ) 100000010001101101110100111010010110010010100101110110010000100111100010011110000010111100000000000000000000000000000000000000000000000000000000000000000000000000000000000000000000 0 0
26450 30.074 LR999942.1	1569117 ( 0 ) 100000010001101101110100111010010110010010100101110110010000100111100010011110000010111100000000000000000000000000000000000000000000000000000000000000000000000000000000000000000000 0 0
26604 31.185 LR999942.1	2088975 ( 0 ) 100000010001101101110100111010010110011010100101110110010000100111100010011110000010111100000000000000000000000000000000000000000000000000000000000000000000000000000000000000000000 1 0
26599 31.185 LR999942.1	2088908 ( 0 ) 100000010001101101110100111010010110011010100101110110010000100111100010011110000010111100000000000000000000000000000000000000000000000000000000000000000000000000000000000000000000 0 0
26581 31.185 LR999942.1	2041228 ( 0 ) 100000010001101101110100111010010110011010100101110110010000100111100010011110000010111100000000000000000000000000000000000000000000000000000000000000000000000000000000000000000000 0 0
26597 31.185 LR999942.1	2088901 ( 0 ) 100000010001101101110100111010010110011010100101110110010000100111100010011110000010111100000000000000000000000000000000000000000000000000000000000000000000000000000000000000000000 0 0
26571 31.185 LR999942.1	2040944 ( 0 ) 100000010001101101110100111010010110011010100101110110010000100111100010011110000010111100000000000000000000000000000000000000000000000000000000000000000000000000000000000000000000 0 0
26578 31.185 LR999942.1	2041177 ( 0 ) 100000010001101101110100111010010110011010100101110110010000100111100010011110000010111100000000000000000000000000000000000000000000000000000000000000000000000000000000000000000000 0 0
26603 31.185 LR999942.1	2088972 ( 0 ) 100000010001101101110100111010010110011010100101110110010000100111100010011110000010111100000000000000000000000000000000000000000000000000000000000000000000000000000000000000000000 0 0
26605 31.185 LR999942.1	2088979 ( 0 ) 100000010001101101110100111010010110011010100101110110010000100111100010011110000010111100000000000000000000000000000000000000000000000000000000000000000000000000000000000000000000 0 0
26572 31.185 LR999942.1	2041002 ( 0 ) 100000010001101101110100111010010110011010100101110110010000100111100010011110000010111100000000000000000000000000000000000000000000000000000000000000000000000000000000000000000000 0 0
26579 31.185 LR999942.1	2041193 ( 0 ) 100000010001101101110100111010010110011010100101110110010000100111100010011110000010111100000000000000000000000000000000000000000000000000000000000000000000000000000000000000000000 0 0
26602 31.185 LR999942.1	2088954 ( 0 ) 100000010001101101110100111010010110011010100101110110010000100111100010011110000010111100000000000000000000000000000000000000000000000000000000000000000000000000000000000000000000 0 0
26596 31.185 LR999942.1	2088886 ( 0 ) 100000010001101101110100111010010110011010100101110110010000100111100010011110000010111100000000000000000000000000000000000000000000000000000000000000000000000000000000000000000000 0 0
26598 31.185 LR999942.1	2088902 ( 0 ) 100000010001101101110100111010010110011010100101110110010000100111100010011110000010111100000000000000000000000000000000000000000000000000000000000000000000000000000000000000000000 0 0
26577 31.185 LR999942.1	2041176 ( 0 ) 100000010001101101110100111010010110011010100101110110010000100111100010011110000010111100000000000000000000000000000000000000000000000000000000000000000000000000000000000000000000 0 0
26601 31.185 LR999942.1	2088918 ( 0 ) 100000010001101101110100111010010110011010100101110110010000100111100010011110000010111100000000000000000000000000000000000000000000000000000000000000000000000000000000000000000000 0 0
26582 32.296 LR999942.1	2041237 ( 0 ) 100000010001111101110100111010010110011010100101110110010000100111100010011110000010111100000000000000000000000000000000000000000000000000000000000000000000000000000000000000000000 1 0
26644 33.407 LR999942.1	2558284 ( 0 ) 100000010001111101110100111010010110011010100101110110010000000111100010011110000010111100000000000000000000000000000000000000000000000000000000000000000000000000000000000000000000 1 0
26659 33.407 LR999942.1	2804754 ( 0 ) 100000010001111101110100111010010110011010100101110110010000000111100010011110000010111100000000000000000000000000000000000000000000000000000000000000000000000000000000000000000000 0 0
26646 33.407 LR999942.1	2558312 ( 0 ) 100000010001111101110100111010010110011010100101110110010000000111100010011110000010111100000000000000000000000000000000000000000000000000000000000000000000000000000000000000000000 0 0
26633 33.407 LR999942.1	2545784 ( 0 ) 100000010001111101110100111010010110011010100101110110010000000111100010011110000010111100000000000000000000000000000000000000000000000000000000000000000000000000000000000000000000 0 0
26634 33.407 LR999942.1	2545802 ( 0 ) 100000010001111101110100111010010110011010100101110110010000000111100010011110000010111100000000000000000000000000000000000000000000000000000000000000000000000000000000000000000000 0 0
26658 33.407 LR999942.1	2657494 ( 0 ) 100000010001111101110100111010010110011010100101110110010000000111100010011110000010111100000000000000000000000000000000000000000000000000000000000000000000000000000000000000000000 0 0
26645 33.407 LR999942.1	2558288 ( 0 ) 100000010001111101110100111010010110011010100101110110010000000111100010011110000010111100000000000000000000000000000000000000000000000000000000000000000000000000000000000000000000 0 0
26629 33.407 LR999942.1	2545713 ( 0 ) 100000010001111101110100111010010110011010100101110110010000000111100010011110000010111100000000000000000000000000000000000000000000000000000000000000000000000000000000000000000000 0 0
26694 37.864 LR999942.1	3560315 ( 0 ) 100000000001111101100100111010010110111010100101110110010000000111100010011110000010110100000000000000000000000000000000000000000000000000000000000000000000000000000000000000000000 4 0
26698 37.864 LR999942.1	3560450 ( 0 ) 100000000001111101100100111010010110111010100101110110010000000111100010011110000010110100000000000000000000000000000000000000000000000000000000000000000000000000000000000000000000 0 0
26792 38.975 LR999942.1	4198122 ( 0 ) 100100000001111101100100111010010110111010100101110110010000000111100010011110000010110100000000000000000000000000000000000000000000000000000000000000000000000000000000000000000000 1 0
26742 38.975 LR999942.1	4013328 ( 0 ) 100100000001111101100100111010010110111010100101110110010000000111100010011110000010110100000000000000000000000000000000000000000000000000000000000000000000000000000000000000000000 0 0
26791 38.975 LR999942.1	4198084 ( 0 ) 100100000001111101100100111010010110111010100101110110010000000111100010011110000010110100000000000000000000000000000000000000000000000000000000000000000000000000000000000000000000 0 0
26747 38.975 LR999942.1	4013418 ( 0 ) 100100000001111101100100111010010110111010100101110110010000000111100010011110000010110100000000000000000000000000000000000000000000000000000000000000000000000000000000000000000000 0 0
26758 38.975 LR999942.1	4013669 ( 0 ) 100100000001111101100100111010010110111010100101110110010000000111100010011110000010110100000000000000000000000000000000000000000000000000000000000000000000000000000000000000000000 0 0
26744 38.975 LR999942.1	4013377 ( 0 ) 100100000001111101100100111010010110111010100101110110010000000111100010011110000010110100000000000000000000000000000000000000000000000000000000000000000000000000000000000000000000 0 0
26794 38.975 LR999942.1	4198192 ( 0 ) 100100000001111101100100111010010110111010100101110110010000000111100010011110000010110100000000000000000000000000000000000000000000000000000000000000000000000000000000000000000000 0 0
26815 42.313 LR999942.1	4443376 ( 0 ) 100100000001111101100100101010010110111010100101110110011010000111100010011110000010110100000000000000000000000000000000000000000000000000000000000000000000000000000000000000000000 3 0
26873 43.425 LR999942.1	4700659 ( 0 ) 100100000001111101100100101011010110111010100101110110011010000111100010011110000010110100000000000000000000000000000000000000000000000000000000000000000000000000000000000000000000 1 0
26872 43.425 LR999942.1	4700645 ( 0 ) 100100000001111101100100101011010110111010100101110110011010000111100010011110000010110100000000000000000000000000000000000000000000000000000000000000000000000000000000000000000000 0 0
26880 43.425 LR999942.1	4700816 ( 0 ) 100100000001111101100100101011010110111010100101110110011010000111100010011110000010110100000000000000000000000000000000000000000000000000000000000000000000000000000000000000000000 0 0
26855 43.425 LR999942.1	4659707 ( 0 ) 100100000001111101100100101011010110111010100101110110011010000111100010011110000010110100000000000000000000000000000000000000000000000000000000000000000000000000000000000000000000 0 0
26860 43.425 LR999942.1	4684910 ( 0 ) 100100000001111101100100101011010110111010100101110110011010000111100010011110000010110100000000000000000000000000000000000000000000000000000000000000000000000000000000000000000000 0 0
26870 43.425 LR999942.1	4700636 ( 0 ) 100100000001111101100100101011010110111010100101110110011010000111100010011110000010110100000000000000000000000000000000000000000000000000000000000000000000000000000000000000000000 0 0
26871 43.425 LR999942.1	4700642 ( 0 ) 100100000001111101100100101011010110111010100101110110011010000111100010011110000010110100000000000000000000000000000000000000000000000000000000000000000000000000000000000000000000 0 0
26834 43.425 LR999942.1	4512720 ( 0 ) 100100000001111101100100101011010110111010100101110110011010000111100010011110000010110100000000000000000000000000000000000000000000000000000000000000000000000000000000000000000000 0 0
26927 45.648 LR999942.1	5435543 ( 0 ) 100100000001111101100100101011010110111000100101110110001010000111100010011110000010110100000000000000000000000000000000000000000000000000000000000000000000000000000000000000000000 2 0
26930 45.648 LR999942.1	5435758 ( 0 ) 100100000001111101100100101011010110111000100101110110001010000111100010011110000010110100000000000000000000000000000000000000000000000000000000000000000000000000000000000000000000 0 0
26929 45.648 LR999942.1	5435755 ( 0 ) 100100000001111101100100101011010110111000100101110110001010000111100010011110000010110100000000000000000000000000000000000000000000000000000000000000000000000000000000000000000000 0 0
26919 45.648 LR999942.1	5429200 ( 0 ) 100100000001111101100100101011010110111000100101110110001010000111100010011110000010110100000000000000000000000000000000000000000000000000000000000000000000000000000000000000000000 0 0
27032 46.760 LR999942.1	6226934 ( 0 ) 100100000001111101100100101011010110111000100101110110001010000111100000011110000010110100000000000000000000000000000000000000000000000000000000000000000000000000000000000000000000 1 0
27044 47.871 LR999942.1	6330022 ( 0 ) 100100000001111101100100101011010110111000100101110110001011000111100000011110000010110100000000000000000000000000000000000000000000000000000000000000000000000000000000000000000000 1 0
27091 47.871 LR999942.1	6742906 ( 0 ) 100100000001111101100100101011010110111000100101110110001011000111100000011110000010110100000000000000000000000000000000000000000000000000000000000000000000000000000000000000000000 0 0
27184 47.871 LR999942.1	7588843 ( 0 ) 100100000001111101100100101011010110111000100101110110001011000111100000011110000010110100000000000000000000000000000000000000000000000000000000000000000000000000000000000000000000 0 0
27090 47.871 LR999942.1	6742902 ( 0 ) 100100000001111101100100101011010110111000100101110110001011000111100000011110000010110100000000000000000000000000000000000000000000000000000000000000000000000000000000000000000000 0 0
27078 47.871 LR999942.1	6739895 ( 0 ) 100100000001111101100100101011010110111000100101110110001011000111100000011110000010110100000000000000000000000000000000000000000000000000000000000000000000000000000000000000000000 0 0
27144 47.871 LR999942.1	7301872 ( 0 ) 100100000001111101100100101011010110111000100101110110001011000111100000011110000010110100000000000000000000000000000000000000000000000000000000000000000000000000000000000000000000 0 0
26960 47.871 LR999942.1	5757195 ( 0 ) 100100000001111101100100101011010110111000100101110110001011000111100000011110000010110100000000000000000000000000000000000000000000000000000000000000000000000000000000000000000000 0 0
27088 47.871 LR999942.1	6742863 ( 0 ) 100100000001111101100100101011010110111000100101110110001011000111100000011110000010110100000000000000000000000000000000000000000000000000000000000000000000000000000000000000000000 0 0
27037 47.871 LR999942.1	6227207 ( 0 ) 100100000001111101100100101011010110111000100101110110001011000111100000011110000010110100000000000000000000000000000000000000000000000000000000000000000000000000000000000000000000 0 0
27025 47.871 LR999942.1	6196034 ( 0 ) 100100000001111101100100101011010110111000100101110110001011000111100000011110000010110100000000000000000000000000000000000000000000000000000000000000000000000000000000000000000000 0 0
27101 47.871 LR999942.1	6916343 ( 0 ) 100100000001111101100100101011010110111000100101110110001011000111100000011110000010110100000000000000000000000000000000000000000000000000000000000000000000000000000000000000000000 0 0
26956 47.871 LR999942.1	5717130 ( 0 ) 100100000001111101100100101011010110111000100101110110001011000111100000011110000010110100000000000000000000000000000000000000000000000000000000000000000000000000000000000000000000 0 0
27083 47.871 LR999942.1	6739948 ( 0 ) 100100000001111101100100101011010110111000100101110110001011000111100000011110000010110100000000000000000000000000000000000000000000000000000000000000000000000000000000000000000000 0 0
27082 47.871 LR999942.1	6739933 ( 0 ) 100100000001111101100100101011010110111000100101110110001011000111100000011110000010110100000000000000000000000000000000000000000000000000000000000000000000000000000000000000000000 0 0
27062 47.871 LR999942.1	6711076 ( 0 ) 100100000001111101100100101011010110111000100101110110001011000111100000011110000010110100000000000000000000000000000000000000000000000000000000000000000000000000000000000000000000 0 0
27035 47.871 LR999942.1	6227149 ( 0 ) 100100000001111101100100101011010110111000100101110110001011000111100000011110000010110100000000000000000000000000000000000000000000000000000000000000000000000000000000000000000000 0 0
27038 47.871 LR999942.1	6227209 ( 0 ) 100100000001111101100100101011010110111000100101110110001011000111100000011110000010110100000000000000000000000000000000000000000000000000000000000000000000000000000000000000000000 0 0
27092 47.871 LR999942.1	6742923 ( 0 ) 100100000001111101100100101011010110111000100101110110001011000111100000011110000010110100000000000000000000000000000000000000000000000000000000000000000000000000000000000000000000 0 0
27086 47.871 LR999942.1	6740184 ( 0 ) 100100000001111101100100101011010110111000100101110110001011000111100000011110000010110100000000000000000000000000000000000000000000000000000000000000000000000000000000000000000000 0 0
27048 47.871 LR999942.1	6330114 ( 0 ) 100100000001111101100100101011010110111000100101110110001011000111100000011110000010110100000000000000000000000000000000000000000000000000000000000000000000000000000000000000000000 0 0
27089 47.871 LR999942.1	6742867 ( 0 ) 100100000001111101100100101011010110111000100101110110001011000111100000011110000010110100000000000000000000000000000000000000000000000000000000000000000000000000000000000000000000 0 0
27036 47.871 LR999942.1	6227197 ( 0 ) 100100000001111101100100101011010110111000100101110110001011000111100000011110000010110100000000000000000000000000000000000000000000000000000000000000000000000000000000000000000000 0 0
27012 47.871 LR999942.1	6078052 ( 0 ) 100100000001111101100100101011010110111000100101110110001011000111100000011110000010110100000000000000000000000000000000000000000000000000000000000000000000000000000000000000000000 0 0
27028 47.871 LR999942.1	6196062 ( 0 ) 100100000001111101100100101011010110111000100101110110001011000111100000011110000010110100000000000000000000000000000000000000000000000000000000000000000000000000000000000000000000 0 0
27024 47.871 LR999942.1	6196033 ( 0 ) 100100000001111101100100101011010110111000100101110110001011000111100000011110000010110100000000000000000000000000000000000000000000000000000000000000000000000000000000000000000000 0 0
27033 47.871 LR999942.1	6226963 ( 0 ) 100100000001111101100100101011010110111000100101110110001011000111100000011110000010110100000000000000000000000000000000000000000000000000000000000000000000000000000000000000000000 0 0
27085 47.871 LR999942.1	6740108 ( 0 ) 100100000001111101100100101011010110111000100101110110001011000111100000011110000010110100000000000000000000000000000000000000000000000000000000000000000000000000000000000000000000 0 0
27079 47.871 LR999942.1	6739901 ( 0 ) 100100000001111101100100101011010110111000100101110110001011000111100000011110000010110100000000000000000000000000000000000000000000000000000000000000000000000000000000000000000000 0 0
27049 47.871 LR999942.1	6330158 ( 0 ) 100100000001111101100100101011010110111000100101110110001011000111100000011110000010110100000000000000000000000000000000000000000000000000000000000000000000000000000000000000000000 0 0
27009 47.871 LR999942.1	6078017 ( 0 ) 100100000001111101100100101011010110111000100101110110001011000111100000011110000010110100000000000000000000000000000000000000000000000000000000000000000000000000000000000000000000 0 0
27022 47.871 LR999942.1	6196018 ( 0 ) 100100000001111101100100101011010110111000100101110110001011000111100000011110000010110100000000000000000000000000000000000000000000000000000000000000000000000000000000000000000000 0 0
27214 47.871 LR999942.1	7888268 ( 0 ) 100100000001111101100100101011010110111000100101110110001011000111100000011110000010110100000000000000000000000000000000000000000000000000000000000000000000000000000000000000000000 0 0
27011 47.871 LR999942.1	6078045 ( 0 ) 100100000001111101100100101011010110111000100101110110001011000111100000011110000010110100000000000000000000000000000000000000000000000000000000000000000000000000000000000000000000 0 0
27047 47.871 LR999942.1	6330039 ( 0 ) 100100000001111101100100101011010110111000100101110110001011000111100000011110000010110100000000000000000000000000000000000000000000000000000000000000000000000000000000000000000000 0 0
27050 47.871 LR999942.1	6330184 ( 0 ) 100100000001111101100100101011010110111000100101110110001011000111100000011110000010110100000000000000000000000000000000000000000000000000000000000000000000000000000000000000000000 0 0
27081 47.871 LR999942.1	6739911 ( 0 ) 100100000001111101100100101011010110111000100101110110001011000111100000011110000010110100000000000000000000000000000000000000000000000000000000000000000000000000000000000000000000 0 0
27100 47.871 LR999942.1	6916319 ( 0 ) 100100000001111101100100101011010110111000100101110110001011000111100000011110000010110100000000000000000000000000000000000000000000000000000000000000000000000000000000000000000000 0 0
26951 47.871 LR999942.1	5717051 ( 0 ) 100100000001111101100100101011010110111000100101110110001011000111100000011110000010110100000000000000000000000000000000000000000000000000000000000000000000000000000000000000000000 0 0
27084 47.871 LR999942.1	6739975 ( 0 ) 100100000001111101100100101011010110111000100101110110001011000111100000011110000010110100000000000000000000000000000000000000000000000000000000000000000000000000000000000000000000 0 0
27029 47.871 LR999942.1	6196134 ( 0 ) 100100000001111101100100101011010110111000100101110110001011000111100000011110000010110100000000000000000000000000000000000000000000000000000000000000000000000000000000000000000000 0 0
27190 47.871 LR999942.1	7589080 ( 0 ) 100100000001111101100100101011010110111000100101110110001011000111100000011110000010110100000000000000000000000000000000000000000000000000000000000000000000000000000000000000000000 0 0
26954 47.871 LR999942.1	5717116 ( 0 ) 100100000001111101100100101011010110111000100101110110001011000111100000011110000010110100000000000000000000000000000000000000000000000000000000000000000000000000000000000000000000 0 0
27040 47.871 LR999942.1	6227250 ( 0 ) 100100000001111101100100101011010110111000100101110110001011000111100000011110000010110100000000000000000000000000000000000000000000000000000000000000000000000000000000000000000000 0 0
27046 47.871 LR999942.1	6330029 ( 0 ) 100100000001111101100100101011010110111000100101110110001011000111100000011110000010110100000000000000000000000000000000000000000000000000000000000000000000000000000000000000000000 0 0
26958 47.871 LR999942.1	5757080 ( 0 ) 100100000001111101100100101011010110111000100101110110001011000111100000011110000010110100000000000000000000000000000000000000000000000000000000000000000000000000000000000000000000 0 0
27026 47.871 LR999942.1	6196052 ( 0 ) 100100000001111101100100101011010110111000100101110110001011000111100000011110000010110100000000000000000000000000000000000000000000000000000000000000000000000000000000000000000000 0 0
27010 47.871 LR999942.1	6078021 ( 0 ) 100100000001111101100100101011010110111000100101110110001011000111100000011110000010110100000000000000000000000000000000000000000000000000000000000000000000000000000000000000000000 0 0
27043 47.871 LR999942.1	6330009 ( 0 ) 100100000001111101100100101011010110111000100101110110001011000111100000011110000010110100000000000000000000000000000000000000000000000000000000000000000000000000000000000000000000 0 0
27045 47.871 LR999942.1	6330024 ( 0 ) 100100000001111101100100101011010110111000100101110110001011000111100000011110000010110100000000000000000000000000000000000000000000000000000000000000000000000000000000000000000000 0 0
27102 47.871 LR999942.1	6916543 ( 0 ) 100100000001111101100100101011010110111000100101110110001011000111100000011110000010110100000000000000000000000000000000000000000000000000000000000000000000000000000000000000000000 0 0
27080 47.871 LR999942.1	6739904 ( 0 ) 100100000001111101100100101011010110111000100101110110001011000111100000011110000010110100000000000000000000000000000000000000000000000000000000000000000000000000000000000000000000 0 0
27008 47.871 LR999942.1	6078014 ( 0 ) 100100000001111101100100101011010110111000100101110110001011000111100000011110000010110100000000000000000000000000000000000000000000000000000000000000000000000000000000000000000000 0 0
27039 47.871 LR999942.1	6227228 ( 0 ) 100100000001111101100100101011010110111000100101110110001011000111100000011110000010110100000000000000000000000000000000000000000000000000000000000000000000000000000000000000000000 0 0
27149 47.871 LR999942.1	7302125 ( 0 ) 100100000001111101100100101011010110111000100101110110001011000111100000011110000010110100000000000000000000000000000000000000000000000000000000000000000000000000000000000000000000 0 0
27194 47.871 LR999942.1	7589171 ( 0 ) 100100000001111101100100101011010110111000100101110110001011000111100000011110000010110100000000000000000000000000000000000000000000000000000000000000000000000000000000000000000000 0 0
27180 48.982 LR999942.1	7351088 ( 0 ) 100100000001111101100100101011010110111000100101110110001011000111110000011110000010110100000000000000000000000000000000000000000000000000000000000000000000000000000000000000000000 1 0
27179 48.982 LR999942.1	7350968 ( 0 ) 100100000001111101100100101011010110111000100101110110001011000111110000011110000010110100000000000000000000000000000000000000000000000000000000000000000000000000000000000000000000 0 0
27064 48.982 LR999942.1	6729508 ( 0 ) 100100000001111101100100101011010110111000100101110110001011000111110000011110000010110100000000000000000000000000000000000000000000000000000000000000000000000000000000000000000000 0 0
27065 48.982 LR999942.1	6729518 ( 0 ) 100100000001111101100100101011010110111000100101110110001011000111110000011110000010110100000000000000000000000000000000000000000000000000000000000000000000000000000000000000000000 0 0
27007 50.093 LR999942.1	6078012 ( 0 ) 100110000001111101100100101011010110111000100101110110001011000111110000011110000010110100000000000000000000000000000000000000000000000000000000000000000000000000000000000000000000 1 0
27186 50.093 LR999942.1	7588851 ( 0 ) 100110000001111101100100101011010110111000100101110110001011000111110000011110000010110100000000000000000000000000000000000000000000000000000000000000000000000000000000000000000000 0 0
27187 50.093 LR999942.1	7588868 ( 0 ) 100110000001111101100100101011010110111000100101110110001011000111110000011110000010110100000000000000000000000000000000000000000000000000000000000000000000000000000000000000000000 0 0
27273 50.093 LR999942.1	8383561 ( 0 ) 100110000001111101100100101011010110111000100101110110001011000111110000011110000010110100000000000000000000000000000000000000000000000000000000000000000000000000000000000000000000 0 0
27275 50.093 LR999942.1	8383586 ( 0 ) 100110000001111101100100101011010110111000100101110110001011000111110000011110000010110100000000000000000000000000000000000000000000000000000000000000000000000000000000000000000000 0 0
27271 50.093 LR999942.1	8383472 ( 0 ) 100110000001111101100100101011010110111000100101110110001011000111110000011110000010110100000000000000000000000000000000000000000000000000000000000000000000000000000000000000000000 0 0
27278 50.093 LR999942.1	8383617 ( 0 ) 100110000001111101100100101011010110111000100101110110001011000111110000011110000010110100000000000000000000000000000000000000000000000000000000000000000000000000000000000000000000 0 0
27280 50.093 LR999942.1	8383621 ( 0 ) 100110000001111101100100101011010110111000100101110110001011000111110000011110000010110100000000000000000000000000000000000000000000000000000000000000000000000000000000000000000000 0 0
27276 50.093 LR999942.1	8383590 ( 0 ) 100110000001111101100100101011010110111000100101110110001011000111110000011110000010110100000000000000000000000000000000000000000000000000000000000000000000000000000000000000000000 0 0
27274 50.093 LR999942.1	8383570 ( 0 ) 100110000001111101100100101011010110111000100101110110001011000111110000011110000010110100000000000000000000000000000000000000000000000000000000000000000000000000000000000000000000 0 0
27270 50.093 LR999942.1	8383444 ( 0 ) 100110000001111101100100101011010110111000100101110110001011000111110000011110000010110100000000000000000000000000000000000000000000000000000000000000000000000000000000000000000000 0 0
27272 50.093 LR999942.1	8383550 ( 0 ) 100110000001111101100100101011010110111000100101110110001011000111110000011110000010110100000000000000000000000000000000000000000000000000000000000000000000000000000000000000000000 0 0
27277 50.093 LR999942.1	8383593 ( 0 ) 100110000001111101100100101011010110111000100101110110001011000111110000011110000010110100000000000000000000000000000000000000000000000000000000000000000000000000000000000000000000 0 0
27288 51.205 LR999942.1	8446563 ( 0 ) 100110000001111101100100101011010110111000100101110110001011000111110000011100000010110100000000000000000000000000000000000000000000000000000000000000000000000000000000000000000000 1 0
27303 52.316 LR999942.1	8643169 ( 0 ) 100110000001111101100100101011010110111000100111110110001011000111110000011100000010110100000000000000000000000000000000000000000000000000000000000000000000000000000000000000000000 1 0
27300 52.316 LR999942.1	8643081 ( 0 ) 100110000001111101100100101011010110111000100111110110001011000111110000011100000010110100000000000000000000000000000000000000000000000000000000000000000000000000000000000000000000 0 0
27294 52.316 LR999942.1	8642993 ( 0 ) 100110000001111101100100101011010110111000100111110110001011000111110000011100000010110100000000000000000000000000000000000000000000000000000000000000000000000000000000000000000000 0 0
27298 52.316 LR999942.1	8643077 ( 0 ) 100110000001111101100100101011010110111000100111110110001011000111110000011100000010110100000000000000000000000000000000000000000000000000000000000000000000000000000000000000000000 0 0
27296 52.316 LR999942.1	8643049 ( 0 ) 100110000001111101100100101011010110111000100111110110001011000111110000011100000010110100000000000000000000000000000000000000000000000000000000000000000000000000000000000000000000 0 0
27301 53.427 LR999942.1	8643100 ( 0 ) 100110000001111101100100101011010110111000100111110110001011000111110000011100100010110100000000000000000000000000000000000000000000000000000000000000000000000000000000000000000000 1 0
27302 53.427 LR999942.1	8643139 ( 0 ) 100110000001111101100100101011010110111000100111110110001011000111110000011100100010110100000000000000000000000000000000000000000000000000000000000000000000000000000000000000000000 0 0
27107 54.539 LR999942.1	7063602 ( 0 ) 100110000001111101101100101011010110111000100111110110001011000111110000011100100010110100000000000000000000000000000000000000000000000000000000000000000000000000000000000000000000 1 0
27237 54.539 LR999942.1	7916460 ( 0 ) 100110000001111101101100101011010110111000100111110110001011000111110000011100100010110100000000000000000000000000000000000000000000000000000000000000000000000000000000000000000000 0 0
27235 54.539 LR999942.1	7916403 ( 0 ) 100110000001111101101100101011010110111000100111110110001011000111110000011100100010110100000000000000000000000000000000000000000000000000000000000000000000000000000000000000000000 0 0
27341 55.650 LR999942.1	8915817 ( 0 ) 100110000001111101101101101011010110111000100111110110001011000111110000011100100010110100000000000000000000000000000000000000000000000000000000000000000000000000000000000000000000 1 0
27342 55.650 LR999942.1	8915818 ( 0 ) 100110000001111101101101101011010110111000100111110110001011000111110000011100100010110100000000000000000000000000000000000000000000000000000000000000000000000000000000000000000000 0 0
27339 55.650 LR999942.1	8915802 ( 0 ) 100110000001111101101101101011010110111000100111110110001011000111110000011100100010110100000000000000000000000000000000000000000000000000000000000000000000000000000000000000000000 0 0
27344 55.650 LR999942.1	8915844 ( 0 ) 100110000001111101101101101011010110111000100111110110001011000111110000011100100010110100000000000000000000000000000000000000000000000000000000000000000000000000000000000000000000 0 0
27359 57.874 LR999942.1	9582515 ( 0 ) 100111000101111101101101101011010110111000100111110110001011000111110000011100100010110100000000000000000000000000000000000000000000000000000000000000000000000000000000000000000000 2 0
27533 60.097 LR999942.1	11455276 ( 0 ) 100111000100111101101101101011010110101000100111110110001011000111110000011100100010110100000000000000000000000000000000000000000000000000000000000000000000000000000000000000000000 2 0
27386 60.097 LR999942.1	10123939 ( 0 ) 100111000100111101101101101011010110101000100111110110001011000111110000011100100010110100000000000000000000000000000000000000000000000000000000000000000000000000000000000000000000 0 0
27410 60.097 LR999942.1	10418772 ( 0 ) 100111000100111101101101101011010110101000100111110110001011000111110000011100100010110100000000000000000000000000000000000000000000000000000000000000000000000000000000000000000000 0 0
27412 60.097 LR999942.1	10418819 ( 0 ) 100111000100111101101101101011010110101000100111110110001011000111110000011100100010110100000000000000000000000000000000000000000000000000000000000000000000000000000000000000000000 0 0
27403 60.097 LR999942.1	10418602 ( 0 ) 100111000100111101101101101011010110101000100111110110001011000111110000011100100010110100000000000000000000000000000000000000000000000000000000000000000000000000000000000000000000 0 0
27534 60.097 LR999942.1	11455282 ( 0 ) 100111000100111101101101101011010110101000100111110110001011000111110000011100100010110100000000000000000000000000000000000000000000000000000000000000000000000000000000000000000000 0 0
27426 61.209 LR999942.1	10473726 ( 0 ) 100111000100111101101101101011010110101000100111110110001011000111110000011000100010110100000000000000000000000000000000000000000000000000000000000000000000000000000000000000000000 1 0
27418 61.209 LR999942.1	10473484 ( 0 ) 100111000100111101101101101011010110101000100111110110001011000111110000011000100010110100000000000000000000000000000000000000000000000000000000000000000000000000000000000000000000 0 0
27421 61.209 LR999942.1	10473508 ( 0 ) 100111000100111101101101101011010110101000100111110110001011000111110000011000100010110100000000000000000000000000000000000000000000000000000000000000000000000000000000000000000000 0 0
27422 61.209 LR999942.1	10473529 ( 0 ) 100111000100111101101101101011010110101000100111110110001011000111110000011000100010110100000000000000000000000000000000000000000000000000000000000000000000000000000000000000000000 0 0
27433 63.432 LR999942.1	10502900 ( 0 ) 100111000100111101101101101011010110101000100111110110001011010111110000011000100010010100000000000000000000000000000000000000000000000000000000000000000000000000000000000000000000 2 0
27460 63.432 LR999942.1	10722004 ( 0 ) 100111000100111101101101101011010110101000100111110110001011010111110000011000100010010100000000000000000000000000000000000000000000000000000000000000000000000000000000000000000000 0 0
27459 63.432 LR999942.1	10721989 ( 0 ) 100111000100111101101101101011010110101000100111110110001011010111110000011000100010010100000000000000000000000000000000000000000000000000000000000000000000000000000000000000000000 0 0
27439 64.544 LR999942.1	10557995 ( 0 ) 000111000100111101101101101011010110101000100111110110001011010111110000011000100010010100000000000000000000000000000000000000000000000000000000000000000000000000000000000000000000 1 0
27451 64.544 LR999942.1	10558207 ( 0 ) 000111000100111101101101101011010110101000100111110110001011010111110000011000100010010100000000000000000000000000000000000000000000000000000000000000000000000000000000000000000000 0 0
27443 64.544 LR999942.1	10558019 ( 0 ) 000111000100111101101101101011010110101000100111110110001011010111110000011000100010010100000000000000000000000000000000000000000000000000000000000000000000000000000000000000000000 0 0
27441 64.544 LR999942.1	10558008 ( 0 ) 000111000100111101101101101011010110101000100111110110001011010111110000011000100010010100000000000000000000000000000000000000000000000000000000000000000000000000000000000000000000 0 0
27438 64.544 LR999942.1	10557988 ( 0 ) 000111000100111101101101101011010110101000100111110110001011010111110000011000100010010100000000000000000000000000000000000000000000000000000000000000000000000000000000000000000000 0 0
27575 65.655 LR999942.1	11747165 ( 0 ) 000111000100111101101101101011010110101000100111111110001011010111110000011000100010010100000000000000000000000000000000000000000000000000000000000000000000000000000000000000000000 1 0
27512 65.655 LR999942.1	11353156 ( 0 ) 000111000100111101101101101011010110101000100111111110001011010111110000011000100010010100000000000000000000000000000000000000000000000000000000000000000000000000000000000000000000 0 0
27509 65.655 LR999942.1	11353051 ( 0 ) 000111000100111101101101101011010110101000100111111110001011010111110000011000100010010100000000000000000000000000000000000000000000000000000000000000000000000000000000000000000000 0 0
27510 65.655 LR999942.1	11353101 ( 0 ) 000111000100111101101101101011010110101000100111111110001011010111110000011000100010010100000000000000000000000000000000000000000000000000000000000000000000000000000000000000000000 0 0
27507 65.655 LR999942.1	11353046 ( 0 ) 000111000100111101101101101011010110101000100111111110001011010111110000011000100010010100000000000000000000000000000000000000000000000000000000000000000000000000000000000000000000 0 0
27505 65.655 LR999942.1	11353038 ( 0 ) 000111000100111101101101101011010110101000100111111110001011010111110000011000100010010100000000000000000000000000000000000000000000000000000000000000000000000000000000000000000000 0 0
27503 65.655 LR999942.1	11353002 ( 0 ) 000111000100111101101101101011010110101000100111111110001011010111110000011000100010010100000000000000000000000000000000000000000000000000000000000000000000000000000000000000000000 0 0
27502 65.655 LR999942.1	11352980 ( 0 ) 000111000100111101101101101011010110101000100111111110001011010111110000011000100010010100000000000000000000000000000000000000000000000000000000000000000000000000000000000000000000 0 0
27511 65.655 LR999942.1	11353138 ( 0 ) 000111000100111101101101101011010110101000100111111110001011010111110000011000100010010100000000000000000000000000000000000000000000000000000000000000000000000000000000000000000000 0 0
27517 65.655 LR999942.1	11353212 ( 0 ) 000111000100111101101101101011010110101000100111111110001011010111110000011000100010010100000000000000000000000000000000000000000000000000000000000000000000000000000000000000000000 0 0
27571 66.766 LR999942.1	11589186 ( 0 ) 000111000100111101101101101011011110101000100111111110001011010111110000011000100010010100000000000000000000000000000000000000000000000000000000000000000000000000000000000000000000 1 0
27564 66.766 LR999942.1	11588916 ( 0 ) 000111000100111101101101101011011110101000100111111110001011010111110000011000100010010100000000000000000000000000000000000000000000000000000000000000000000000000000000000000000000 0 0
27572 66.766 LR999942.1	11589198 ( 0 ) 000111000100111101101101101011011110101000100111111110001011010111110000011000100010010100000000000000000000000000000000000000000000000000000000000000000000000000000000000000000000 0 0
27606 67.877 LR999942.1	12022749 ( 0 ) 000111000100111101101101101011011110101000100111111010001011010111110000011000100010010100000000000000000000000000000000000000000000000000000000000000000000000000000000000000000000 1 0
27604 67.877 LR999942.1	12022715 ( 0 ) 000111000100111101101101101011011110101000100111111010001011010111110000011000100010010100000000000000000000000000000000000000000000000000000000000000000000000000000000000000000000 0 0
27607 67.877 LR999942.1	12022758 ( 0 ) 000111000100111101101101101011011110101000100111111010001011010111110000011000100010010100000000000000000000000000000000000000000000000000000000000000000000000000000000000000000000 0 0
27608 67.877 LR999942.1	12082147 ( 0 ) 000111000100111101101101101011011110101000100111111010001011010111110000011000100010010100000000000000000000000000000000000000000000000000000000000000000000000000000000000000000000 0 0
27622 71.216 LR999942.1	12127834 ( 0 ) 001111000100111101101101101011011110101000100111111010001011010111110000011000101010000100000000000000000000000000000000000000000000000000000000000000000000000000000000000000000000 3 0
27656 71.216 LR999942.1	12295498 ( 0 ) 001111000100111101101101101011011110101000100111111010001011010111110000011000101010000100000000000000000000000000000000000000000000000000000000000000000000000000000000000000000000 0 0
27696 71.216 LR999942.1	12427100 ( 0 ) 001111000100111101101101101011011110101000100111111010001011010111110000011000101010000100000000000000000000000000000000000000000000000000000000000000000000000000000000000000000000 0 0
27657 71.216 LR999942.1	12295583 ( 0 ) 001111000100111101101101101011011110101000100111111010001011010111110000011000101010000100000000000000000000000000000000000000000000000000000000000000000000000000000000000000000000 0 0
27618 71.216 LR999942.1	12127790 ( 0 ) 001111000100111101101101101011011110101000100111111010001011010111110000011000101010000100000000000000000000000000000000000000000000000000000000000000000000000000000000000000000000 0 0
27654 71.216 LR999942.1	12295330 ( 0 ) 001111000100111101101101101011011110101000100111111010001011010111110000011000101010000100000000000000000000000000000000000000000000000000000000000000000000000000000000000000000000 0 0
27730 71.216 LR999942.1	13082696 ( 0 ) 001111000100111101101101101011011110101000100111111010001011010111110000011000101010000100000000000000000000000000000000000000000000000000000000000000000000000000000000000000000000 0 0
27732 71.216 LR999942.1	13082980 ( 0 ) 001111000100111101101101101011011110101000100111111010001011010111110000011000101010000100000000000000000000000000000000000000000000000000000000000000000000000000000000000000000000 0 0
27623 71.216 LR999942.1	12127841 ( 0 ) 001111000100111101101101101011011110101000100111111010001011010111110000011000101010000100000000000000000000000000000000000000000000000000000000000000000000000000000000000000000000 0 0
27657 71.216 LR999942.1	12295583 ( 0 ) 001111000100111101101101101011011110101000100111111010001011010111110000011000101010000100000000000000000000000000000000000000000000000000000000000000000000000000000000000000000000 0 0
27721 71.216 LR999942.1	13082647 ( 0 ) 001111000100111101101101101011011110101000100111111010001011010111110000011000101010000100000000000000000000000000000000000000000000000000000000000000000000000000000000000000000000 0 0
27619 71.216 LR999942.1	12127804 ( 0 ) 001111000100111101101101101011011110101000100111111010001011010111110000011000101010000100000000000000000000000000000000000000000000000000000000000000000000000000000000000000000000 0 0
