18366 54.505 LR999935.1 14722143
18364 54.505 LR999935.1 14722115
18369 54.505 LR999935.1 14722163
18390 54.505 LR999935.1 14838930
18370 54.505 LR999935.1 14722172
18391 54.505 LR999935.1 14838937
18389 54.505 LR999935.1 14838689
18375 54.505 LR999935.1 14739787
18365 54.505 LR999935.1 14722130
18387 54.505 LR999935.1 14838669
18367 54.505 LR999935.1 14722155
18388 54.505 LR999935.1 14838673
18368 54.505 LR999935.1 14722160
18392 54.505 LR999935.1 14838939
18315 52.281 LR999935.1 14352592
18265 52.281 LR999935.1 14297791
18232 52.281 LR999935.1 14056280
18238 52.281 LR999935.1 14056461
18229 52.281 LR999935.1 14056274
18239 52.281 LR999935.1 14056474
18268 52.281 LR999935.1 14297977
18266 52.281 LR999935.1 14297935
18231 52.281 LR999935.1 14056279
18139 51.17 LR999935.1 13301079
18292 51.17 LR999935.1 14319564
18289 51.17 LR999935.1 14319554
18143 51.17 LR999935.1 13301096
18286 51.17 LR999935.1 14319520
18287 51.17 LR999935.1 14319533
18312 50.059 LR999935.1 14352347
18274 50.059 LR999935.1 14298175
18050 47.835 LR999935.1 12456761
18057 47.835 LR999935.1 12480692
18052 47.835 LR999935.1 12456820
18046 46.724 LR999935.1 12456729
18070 46.724 LR999935.1 12634648
18056 46.724 LR999935.1 12456878
18077 46.724 LR999935.1 12634857
18072 46.724 LR999935.1 12634679
18061 46.724 LR999935.1 12480921
18076 46.724 LR999935.1 12634845
18060 46.724 LR999935.1 12480912
18079 46.724 LR999935.1 12634877
18081 46.724 LR999935.1 12634896
18062 46.724 LR999935.1 12544792
18082 46.724 LR999935.1 12634902
18080 46.724 LR999935.1 12634889
18087 46.724 LR999935.1 12850179
18084 45.612 LR999935.1 12634908
17971 42.274 LR999935.1 12046046
17976 42.274 LR999935.1 12046241
17964 42.274 LR999935.1 12046004
17969 42.274 LR999935.1 12046034
17972 42.274 LR999935.1 12046067
17968 42.274 LR999935.1 12046027
17973 42.274 LR999935.1 12046068
17975 42.274 LR999935.1 12046183
17977 42.274 LR999935.1 12046273
17974 42.274 LR999935.1 12046182
17962 42.274 LR999935.1 12046000
17965 42.274 LR999935.1 12046006
17966 42.274 LR999935.1 12046008
17967 42.274 LR999935.1 12046021
17963 42.274 LR999935.1 12046003
17920 38.936 LR999935.1 11447290
17908 37.825 LR999935.1 11216068
17894 37.825 LR999935.1 11212595
17901 37.825 LR999935.1 11212845
17909 37.825 LR999935.1 11216087
17876 37.825 LR999935.1 11196140
17860 37.825 LR999935.1 11184460
17891 37.825 LR999935.1 11212539
17900 37.825 LR999935.1 11212812
17902 37.825 LR999935.1 11212850
17890 37.825 LR999935.1 11212535
17910 37.825 LR999935.1 11216105
17915 37.825 LR999935.1 11319787
17898 37.825 LR999935.1 11212786
17825 36.713 LR999935.1 10865432
17817 36.713 LR999935.1 10865109
17819 36.713 LR999935.1 10865144
17838 36.713 LR999935.1 11060277
17820 36.713 LR999935.1 10865148
17811 35.602 LR999935.1 10736413
17705 35.602 LR999935.1 10051909
17783 35.602 LR999935.1 10707363
17676 35.602 LR999935.1 9977115
17792 35.602 LR999935.1 10707494
17787 35.602 LR999935.1 10707394
17708 35.602 LR999935.1 10052023
17772 35.602 LR999935.1 10707268
17795 35.602 LR999935.1 10707535
17786 35.602 LR999935.1 10707377
17793 35.602 LR999935.1 10707497
17707 35.602 LR999935.1 10051931
17803 35.602 LR999935.1 10735882
17679 35.602 LR999935.1 9977147
17710 35.602 LR999935.1 10052135
17790 35.602 LR999935.1 10707426
17760 35.602 LR999935.1 10624092
17716 35.602 LR999935.1 10216578
17785 35.602 LR999935.1 10707370
17812 35.602 LR999935.1 10865056
17770 35.602 LR999935.1 10707235
17715 35.602 LR999935.1 10216570
17769 35.602 LR999935.1 10707229
17807 35.602 LR999935.1 10736074
17773 35.602 LR999935.1 10707270
17794 35.602 LR999935.1 10707523
17784 35.602 LR999935.1 10707366
17709 35.602 LR999935.1 10052084
17706 35.602 LR999935.1 10051912
17768 35.602 LR999935.1 10707227
17617 34.491 LR999935.1 9327908
17620 34.491 LR999935.1 9327949
17689 34.491 LR999935.1 10044705
17615 34.491 LR999935.1 9327899
17645 32.267 LR999935.1 9631708
17666 32.267 LR999935.1 9729191
17641 32.267 LR999935.1 9631539
17638 32.267 LR999935.1 9631458
17643 32.267 LR999935.1 9631632
17610 31.156 LR999935.1 9198553
17627 31.156 LR999935.1 9376897
17599 31.156 LR999935.1 9128765
17624 31.156 LR999935.1 9328228
17588 28.932 LR999935.1 8887470
17590 28.932 LR999935.1 8887657
17587 28.932 LR999935.1 8887442
17521 28.932 LR999935.1 8244207
17563 28.932 LR999935.1 8735184
17520 28.932 LR999935.1 8244141
17496 26.708 LR999935.1 8106595
17508 26.708 LR999935.1 8106712
17467 25.597 LR999935.1 7688444
17459 25.597 LR999935.1 7504611
17464 25.597 LR999935.1 7504808
17469 25.597 LR999935.1 7697459
17463 25.597 LR999935.1 7504804
17461 25.597 LR999935.1 7504728
17460 25.597 LR999935.1 7504613
17462 25.597 LR999935.1 7504789
17400 23.373 LR999935.1 6971352
17342 23.373 LR999935.1 6692121
17381 23.373 LR999935.1 6971106
17335 23.373 LR999935.1 6691980
17383 23.373 LR999935.1 6971132
17402 23.373 LR999935.1 6971360
17388 23.373 LR999935.1 6971267
17380 23.373 LR999935.1 6971103
17392 23.373 LR999935.1 6971287
17397 23.373 LR999935.1 6971328
17398 23.373 LR999935.1 6971332
17387 23.373 LR999935.1 6971172
17404 23.373 LR999935.1 6971373
17379 23.373 LR999935.1 6971102
17391 23.373 LR999935.1 6971283
17401 23.373 LR999935.1 6971353
17341 23.373 LR999935.1 6692061
17386 23.373 LR999935.1 6971160
17338 23.373 LR999935.1 6692021
17292 22.262 LR999935.1 5994699
17302 22.262 LR999935.1 6013713
17297 22.262 LR999935.1 5994820
17299 22.262 LR999935.1 5994944
17291 22.262 LR999935.1 5994655
17298 21.151 LR999935.1 5994838
17240 21.151 LR999935.1 5581039
17249 21.151 LR999935.1 5795402
17241 21.151 LR999935.1 5581076
17250 18.927 LR999935.1 5795405
17225 16.703 LR999935.1 5368202
17231 16.703 LR999935.1 5375084
17235 16.703 LR999935.1 5479519
17180 16.703 LR999935.1 4867789
17222 16.703 LR999935.1 5368139
17237 16.703 LR999935.1 5580962
17236 16.703 LR999935.1 5479610
17219 16.703 LR999935.1 5368058
17218 16.703 LR999935.1 5368050
17214 16.703 LR999935.1 5289285
17208 16.703 LR999935.1 5289065
17165 15.592 LR999935.1 4564917
17179 15.592 LR999935.1 4867788
17156 15.592 LR999935.1 4564758
17129 15.592 LR999935.1 4330199
17175 15.592 LR999935.1 4867677
17178 15.592 LR999935.1 4867773
17149 15.592 LR999935.1 4498695
16755 11.136 LR999935.1 674759
16893 10.025 LR999935.1 2146675
16894 10.025 LR999935.1 2146676
16886 10.025 LR999935.1 2146664
16976 10.025 LR999935.1 2638988
16908 10.025 LR999935.1 2146702
16816 10.025 LR999935.1 1780294
16898 10.025 LR999935.1 2146686
16896 10.025 LR999935.1 2146679
16888 10.025 LR999935.1 2146668
16890 10.025 LR999935.1 2146670
16981 10.025 LR999935.1 2639176
16980 10.025 LR999935.1 2639175
16979 10.025 LR999935.1 2639156
16897 10.025 LR999935.1 2146683
16901 10.025 LR999935.1 2146690
16905 10.025 LR999935.1 2146699
16892 10.025 LR999935.1 2146673
16903 10.025 LR999935.1 2146694
16887 10.025 LR999935.1 2146667
16900 10.025 LR999935.1 2146689
16909 10.025 LR999935.1 2146704
16891 10.025 LR999935.1 2146671
16904 10.025 LR999935.1 2146696
16977 10.025 LR999935.1 2639022
16907 10.025 LR999935.1 2146701
16815 10.025 LR999935.1 1780227
6254 8.913 LR999928.1 8113715
17030 8.913 LR999935.1 3153474
17019 8.913 LR999935.1 2936483
17020 8.913 LR999935.1 2936499
17027 8.913 LR999935.1 2936606
17054 8.913 LR999935.1 3154143
17031 8.913 LR999935.1 3153482
17021 8.913 LR999935.1 2936543
17019 8.913 LR999935.1 2936483
16835 7.802 LR999935.1 1829742
16836 7.802 LR999935.1 1829756
16827 7.802 LR999935.1 1829643
17011 7.802 LR999935.1 2924859
17008 7.802 LR999935.1 2924623
16829 7.802 LR999935.1 1829670
17012 7.802 LR999935.1 2924943
16826 7.802 LR999935.1 1829534
16832 7.802 LR999935.1 1829704
17009 7.802 LR999935.1 2924674
16759 2.22300000000001 LR999935.1 728207
16768 2.22300000000001 LR999935.1 728602
16716 0 LR999935.1 159981
16717 0 LR999935.1 160112
16722 0 LR999935.1 163746
16751 0 LR999935.1 674414
