15303 0 LR999934.1 14633
15345 0 LR999934.1 627332
15302 0 LR999934.1 14622
15322 0 LR999934.1 278062
15342 0 LR999934.1 627058
15306 1.111 LR999934.1 125365
15305 3.335 LR999934.1 125361
15564 6.673 LR999934.1 3004934
15578 6.673 LR999934.1 3019891
15579 6.673 LR999934.1 3019893
15580 6.673 LR999934.1 3019925
15565 7.785 LR999934.1 3004950
15552 7.785 LR999934.1 2908847
15570 7.785 LR999934.1 3005152
15562 7.785 LR999934.1 3004890
15551 7.785 LR999934.1 2908810
15556 7.785 LR999934.1 2909060
15569 7.785 LR999934.1 3005127
15550 7.785 LR999934.1 2908792
15568 7.785 LR999934.1 3005087
15544 7.785 LR999934.1 2831732
15561 7.785 LR999934.1 3004885
15563 7.785 LR999934.1 3004916
15715 8.896 LR999934.1 5797591
15743 8.896 LR999934.1 5931187
15699 8.896 LR999934.1 5797366
15714 8.896 LR999934.1 5797587
15712 8.896 LR999934.1 5797563
15701 8.896 LR999934.1 5797448
15713 8.896 LR999934.1 5797564
15700 8.896 LR999934.1 5797374
15553 8.896 LR999934.1 2909012
15742 8.896 LR999934.1 5931125
15698 8.896 LR999934.1 5797356
15708 10.007 LR999934.1 5797540
15709 10.007 LR999934.1 5797541
15710 10.007 LR999934.1 5797556
15707 10.007 LR999934.1 5797529
15705 10.007 LR999934.1 5797503
15747 14.463 LR999934.1 6130561
15750 14.463 LR999934.1 6130617
15813 16.687 LR999934.1 6325648
15857 17.798 LR999934.1 6636326
15859 17.798 LR999934.1 6636410
15856 17.798 LR999934.1 6636308
15852 17.798 LR999934.1 6636282
15858 17.798 LR999934.1 6636350
15910 18.91 LR999934.1 7290450
15918 18.91 LR999934.1 7290475
15917 18.91 LR999934.1 7290474
15924 18.91 LR999934.1 7290656
15913 18.91 LR999934.1 7290465
15912 18.91 LR999934.1 7290460
15936 18.91 LR999934.1 7324150
15971 20.021 LR999934.1 7794712
15979 20.021 LR999934.1 7794883
15978 20.021 LR999934.1 7794862
15973 20.021 LR999934.1 7794770
15981 20.021 LR999934.1 7794927
15980 20.021 LR999934.1 7794894
15960 20.021 LR999934.1 7649239
16087 22.245 LR999934.1 8818690
16047 23.356 LR999934.1 8355496
16049 23.356 LR999934.1 8355501
16050 23.356 LR999934.1 8355570
16118 24.467 LR999934.1 9216804
16119 24.467 LR999934.1 9216877
16107 24.467 LR999934.1 9216608
16110 24.467 LR999934.1 9216646
16109 24.467 LR999934.1 9216643
16123 25.578 LR999934.1 9382907
16129 25.578 LR999934.1 9383040
16150 25.578 LR999934.1 9654506
16114 25.578 LR999934.1 9216688
16112 25.578 LR999934.1 9216664
16125 25.578 LR999934.1 9382994
16111 25.578 LR999934.1 9216656
16447 27.802 LR999934.1 12273196
16442 27.802 LR999934.1 12071768
16443 27.802 LR999934.1 12071774
16196 28.913 LR999934.1 10047619
16249 28.913 LR999934.1 10329282
16266 28.913 LR999934.1 10394822
16251 28.913 LR999934.1 10329311
16175 28.913 LR999934.1 9890665
16198 28.913 LR999934.1 10047807
16174 28.913 LR999934.1 9890658
16176 28.913 LR999934.1 9890701
16250 28.913 LR999934.1 10329284
16247 28.913 LR999934.1 10329252
16274 30.025 LR999934.1 10455341
16224 30.025 LR999934.1 10171677
16271 30.025 LR999934.1 10455300
16302 31.136 LR999934.1 10567435
16299 31.136 LR999934.1 10567408
16298 31.136 LR999934.1 10567403
16290 31.136 LR999934.1 10567341
16297 31.136 LR999934.1 10567398
16301 31.136 LR999934.1 10567419
16293 31.136 LR999934.1 10567376
16397 34.474 LR999934.1 11798093
16397 34.474 LR999934.1 11798093
16396 34.474 LR999934.1 11492120
16389 35.586 LR999934.1 11491744
16403 35.586 LR999934.1 11875693
16410 35.586 LR999934.1 11875898
16384 35.586 LR999934.1 11394823
16404 35.586 LR999934.1 11875700
16383 35.586 LR999934.1 11394821
16387 35.586 LR999934.1 11394907
16413 35.586 LR999934.1 11923898
16382 35.586 LR999934.1 11394803
16379 35.586 LR999934.1 11394718
16406 35.586 LR999934.1 11875710
16377 35.586 LR999934.1 11394703
16388 35.586 LR999934.1 11394918
16405 35.586 LR999934.1 11875707
16407 35.586 LR999934.1 11875729
16411 35.586 LR999934.1 11875953
16433 35.586 LR999934.1 12026161
16355 35.586 LR999934.1 11207996
16378 35.586 LR999934.1 11394716
16386 35.586 LR999934.1 11394892
16534 35.586 LR999934.1 13340906
16533 35.586 LR999934.1 13340905
16535 35.586 LR999934.1 13340913
16531 36.697 LR999934.1 13340703
16475 36.697 LR999934.1 12319371
16476 36.697 LR999934.1 12319390
16474 36.697 LR999934.1 12319367
16359 36.697 LR999934.1 11208159
16478 36.697 LR999934.1 12319466
16521 36.697 LR999934.1 13294513
16473 36.697 LR999934.1 12319362
16527 36.697 LR999934.1 13340606
16553 37.808 LR999934.1 13553419
16554 37.808 LR999934.1 13553420
16560 37.808 LR999934.1 13553682
16558 37.808 LR999934.1 13553652
16580 38.92 LR999934.1 13567372
16559 38.92 LR999934.1 13553656
16619 38.92 LR999934.1 14043140
