31919 0 LR999946.1 481133
31919 0 LR999946.1 481133
31920 0 LR999946.1 481216
31924 1.111 LR999946.1 481282
31896 1.111 LR999946.1 345853
31897 1.111 LR999946.1 346050
31921 1.111 LR999946.1 481224
31895 1.111 LR999946.1 345848
31918 1.111 LR999946.1 481123
31904 2.223 LR999946.1 470235
40983 2.223 LR999940.1 6690908
31967 5.561 LR999946.1 1415934
31987 5.561 LR999946.1 1489116
31980 5.561 LR999946.1 1441754
31973 5.561 LR999946.1 1441503
31966 5.561 LR999946.1 1281552
32076 8.899 LR999946.1 2224963
32073 8.899 LR999946.1 2224919
32062 8.899 LR999946.1 2224795
32075 8.899 LR999946.1 2224961
32066 8.899 LR999946.1 2224858
32070 8.899 LR999946.1 2224900
32007 8.899 LR999946.1 1817749
32067 8.899 LR999946.1 2224876
32004 8.899 LR999946.1 1817517
32065 8.899 LR999946.1 2224830
32078 8.899 LR999946.1 2224984
32071 8.899 LR999946.1 2224903
32064 8.899 LR999946.1 2224813
32069 8.899 LR999946.1 2224887
32074 8.899 LR999946.1 2224920
32056 8.899 LR999946.1 2220598
32068 8.899 LR999946.1 2224886
32072 8.899 LR999946.1 2224912
32008 8.899 LR999946.1 1817752
32063 8.899 LR999946.1 2224800
32016 8.899 LR999946.1 1817834
32103 12.237 LR999946.1 2640558
32104 12.237 LR999946.1 2640810
32242 22.374 LR999946.1 4446895
32213 23.485 LR999946.1 4030440
32240 23.485 LR999946.1 4089750
32234 23.485 LR999946.1 4089445
32208 23.485 LR999946.1 4030352
32207 23.485 LR999946.1 4030350
32211 23.485 LR999946.1 4030407
32210 23.485 LR999946.1 4030367
32244 26.824 LR999946.1 4446945
32245 26.824 LR999946.1 4490900
32243 26.824 LR999946.1 4446941
32288 29.047 LR999946.1 5030971
32309 30.159 LR999946.1 5186044
32335 30.159 LR999946.1 5397977
32313 30.159 LR999946.1 5186085
32306 30.159 LR999946.1 5185834
32314 30.159 LR999946.1 5186087
32334 30.159 LR999946.1 5397946
32312 30.159 LR999946.1 5186070
32336 30.159 LR999946.1 5397987
32311 30.159 LR999946.1 5186068
32337 30.159 LR999946.1 5397997
32343 31.27 LR999946.1 5503038
32467 33.494 LR999946.1 6739576
32396 34.605 LR999946.1 6224332
32403 34.605 LR999946.1 6224774
32395 34.605 LR999946.1 6224312
32398 34.605 LR999946.1 6224347
32388 34.605 LR999946.1 6224211
32577 35.716 LR999946.1 7915196
32414 35.716 LR999946.1 6466564
32525 35.716 LR999946.1 7384991
32609 35.716 LR999946.1 8106294
32445 35.716 LR999946.1 6474449
32605 35.716 LR999946.1 8106089
32607 35.716 LR999946.1 8106139
32450 35.716 LR999946.1 6474524
32417 35.716 LR999946.1 6466769
32427 35.716 LR999946.1 6474235
32540 35.716 LR999946.1 7385217
32446 35.716 LR999946.1 6474463
32576 35.716 LR999946.1 7915176
32664 36.827 LR999946.1 8498118
32637 36.827 LR999946.1 8402430
32665 36.827 LR999946.1 8498231
32484 36.827 LR999946.1 6878084
32639 36.827 LR999946.1 8402660
32641 36.827 LR999946.1 8411989
32699 37.939 LR999946.1 8918333
32692 37.939 LR999946.1 8918171
32693 37.939 LR999946.1 8918303
32702 37.939 LR999946.1 8918376
32701 37.939 LR999946.1 8918369
32560 39.05 LR999946.1 7560796
32717 39.05 LR999946.1 9017584
32709 39.05 LR999946.1 9017304
32779 39.05 LR999946.1 9293073
32741 39.05 LR999946.1 9175569
32562 39.05 LR999946.1 7802470
32716 39.05 LR999946.1 9017573
32753 39.05 LR999946.1 9176919
32742 39.05 LR999946.1 9175578
32559 39.05 LR999946.1 7560794
32754 39.05 LR999946.1 9176932
32731 39.05 LR999946.1 9132052
32734 39.05 LR999946.1 9175330
32773 39.05 LR999946.1 9292840
32711 39.05 LR999946.1 9017319
32561 39.05 LR999946.1 7560801
32721 39.05 LR999946.1 9047395
32712 39.05 LR999946.1 9017324
32835 40.161 LR999946.1 9652837
32831 40.161 LR999946.1 9652691
32793 40.161 LR999946.1 9359749
32832 40.161 LR999946.1 9652697
32789 40.161 LR999946.1 9359450
32830 40.161 LR999946.1 9652685
32833 40.161 LR999946.1 9652755
32829 40.161 LR999946.1 9652684
32783 40.161 LR999946.1 9359399
32690 42.385 LR999946.1 8918147
32688 43.496 LR999946.1 8918129
32689 43.496 LR999946.1 8918138
33124 51.338 LR999946.1 12451386
33013 51.338 LR999946.1 11747006
33015 51.338 LR999946.1 11747016
33029 51.338 LR999946.1 11790086
33125 51.338 LR999946.1 12451656
33014 51.338 LR999946.1 11747009
33009 51.338 LR999946.1 11746952
33010 51.338 LR999946.1 11746971
33016 51.338 LR999946.1 11747025
33022 51.338 LR999946.1 11747287
33020 51.338 LR999946.1 11747251
