35356 0 LR999949.1 260430
35406 0 LR999949.1 641013
35399 0 LR999949.1 640944
35404 0 LR999949.1 640977
35389 0 LR999949.1 640739
35395 0 LR999949.1 640814
35407 0 LR999949.1 641033
35396 0 LR999949.1 640819
35387 0 LR999949.1 640731
35472 1.111 LR999949.1 1326456
35437 1.111 LR999949.1 1075471
35471 1.111 LR999949.1 1326232
35544 4.45 LR999949.1 2098998
35562 4.45 LR999949.1 2161443
35543 4.45 LR999949.1 2098992
35551 5.561 LR999949.1 2099056
35545 5.561 LR999949.1 2099021
35539 6.672 LR999949.1 2098981
35634 6.672 LR999949.1 2498081
35636 6.672 LR999949.1 2498123
35631 6.672 LR999949.1 2498049
35632 6.672 LR999949.1 2498050
35633 6.672 LR999949.1 2498072
35630 6.672 LR999949.1 2498032
35635 6.672 LR999949.1 2498095
35629 6.672 LR999949.1 2498026
35664 7.783 LR999949.1 2843260
35666 7.783 LR999949.1 2843265
35680 7.783 LR999949.1 2843406
35684 7.783 LR999949.1 2843459
35668 7.783 LR999949.1 2843278
35669 7.783 LR999949.1 2843299
35696 8.895 LR999949.1 2965951
35740 8.895 LR999949.1 3551054
35693 8.895 LR999949.1 2896693
35692 8.895 LR999949.1 2896653
35694 8.895 LR999949.1 2965941
35752 8.895 LR999949.1 3551192
35695 8.895 LR999949.1 2965942
35691 8.895 LR999949.1 2896643
35758 8.895 LR999949.1 3551400
35753 8.895 LR999949.1 3551193
35701 10.006 LR999949.1 2965990
35700 10.006 LR999949.1 2965959
35699 10.006 LR999949.1 2965957
35698 10.006 LR999949.1 2965955
35855 15.585 LR999949.1 5283927
35822 15.585 LR999949.1 4915602
35851 15.585 LR999949.1 5233664
35883 15.585 LR999949.1 5648847
35857 15.585 LR999949.1 5283992
35854 15.585 LR999949.1 5283890
35878 16.696 LR999949.1 5606341
35888 18.92 LR999949.1 5760177
35875 18.92 LR999949.1 5606319
35890 18.92 LR999949.1 5760409
35864 18.92 LR999949.1 5487492
35865 18.92 LR999949.1 5527980
35968 21.143 LR999949.1 6605876
35931 21.143 LR999949.1 6393864
35903 21.143 LR999949.1 6176019
35972 21.143 LR999949.1 6605926
35922 21.143 LR999949.1 6393779
35923 21.143 LR999949.1 6393806
35932 21.143 LR999949.1 6393865
35902 21.143 LR999949.1 6175882
35975 21.143 LR999949.1 6605971
35970 21.143 LR999949.1 6605903
36040 24.482 LR999949.1 7503181
36004 24.482 LR999949.1 7243424
36005 24.482 LR999949.1 7243427
37501 31.188 LR999951.1 42251
36101 34.526 LR999949.1 8509985
36107 34.526 LR999949.1 8510065
36102 34.526 LR999949.1 8510006
36159 43.511 LR999949.1 9406291
36158 43.511 LR999949.1 9406290
36163 43.511 LR999949.1 9406465
36183 47.967 LR999949.1 9449073
36189 49.078 LR999949.1 9628050
36236 51.302 LR999949.1 9973727
36303 52.413 LR999949.1 11092548
36293 52.413 LR999949.1 11092441
36295 52.413 LR999949.1 11092478
36301 52.413 LR999949.1 11092529
36294 52.413 LR999949.1 11092465
36297 52.413 LR999949.1 11092497
36299 52.413 LR999949.1 11092516
36296 52.413 LR999949.1 11092480
36299 52.413 LR999949.1 11092516
36298 52.413 LR999949.1 11092499
