5330 0 LR999928.1 918139
5320 2.224 LR999928.1 918080
5329 3.335 LR999928.1 918121
5328 5.559 LR999928.1 918117
5315 6.67 LR999928.1 917807
5314 8.894 LR999928.1 917803
5347 10.005 LR999928.1 1150549
5205 12.229 LR999928.1 156513
5378 12.229 LR999928.1 1299778
5196 12.229 LR999928.1 156334
5207 12.229 LR999928.1 156524
5211 12.229 LR999928.1 156584
5202 12.229 LR999928.1 156497
5206 12.229 LR999928.1 156519
5195 12.229 LR999928.1 156327
5209 12.229 LR999928.1 156532
5210 12.229 LR999928.1 156551
5199 12.229 LR999928.1 156393
5197 12.229 LR999928.1 156341
5188 13.34 LR999928.1 156184
5183 13.34 LR999928.1 155970
5396 13.34 LR999928.1 1335235
5193 13.34 LR999928.1 156292
5187 13.34 LR999928.1 156025
5184 13.34 LR999928.1 155979
5189 13.34 LR999928.1 156187
5191 13.34 LR999928.1 156207
5185 13.34 LR999928.1 155993
5170 14.452 LR999928.1 136198
5400 14.452 LR999928.1 1412606
5300 14.452 LR999928.1 824843
5179 14.452 LR999928.1 136302
5175 14.452 LR999928.1 136253
5403 14.452 LR999928.1 1412639
5186 14.452 LR999928.1 156017
5406 14.452 LR999928.1 1434173
5253 14.452 LR999928.1 371233
5254 14.452 LR999928.1 371237
5395 14.452 LR999928.1 1335185
5256 14.452 LR999928.1 371254
5267 14.452 LR999928.1 657985
5174 14.452 LR999928.1 136249
5177 14.452 LR999928.1 136281
5255 14.452 LR999928.1 371241
5393 14.452 LR999928.1 1335121
5402 14.452 LR999928.1 1412628
5242 14.452 LR999928.1 371041
5264 14.452 LR999928.1 657694
5176 14.452 LR999928.1 136271
5243 14.452 LR999928.1 371069
5404 14.452 LR999928.1 1412734
5180 14.452 LR999928.1 136340
5299 14.452 LR999928.1 824682
5178 14.452 LR999928.1 136283
5475 15.563 LR999928.1 1940288
5459 15.563 LR999928.1 1897664
5427 15.563 LR999928.1 1532766
5429 15.563 LR999928.1 1532786
5465 15.563 LR999928.1 1897702
5460 15.563 LR999928.1 1897674
5430 15.563 LR999928.1 1532814
5457 16.674 LR999928.1 1897660
5464 16.674 LR999928.1 1897701
5462 16.674 LR999928.1 1897689
5519 17.786 LR999928.1 2052600
5517 17.786 LR999928.1 2052591
5518 17.786 LR999928.1 2052592
5499 17.786 LR999928.1 2052489
5502 17.786 LR999928.1 2052496
5515 17.786 LR999928.1 2052561
5508 17.786 LR999928.1 2052520
5494 17.786 LR999928.1 2052460
5485 17.786 LR999928.1 2052315
5497 17.786 LR999928.1 2052474
5579 17.786 LR999928.1 2329287
5501 17.786 LR999928.1 2052492
5580 17.786 LR999928.1 2329297
5487 17.786 LR999928.1 2052372
5500 17.786 LR999928.1 2052491
5488 17.786 LR999928.1 2052385
5761 18.897 LR999928.1 3324061
5765 20.008 LR999928.1 3324492
5629 20.008 LR999928.1 2610443
5717 20.008 LR999928.1 2953506
5716 20.008 LR999928.1 2953488
5679 20.008 LR999928.1 2759136
5632 20.008 LR999928.1 2647720
5705 20.008 LR999928.1 2953258
5661 20.008 LR999928.1 2745263
5739 20.008 LR999928.1 3317507
5698 20.008 LR999928.1 2882885
5700 20.008 LR999928.1 2883016
5631 20.008 LR999928.1 2610637
5770 22.232 LR999928.1 3773093
5482 23.343 LR999928.1 1979946
5367 23.343 LR999928.1 1256147
5793 24.454 LR999928.1 4268385
5807 28.911 LR999928.1 4607057
5862 28.911 LR999928.1 4839369
5911 28.911 LR999928.1 5206081
5923 28.911 LR999928.1 5206120
5842 28.911 LR999928.1 4839183
5921 28.911 LR999928.1 5206116
5826 28.911 LR999928.1 4822042
5913 28.911 LR999928.1 5206092
5816 28.911 LR999928.1 4812742
5908 28.911 LR999928.1 5206026
5912 28.911 LR999928.1 5206087
5808 28.911 LR999928.1 4607076
5814 28.911 LR999928.1 4812681
5817 28.911 LR999928.1 4812768
5821 28.911 LR999928.1 4822016
5806 28.911 LR999928.1 4607056
5845 28.911 LR999928.1 4839261
5861 28.911 LR999928.1 4839367
5844 28.911 LR999928.1 4839244
5916 28.911 LR999928.1 5206097
5828 28.911 LR999928.1 4822050
5856 28.911 LR999928.1 4839341
5858 28.911 LR999928.1 4839348
5813 28.911 LR999928.1 4812585
6075 32.249 LR999928.1 6948719
6017 32.249 LR999928.1 6274498
6072 32.249 LR999928.1 6948439
6035 32.249 LR999928.1 6383263
5969 32.249 LR999928.1 6055444
6016 32.249 LR999928.1 6274493
6068 32.249 LR999928.1 6948276
6067 32.249 LR999928.1 6948203
5986 32.249 LR999928.1 6115875
6019 32.249 LR999928.1 6274516
6128 33.36 LR999928.1 7330068
6116 33.36 LR999928.1 7329813
6360 33.36 LR999928.1 9435848
6121 33.36 LR999928.1 7329997
6120 33.36 LR999928.1 7329985
6104 33.36 LR999928.1 7329570
6131 33.36 LR999928.1 7364525
6108 33.36 LR999928.1 7329610
6127 33.36 LR999928.1 7330063
6124 33.36 LR999928.1 7330028
6129 33.36 LR999928.1 7364171
6123 33.36 LR999928.1 7330020
6109 33.36 LR999928.1 7329613
6111 33.36 LR999928.1 7329729
6122 33.36 LR999928.1 7329999
6112 33.36 LR999928.1 7329741
6106 33.36 LR999928.1 7329589
6107 33.36 LR999928.1 7329601
6110 33.36 LR999928.1 7329631
6115 33.36 LR999928.1 7329753
6284 34.471 LR999928.1 8436154
6144 34.471 LR999928.1 7440486
6246 34.471 LR999928.1 8017472
6243 34.471 LR999928.1 8017445
6225 34.471 LR999928.1 8010128
6134 34.471 LR999928.1 7440337
6233 34.471 LR999928.1 8010387
6215 34.471 LR999928.1 8009830
6245 34.471 LR999928.1 8017470
6244 34.471 LR999928.1 8017463
6227 34.471 LR999928.1 8010156
6229 34.471 LR999928.1 8010323
6228 34.471 LR999928.1 8010203
6285 34.471 LR999928.1 8436155
6146 34.471 LR999928.1 7440498
6237 34.471 LR999928.1 8017222
6220 34.471 LR999928.1 8010087
6147 34.471 LR999928.1 7491876
6240 34.471 LR999928.1 8017364
6230 34.471 LR999928.1 8010327
6274 34.471 LR999928.1 8271979
6241 34.471 LR999928.1 8017405
6325 35.583 LR999928.1 9217289
6341 35.583 LR999928.1 9348180
6321 35.583 LR999928.1 9217229
6338 35.583 LR999928.1 9217510
6376 35.583 LR999928.1 9436168
6345 35.583 LR999928.1 9348187
6329 35.583 LR999928.1 9217443
6351 35.583 LR999928.1 9348238
6324 35.583 LR999928.1 9217283
6318 35.583 LR999928.1 9217217
6371 35.583 LR999928.1 9436113
6372 35.583 LR999928.1 9436115
6373 35.583 LR999928.1 9436120
6334 35.583 LR999928.1 9217458
6358 35.583 LR999928.1 9348293
6367 35.583 LR999928.1 9435929
6346 35.583 LR999928.1 9348193
6332 35.583 LR999928.1 9217455
6331 35.583 LR999928.1 9217452
6366 35.583 LR999928.1 9435910
6336 35.583 LR999928.1 9217466
6330 35.583 LR999928.1 9217444
6375 35.583 LR999928.1 9436144
6374 35.583 LR999928.1 9436142
6348 35.583 LR999928.1 9348208
6396 37.806 LR999928.1 9862997
6395 37.806 LR999928.1 9862909
6399 37.806 LR999928.1 9926755
6400 37.806 LR999928.1 9926941
6384 37.806 LR999928.1 9809455
6425 38.918 LR999928.1 10282308
6422 38.918 LR999928.1 10278771
6486 40.029 LR999928.1 10861299
6476 40.029 LR999928.1 10804387
6456 40.029 LR999928.1 10665309
6447 40.029 LR999928.1 10665207
6477 40.029 LR999928.1 10804389
6531 41.14 LR999928.1 11434276
6412 41.14 LR999928.1 9938095
6530 41.14 LR999928.1 11434253
6539 41.14 LR999928.1 11434592
6537 41.14 LR999928.1 11434570
6535 41.14 LR999928.1 11434565
6538 41.14 LR999928.1 11434575
6527 41.14 LR999928.1 11434247
6528 41.14 LR999928.1 11434248
6532 41.14 LR999928.1 11434315
6533 41.14 LR999928.1 11434525
6529 41.14 LR999928.1 11434251
6524 42.252 LR999928.1 11386492
6557 44.475 LR999928.1 11879694
6570 44.475 LR999928.1 11993094
6574 44.475 LR999928.1 11993183
6571 44.475 LR999928.1 11993121
6545 44.475 LR999928.1 11565614
6577 44.475 LR999928.1 11993273
6566 44.475 LR999928.1 11919628
6573 44.475 LR999928.1 11993162
6550 44.475 LR999928.1 11689873
6548 44.475 LR999928.1 11565834
6558 44.475 LR999928.1 11879935
6559 44.475 LR999928.1 11879979
6562 44.475 LR999928.1 11919308
6564 44.475 LR999928.1 11919576
6593 45.587 LR999928.1 12175528
6585 45.587 LR999928.1 12175378
6588 45.587 LR999928.1 12175460
6591 45.587 LR999928.1 12175518
6589 45.587 LR999928.1 12175486
6586 45.587 LR999928.1 12175404
6644 53.428 LR999928.1 12890444
6605 53.428 LR999928.1 12544364
6648 53.428 LR999928.1 12890612
6599 54.539 LR999928.1 12543930
6661 56.763 LR999928.1 13079645
6667 58.987 LR999928.1 13148541
6668 58.987 LR999928.1 13148542
6923 58.987 LR999928.1 14641826
6815 58.987 LR999928.1 14061948
6924 58.987 LR999928.1 14651802
6893 60.098 LR999928.1 14362324
6887 60.098 LR999928.1 14362097
6705 60.098 LR999928.1 13423902
6706 60.098 LR999928.1 13423917
6753 60.098 LR999928.1 13940155
6913 60.098 LR999928.1 14581117
6885 60.098 LR999928.1 14362044
6704 60.098 LR999928.1 13423897
6884 60.098 LR999928.1 14362039
6890 60.098 LR999928.1 14362199
6700 60.098 LR999928.1 13423856
6814 60.098 LR999928.1 14061946
6889 60.098 LR999928.1 14362160
6692 60.098 LR999928.1 13402666
6800 61.209 LR999928.1 14024935
6811 61.209 LR999928.1 14061631
6798 61.209 LR999928.1 14024929
6997 63.433 LR999928.1 15387917
6931 63.433 LR999928.1 15101404
7043 63.433 LR999928.1 15549574
7076 63.433 LR999928.1 15577703
7077 63.433 LR999928.1 15577714
7047 63.433 LR999928.1 15549625
6932 63.433 LR999928.1 15101415
7042 63.433 LR999928.1 15549541
7080 63.433 LR999928.1 15577950
6949 63.433 LR999928.1 15276791
7078 63.433 LR999928.1 15577742
6929 63.433 LR999928.1 15101321
7004 63.433 LR999928.1 15387963
6960 63.433 LR999928.1 15299449
7079 63.433 LR999928.1 15577871
6994 63.433 LR999928.1 15387852
6951 63.433 LR999928.1 15276950
6930 63.433 LR999928.1 15101397
6959 63.433 LR999928.1 15277010
6946 63.433 LR999928.1 15276765
6954 63.433 LR999928.1 15276991
6952 63.433 LR999928.1 15276956
7005 63.433 LR999928.1 15387967
6971 63.433 LR999928.1 15326292
