23092 25.563 LR999938.1 12886630
23132 25.563 LR999938.1 13477369
23083 25.563 LR999938.1 12886378
23134 25.563 LR999938.1 13477384
23138 25.563 LR999938.1 13477566
23044 25.563 LR999938.1 12487646
23142 25.563 LR999938.1 13509126
23091 25.563 LR999938.1 12886589
23062 25.563 LR999938.1 12693053
23146 25.563 LR999938.1 13509404
23110 25.563 LR999938.1 12987855
23135 25.563 LR999938.1 13477424
23051 25.563 LR999938.1 12692735
23059 25.563 LR999938.1 12692982
23137 25.563 LR999938.1 13477518
23058 25.563 LR999938.1 12692780
23102 25.563 LR999938.1 12974201
23063 25.563 LR999938.1 12693062
23148 25.563 LR999938.1 13509428
23100 25.563 LR999938.1 12974099
23141 25.563 LR999938.1 13477583
23109 24.452 LR999938.1 12987844
23076 24.452 LR999938.1 12776138
22578 23.34 LR999938.1 9196129
23035 23.34 LR999938.1 12341748
22581 23.34 LR999938.1 9196159
23025 22.229 LR999938.1 12092945
23024 22.229 LR999938.1 12092925
23019 22.229 LR999938.1 12092759
23021 22.229 LR999938.1 12092881
23018 22.229 LR999938.1 12092748
23022 22.229 LR999938.1 12092887
23023 22.229 LR999938.1 12092906
22775 20.005 LR999938.1 10352307
22774 20.005 LR999938.1 10352305
22777 20.005 LR999938.1 10352430
22776 20.005 LR999938.1 10352319
22812 18.894 LR999938.1 10478265
23000 18.894 LR999938.1 12083049
22758 18.894 LR999938.1 10240843
22827 18.894 LR999938.1 10555718
22922 18.894 LR999938.1 11558222
22734 18.894 LR999938.1 10103759
22736 18.894 LR999938.1 10103815
22735 18.894 LR999938.1 10103780
22962 18.894 LR999938.1 11670537
22822 18.894 LR999938.1 10520443
22848 18.894 LR999938.1 10666240
22755 18.894 LR999938.1 10240832
22918 18.894 LR999938.1 11558175
22753 18.894 LR999938.1 10240829
22881 18.894 LR999938.1 10685955
22831 18.894 LR999938.1 10555901
22845 18.894 LR999938.1 10666225
22847 18.894 LR999938.1 10666239
22737 18.894 LR999938.1 10103948
22882 18.894 LR999938.1 10685967
22754 18.894 LR999938.1 10240830
22966 18.894 LR999938.1 11670768
22989 18.894 LR999938.1 11940362
23001 18.894 LR999938.1 12083054
22917 18.894 LR999938.1 11558170
22852 18.894 LR999938.1 10666340
22965 18.894 LR999938.1 11670682
22964 18.894 LR999938.1 11670543
22843 18.894 LR999938.1 10666210
22853 18.894 LR999938.1 10666376
22844 18.894 LR999938.1 10666211
22952 18.894 LR999938.1 11662620
22846 18.894 LR999938.1 10666236
22757 18.894 LR999938.1 10240837
22963 18.894 LR999938.1 11670541
22851 18.894 LR999938.1 10666319
23005 18.894 LR999938.1 12083097
22950 18.894 LR999938.1 11662557
22716 18.894 LR999938.1 10045593
22991 18.894 LR999938.1 11940411
23011 18.894 LR999938.1 12092686
22824 18.894 LR999938.1 10520445
22828 18.894 LR999938.1 10555821
22829 18.894 LR999938.1 10555845
22920 18.894 LR999938.1 11558196
22921 18.894 LR999938.1 11558200
22925 18.894 LR999938.1 11570876
22838 18.894 LR999938.1 10649271
22992 18.894 LR999938.1 11940561
22756 18.894 LR999938.1 10240835
22849 18.894 LR999938.1 10666275
22837 18.894 LR999938.1 10649243
22911 18.894 LR999938.1 11126718
22877 18.894 LR999938.1 10685823
22567 17.783 LR999938.1 8933567
22506 17.783 LR999938.1 8368351
22666 17.783 LR999938.1 9589400
22652 17.783 LR999938.1 9484374
22663 17.783 LR999938.1 9589353
22680 17.783 LR999938.1 9614224
22637 17.783 LR999938.1 9483718
22649 17.783 LR999938.1 9484036
22515 17.783 LR999938.1 8564581
22662 17.783 LR999938.1 9589324
22673 17.783 LR999938.1 9612286
22560 17.783 LR999938.1 8861850
22579 17.783 LR999938.1 9196131
22555 17.783 LR999938.1 8816534
22650 17.783 LR999938.1 9484073
22670 17.783 LR999938.1 9612148
22651 17.783 LR999938.1 9484334
22551 17.783 LR999938.1 8816490
22553 17.783 LR999938.1 8816507
22570 17.783 LR999938.1 9013104
22685 17.783 LR999938.1 9736292
22636 17.783 LR999938.1 9483715
22569 17.783 LR999938.1 8933770
22514 17.783 LR999938.1 8564531
22665 17.783 LR999938.1 9589381
22674 17.783 LR999938.1 9612290
22539 17.783 LR999938.1 8671981
22549 17.783 LR999938.1 8816315
22889 15.559 LR999938.1 10730416
22479 13.335 LR999938.1 7857570
22475 13.335 LR999938.1 7857484
22451 12.224 LR999938.1 7214392
22395 11.113 LR999938.1 6683111
22398 11.113 LR999938.1 6683138
22397 11.113 LR999938.1 6683137
22394 11.113 LR999938.1 6683103
22400 11.113 LR999938.1 6683167
22358 10.002 LR999938.1 6538659
22369 10.002 LR999938.1 6628010
22366 10.002 LR999938.1 6627934
22376 10.002 LR999938.1 6682601
22377 10.002 LR999938.1 6682607
22299 8.89 LR999938.1 5924643
22289 8.89 LR999938.1 5841346
22198 8.89 LR999938.1 4911490
22217 8.89 LR999938.1 5016864
22218 8.89 LR999938.1 5016904
22216 8.89 LR999938.1 5016854
22219 8.89 LR999938.1 5016970
22199 8.89 LR999938.1 4911503
22203 8.89 LR999938.1 4991174
22220 8.89 LR999938.1 5039568
22200 8.89 LR999938.1 4911506
22201 8.89 LR999938.1 4911512
22237 8.89 LR999938.1 5277899
22182 7.779 LR999938.1 4911227
22099 7.779 LR999938.1 4310455
22126 7.779 LR999938.1 4407152
22179 7.779 LR999938.1 4910573
22098 7.779 LR999938.1 4310439
22177 7.779 LR999938.1 4910555
22096 7.779 LR999938.1 4310418
22146 7.779 LR999938.1 4498787
22118 7.779 LR999938.1 4373795
22181 7.779 LR999938.1 4910598
22127 7.779 LR999938.1 4407170
22103 7.779 LR999938.1 4310502
22120 7.779 LR999938.1 4373842
22100 7.779 LR999938.1 4310470
22102 7.779 LR999938.1 4310481
22116 7.779 LR999938.1 4373556
22040 6.668 LR999938.1 4177864
21878 5.556 LR999938.1 2875672
22010 5.556 LR999938.1 4033443
22012 5.556 LR999938.1 4033483
21839 4.445 LR999938.1 2349419
21841 4.445 LR999938.1 2349514
21822 4.445 LR999938.1 2296665
21827 4.445 LR999938.1 2296849
21834 4.445 LR999938.1 2349266
21831 3.334 LR999938.1 2349081
21833 3.334 LR999938.1 2349241
21840 3.334 LR999938.1 2349497
21784 2.223 LR999938.1 1994975
21768 2.223 LR999938.1 1873570
21783 2.223 LR999938.1 1994918
21765 2.223 LR999938.1 1873483
21757 2.223 LR999938.1 1873237
21619 1.111 LR999938.1 315581
21686 1.111 LR999938.1 1046089
21655 1.111 LR999938.1 928290
21692 1.111 LR999938.1 1046132
21691 1.111 LR999938.1 1046131
21656 1.111 LR999938.1 928295
21648 1.111 LR999938.1 928084
21620 1.111 LR999938.1 315669
21596 0 LR999938.1 91731
21597 0 LR999938.1 91878
