26191 55.641 LR999941.1 12630502
26170 55.641 LR999941.1 12619792
26175 55.641 LR999941.1 12619874
26190 55.641 LR999941.1 12630498
26281 55.641 LR999941.1 13682507
26189 55.641 LR999941.1 12630495
26176 55.641 LR999941.1 12619990
26199 55.641 LR999941.1 12630725
26193 55.641 LR999941.1 12630516
26178 55.641 LR999941.1 12620029
26192 55.641 LR999941.1 12630507
26177 55.641 LR999941.1 12619991
26216 55.641 LR999941.1 13023691
26171 55.641 LR999941.1 12619838
26179 55.641 LR999941.1 12620046
26281 55.641 LR999941.1 13682507
26088 54.53 LR999941.1 11932503
26094 54.53 LR999941.1 11932547
26127 54.53 LR999941.1 12193709
26070 54.53 LR999941.1 11784527
26091 54.53 LR999941.1 11932511
26071 54.53 LR999941.1 11932186
26096 54.53 LR999941.1 11932604
26128 54.53 LR999941.1 12211979
26069 54.53 LR999941.1 11784506
26079 54.53 LR999941.1 11932327
26126 54.53 LR999941.1 12193703
26086 54.53 LR999941.1 11932343
26125 54.53 LR999941.1 12193701
26087 53.418 LR999941.1 11932379
26027 51.195 LR999941.1 11469814
25980 51.195 LR999941.1 11064295
26028 51.195 LR999941.1 11469853
25914 50.083 LR999941.1 10710206
25731 48.972 LR999941.1 9135354
25847 48.972 LR999941.1 9653868
26063 48.972 LR999941.1 11754080
25842 47.861 LR999941.1 9617409
25870 47.861 LR999941.1 9788412
25871 47.861 LR999941.1 9788415
25869 47.861 LR999941.1 9788394
25872 46.75 LR999941.1 9788418
25893 46.75 LR999941.1 10242822
25734 46.75 LR999941.1 9135374
25772 46.75 LR999941.1 9199715
25728 46.75 LR999941.1 9135335
25735 46.75 LR999941.1 9135385
25777 46.75 LR999941.1 9280734
25787 46.75 LR999941.1 9281024
25798 46.75 LR999941.1 9498694
25805 46.75 LR999941.1 9498764
25785 46.75 LR999941.1 9281001
25811 46.75 LR999941.1 9498858
25739 46.75 LR999941.1 9135419
25846 46.75 LR999941.1 9653866
25778 46.75 LR999941.1 9280740
25740 46.75 LR999941.1 9135436
25736 46.75 LR999941.1 9135392
25817 46.75 LR999941.1 9498915
25788 46.75 LR999941.1 9281033
25737 46.75 LR999941.1 9135412
25781 46.75 LR999941.1 9280748
25779 46.75 LR999941.1 9280743
25820 45.638 LR999941.1 9498931
25814 45.638 LR999941.1 9498899
25818 45.638 LR999941.1 9498920
25815 45.638 LR999941.1 9498903
25576 44.527 LR999941.1 7815216
25809 44.527 LR999941.1 9498838
25596 44.527 LR999941.1 7914382
25621 44.527 LR999941.1 8181981
25581 44.527 LR999941.1 7815242
7576 44.527 LR999929.1 4871264
25579 44.527 LR999941.1 7815235
25681 44.527 LR999941.1 8794292
25676 44.527 LR999941.1 8602132
25531 44.527 LR999941.1 7517297
25614 44.527 LR999941.1 8170902
25573 44.527 LR999941.1 7815196
25572 43.416 LR999941.1 7815178
25585 43.416 LR999941.1 7815280
25584 43.416 LR999941.1 7815277
25583 43.416 LR999941.1 7815271
25513 42.304 LR999941.1 7284472
25505 42.304 LR999941.1 7284270
25496 42.304 LR999941.1 7210023
25507 42.304 LR999941.1 7284283
25512 41.193 LR999941.1 7284447
25433 40.082 LR999941.1 6077099
25428 40.082 LR999941.1 6077054
25431 40.082 LR999941.1 6077086
25429 40.082 LR999941.1 6077055
25432 40.082 LR999941.1 6077087
25434 40.082 LR999941.1 6077105
25430 40.082 LR999941.1 6077082
25426 37.858 LR999941.1 6076998
25404 36.747 LR999941.1 5942875
25480 36.747 LR999941.1 6426807
25399 36.747 LR999941.1 5942694
25398 36.747 LR999941.1 5942686
25363 36.747 LR999941.1 5805892
25392 36.747 LR999941.1 5942651
25345 36.747 LR999941.1 5775516
25403 36.747 LR999941.1 5942827
25391 36.747 LR999941.1 5942646
25357 36.747 LR999941.1 5793673
25395 36.747 LR999941.1 5942664
25400 36.747 LR999941.1 5942790
25301 35.636 LR999941.1 5245806
25283 35.636 LR999941.1 5090378
25302 35.636 LR999941.1 5245807
25307 34.524 LR999941.1 5245850
25955 32.301 LR999941.1 10948523
25954 32.301 LR999941.1 10948490
25950 32.301 LR999941.1 10948471
25951 32.301 LR999941.1 10948474
25953 32.301 LR999941.1 10948486
25374 30.077 LR999941.1 5854293
26080 30.077 LR999941.1 11932331
25975 30.077 LR999941.1 11064221
26195 30.077 LR999941.1 12630522
25720 30.077 LR999941.1 9081446
25239 27.853 LR999941.1 4029917
25246 24.515 LR999941.1 4362789
25221 24.515 LR999941.1 3842032
25198 24.515 LR999941.1 3826921
25204 24.515 LR999941.1 3841915
25235 24.515 LR999941.1 4025455
25244 24.515 LR999941.1 4347701
25222 24.515 LR999941.1 3842050
25212 24.515 LR999941.1 3841981
25236 24.515 LR999941.1 4025680
25247 24.515 LR999941.1 4362795
25216 24.515 LR999941.1 3841998
25202 24.515 LR999941.1 3841887
25215 24.515 LR999941.1 3841990
25224 24.515 LR999941.1 3842064
25217 24.515 LR999941.1 3841999
25094 23.404 LR999941.1 3407733
25109 23.404 LR999941.1 3544391
25098 23.404 LR999941.1 3509880
25125 23.404 LR999941.1 3544806
25110 23.404 LR999941.1 3544425
25105 23.404 LR999941.1 3531599
25111 23.404 LR999941.1 3544431
25116 23.404 LR999941.1 3544733
25078 22.292 LR999941.1 3177554
25083 22.292 LR999941.1 3177716
25086 22.292 LR999941.1 3177803
25056 18.954 LR999941.1 2935052
25039 17.843 LR999941.1 2741649
25033 16.731 LR999941.1 2479757
24988 16.731 LR999941.1 1993357
25016 16.731 LR999941.1 2240836
24980 15.62 LR999941.1 1924851
24946 8.914 LR999941.1 1421714
24947 8.914 LR999941.1 1421731
24965 8.914 LR999941.1 1520562
24962 8.914 LR999941.1 1520341
24961 8.914 LR999941.1 1520317
24938 8.914 LR999941.1 1421630
24939 8.914 LR999941.1 1421654
24940 8.914 LR999941.1 1421659
24959 8.914 LR999941.1 1520302
24941 8.914 LR999941.1 1421660
24966 8.914 LR999941.1 1520576
24908 3.335 LR999941.1 1018731
24909 3.335 LR999941.1 1018742
24898 3.335 LR999941.1 1018395
24901 3.335 LR999941.1 1018675
24883 2.224 LR999941.1 808164
24853 2.224 LR999941.1 690639
24851 2.224 LR999941.1 690610
24871 2.224 LR999941.1 735839
24849 2.224 LR999941.1 690602
24852 2.224 LR999941.1 690613
24850 2.224 LR999941.1 690603
24885 2.224 LR999941.1 808364
24855 2.224 LR999941.1 690848
24886 2.224 LR999941.1 808383
24823 0 LR999941.1 367603
24822 0 LR999941.1 367600
24826 0 LR999941.1 645518
