5103 48.917 LR999927.1 15375487
5104 48.917 LR999927.1 15375540
5101 48.917 LR999927.1 15375449
5102 48.917 LR999927.1 15375480
5104 48.917 LR999927.1 15375540
4931 47.806 LR999927.1 14434887
5097 46.694 LR999927.1 15375415
5125 46.694 LR999927.1 15598815
5126 46.694 LR999927.1 15598831
5127 46.694 LR999927.1 15598834
5119 46.694 LR999927.1 15598635
5124 46.694 LR999927.1 15598762
5041 44.471 LR999927.1 15263613
4991 44.471 LR999927.1 14853071
5046 44.471 LR999927.1 15263706
5035 44.471 LR999927.1 15210728
4990 44.471 LR999927.1 14853054
4988 44.471 LR999927.1 14852978
5047 44.471 LR999927.1 15272864
4987 44.471 LR999927.1 14852955
4949 43.359 LR999927.1 14462629
4979 43.359 LR999927.1 14685364
4950 43.359 LR999927.1 14462674
4946 43.359 LR999927.1 14462449
4945 43.359 LR999927.1 14462445
4891 43.359 LR999927.1 14316908
4885 43.359 LR999927.1 14316680
4943 43.359 LR999927.1 14462418
4889 43.359 LR999927.1 14316729
4948 43.359 LR999927.1 14462592
4933 43.359 LR999927.1 14434933
4981 43.359 LR999927.1 14685450
4887 43.359 LR999927.1 14316702
4928 43.359 LR999927.1 14434831
4919 43.359 LR999927.1 14434753
4888 43.359 LR999927.1 14316727
4947 43.359 LR999927.1 14462471
4866 42.248 LR999927.1 14183748
4865 42.248 LR999927.1 14183743
4862 42.248 LR999927.1 14183717
4867 42.248 LR999927.1 14183749
4870 42.248 LR999927.1 14183770
4864 42.248 LR999927.1 14183733
4869 42.248 LR999927.1 14183762
4868 42.248 LR999927.1 14183750
4859 42.248 LR999927.1 13975665
4863 42.248 LR999927.1 14183720
4960 41.137 LR999927.1 14495833
3960 40.026 LR999927.1 7473710
3673 38.914 LR999927.1 4525016
5001 37.803 LR999927.1 14991934
4821 34.465 LR999927.1 13456951
4805 34.465 LR999927.1 13409621
4804 34.465 LR999927.1 13409520
4820 34.465 LR999927.1 13456948
4810 34.465 LR999927.1 13409693
4807 34.465 LR999927.1 13409686
4836 34.465 LR999927.1 13513090
4802 34.465 LR999927.1 13409493
4803 34.465 LR999927.1 13409494
4809 34.465 LR999927.1 13409688
4785 33.353 LR999927.1 13340131
4793 33.353 LR999927.1 13373122
4796 32.242 LR999927.1 13373297
4721 31.131 LR999927.1 12852543
4722 30.019 LR999927.1 12852555
4741 30.019 LR999927.1 12907297
4726 30.019 LR999927.1 12852769
4759 30.019 LR999927.1 12907609
4752 30.019 LR999927.1 12907503
4754 30.019 LR999927.1 12907534
4725 30.019 LR999927.1 12852759
4694 30.019 LR999927.1 12338671
4742 30.019 LR999927.1 12907300
4723 30.019 LR999927.1 12852647
4745 30.019 LR999927.1 12907321
4727 30.019 LR999927.1 12852860
4707 30.019 LR999927.1 12653985
4744 30.019 LR999927.1 12907316
4755 30.019 LR999927.1 12907587
4724 30.019 LR999927.1 12852751
4646 28.908 LR999927.1 11982403
4672 28.908 LR999927.1 12062378
4648 28.908 LR999927.1 11982458
4674 28.908 LR999927.1 12062452
4665 28.908 LR999927.1 12047854
4652 28.908 LR999927.1 11982792
4647 28.908 LR999927.1 11982407
4680 28.908 LR999927.1 12189106
4666 28.908 LR999927.1 12048116
4656 28.908 LR999927.1 12007941
4347 24.452 LR999927.1 9789179
4346 24.452 LR999927.1 9789174
4349 24.452 LR999927.1 9789194
4348 24.452 LR999927.1 9789185
4575 23.341 LR999927.1 11517905
4576 23.341 LR999927.1 11517918
4573 23.341 LR999927.1 11517896
4604 22.229 LR999927.1 11810956
4620 22.229 LR999927.1 11840471
4585 22.229 LR999927.1 11645898
4602 22.229 LR999927.1 11810924
4605 22.229 LR999927.1 11818993
4621 22.229 LR999927.1 11840636
22333 22.229 LR999938.1 6375132
4529 21.118 LR999927.1 10789406
4524 21.118 LR999927.1 10789345
4505 21.118 LR999927.1 10686783
4552 21.118 LR999927.1 11066530
4491 21.118 LR999927.1 10616987
4541 21.118 LR999927.1 10796271
4544 21.118 LR999927.1 10888338
4528 21.118 LR999927.1 10789397
4542 21.118 LR999927.1 10888261
4527 21.118 LR999927.1 10789382
4504 21.118 LR999927.1 10686769
4546 21.118 LR999927.1 10888587
4350 21.118 LR999927.1 9789195
4545 21.118 LR999927.1 10888474
4435 20.007 LR999927.1 10318921
4436 20.007 LR999927.1 10318932
4437 20.007 LR999927.1 10318951
4321 20.007 LR999927.1 9782787
4320 20.007 LR999927.1 9782779
4434 20.007 LR999927.1 10318920
4430 20.007 LR999927.1 10318886
4319 20.007 LR999927.1 9782773
4302 18.896 LR999927.1 9685895
15942 18.896 LR999934.1 7446336
4284 18.896 LR999927.1 9594315
4165 18.896 LR999927.1 8773777
4392 18.896 LR999927.1 10068219
4288 18.896 LR999927.1 9594705
4415 18.896 LR999927.1 10079745
4397 18.896 LR999927.1 10074564
4285 18.896 LR999927.1 9594410
4387 18.896 LR999927.1 10068188
4329 18.896 LR999927.1 9786551
4310 18.896 LR999927.1 9739913
15941 18.896 LR999934.1 7446318
15950 18.896 LR999934.1 7446454
4366 18.896 LR999927.1 9962384
4330 18.896 LR999927.1 9786557
4396 18.896 LR999927.1 10074557
4398 18.896 LR999927.1 10074593
4279 18.896 LR999927.1 9574359
15954 18.896 LR999934.1 7446496
4383 18.896 LR999927.1 10068167
4395 18.896 LR999927.1 10074347
4164 18.896 LR999927.1 8773767
4162 18.896 LR999927.1 8773763
4299 18.896 LR999927.1 9685881
4359 18.896 LR999927.1 9845876
4163 17.784 LR999927.1 8773765
4126 17.784 LR999927.1 8727654
4149 17.784 LR999927.1 8737930
4148 17.784 LR999927.1 8737913
4158 17.784 LR999927.1 8738153
4221 17.784 LR999927.1 9143264
4110 17.784 LR999927.1 8632647
4191 17.784 LR999927.1 8933395
4136 17.784 LR999927.1 8727988
4216 17.784 LR999927.1 9120276
4275 17.784 LR999927.1 9402715
4143 17.784 LR999927.1 8737543
4147 17.784 LR999927.1 8737908
4222 17.784 LR999927.1 9143277
4112 17.784 LR999927.1 8632656
4127 17.784 LR999927.1 8727657
4121 17.784 LR999927.1 8695359
4211 17.784 LR999927.1 9120228
4241 17.784 LR999927.1 9172715
4150 17.784 LR999927.1 8737935
4101 15.561 LR999927.1 8491125
4055 15.561 LR999927.1 8349693
4052 15.561 LR999927.1 8250705
4069 15.561 LR999927.1 8361950
4068 15.561 LR999927.1 8361948
4070 15.561 LR999927.1 8361956
4067 15.561 LR999927.1 8361947
3947 13.337 LR999927.1 7263705
3913 13.337 LR999927.1 7032988
3912 13.337 LR999927.1 7032969
3914 13.337 LR999927.1 7033031
3910 13.337 LR999927.1 7032947
3972 13.337 LR999927.1 7477823
3915 13.337 LR999927.1 7033037
3967 13.337 LR999927.1 7477796
3944 13.337 LR999927.1 7263456
3908 13.337 LR999927.1 7032932
3976 13.337 LR999927.1 7477834
3975 13.337 LR999927.1 7477832
3911 13.337 LR999927.1 7032963
3909 13.337 LR999927.1 7032944
3993 13.337 LR999927.1 7603473
3971 13.337 LR999927.1 7477822
3979 13.337 LR999927.1 7477876
4045 12.226 LR999927.1 8147630
4043 12.226 LR999927.1 8147628
3876 12.226 LR999927.1 6510816
4046 12.226 LR999927.1 8147644
3877 12.226 LR999927.1 6510831
3864 11.114 LR999927.1 6419559
3748 11.114 LR999927.1 5461421
3861 11.114 LR999927.1 6419523
3736 11.114 LR999927.1 5461112
3831 11.114 LR999927.1 6383386
3749 11.114 LR999927.1 5461425
3747 11.114 LR999927.1 5461378
3862 11.114 LR999927.1 6419549
3730 11.114 LR999927.1 5460846
3740 11.114 LR999927.1 5461138
3781 11.114 LR999927.1 6062583
3865 11.114 LR999927.1 6419573
3789 11.114 LR999927.1 6066346
3866 11.114 LR999927.1 6419666
3739 11.114 LR999927.1 5461125
3838 11.114 LR999927.1 6392535
3825 11.114 LR999927.1 6279801
3863 11.114 LR999927.1 6419551
3832 11.114 LR999927.1 6383443
3833 11.114 LR999927.1 6383527
3703 10.003 LR999927.1 5418042
3783 10.003 LR999927.1 6062663
3810 10.003 LR999927.1 6248613
3867 10.003 LR999927.1 6419679
3812 10.003 LR999927.1 6248656
3738 10.003 LR999927.1 5461124
3841 10.003 LR999927.1 6392543
3809 10.003 LR999927.1 6248516
3845 10.003 LR999927.1 6392793
3737 10.003 LR999927.1 5461116
3735 10.003 LR999927.1 5461094
3774 10.003 LR999927.1 5984341
3811 10.003 LR999927.1 6248651
3684 8.892 LR999927.1 4854009
3683 8.892 LR999927.1 4853893
1987 8.892 LR999926.1 1943789
4594 7.78 LR999927.1 11788964
4010 7.78 LR999927.1 7672246
3992 7.78 LR999927.1 7603449
3795 7.78 LR999927.1 6130637
4009 7.78 LR999927.1 7672244
3546 7.78 LR999927.1 1365461
3547 7.78 LR999927.1 1365476
1983 6.669 LR999926.1 1943515
3626 5.558 LR999927.1 2645984
3617 5.558 LR999927.1 2255163
3627 5.558 LR999927.1 2646127
3619 3.334 LR999927.1 2255331
3618 3.334 LR999927.1 2255237
3553 2.223 LR999927.1 1429251
3529 2.223 LR999927.1 663834
3552 2.223 LR999927.1 1429158
3550 2.223 LR999927.1 1429127
3517 1.112 LR999927.1 496650
3516 0 LR999927.1 496617
3576 0 LR999927.1 1835197
3577 0 LR999927.1 1835318
3518 0 LR999927.1 496678
3578 0 LR999927.1 1835376
3574 0 LR999927.1 1835146
3575 0 LR999927.1 1835164
