31821 52.283 LR999945.1 12439279
31867 52.283 LR999945.1 12762407
31830 52.283 LR999945.1 12611750
31764 51.172 LR999945.1 12071629
31691 51.172 LR999945.1 11365106
31690 51.172 LR999945.1 11365028
31688 51.172 LR999945.1 11364937
31675 48.948 LR999945.1 11311565
31676 48.948 LR999945.1 11347086
31657 47.837 LR999945.1 11072029
31665 47.837 LR999945.1 11084842
31640 47.837 LR999945.1 10914750
31649 47.837 LR999945.1 11013126
31641 47.837 LR999945.1 10914775
31651 47.837 LR999945.1 11013174
31631 46.726 LR999945.1 10828229
31414 45.614 LR999945.1 8174927
31478 43.391 LR999945.1 8896227
31539 43.391 LR999945.1 9978725
31550 43.391 LR999945.1 9978960
31544 43.391 LR999945.1 9978906
31549 43.391 LR999945.1 9978934
31474 43.391 LR999945.1 8896110
31472 43.391 LR999945.1 8896068
31572 43.391 LR999945.1 10434406
31545 43.391 LR999945.1 9978908
31475 43.391 LR999945.1 8896125
31479 43.391 LR999945.1 8896236
31477 43.391 LR999945.1 8896203
31396 38.934 LR999945.1 8020223
31397 38.934 LR999945.1 8020225
31433 38.934 LR999945.1 8311997
31392 38.934 LR999945.1 8019962
31430 38.934 LR999945.1 8311809
31431 38.934 LR999945.1 8311813
31350 38.934 LR999945.1 6970220
31371 37.823 LR999945.1 7304989
31362 37.823 LR999945.1 7304619
31361 37.823 LR999945.1 7304577
31370 37.823 LR999945.1 7304934
31351 36.712 LR999945.1 6970247
31289 35.601 LR999945.1 6402242
31299 35.601 LR999945.1 6585664
31292 35.601 LR999945.1 6402290
31166 32.262 LR999945.1 5727706
31204 31.151 LR999945.1 5755547
31175 31.151 LR999945.1 5728016
31268 31.151 LR999945.1 6255648
31174 31.151 LR999945.1 5727991
31210 31.151 LR999945.1 5755626
31177 31.151 LR999945.1 5728031
31211 31.151 LR999945.1 5780223
31203 31.151 LR999945.1 5755538
31171 31.151 LR999945.1 5727725
31176 31.151 LR999945.1 5728028
31172 31.151 LR999945.1 5727758
31160 31.151 LR999945.1 5454237
31178 31.151 LR999945.1 5736098
31161 31.151 LR999945.1 5454305
31209 31.151 LR999945.1 5755566
31173 31.151 LR999945.1 5727972
31047 28.927 LR999945.1 4519669
31082 28.927 LR999945.1 4694028
31085 28.927 LR999945.1 4694367
31079 28.927 LR999945.1 4631436
31048 28.927 LR999945.1 4519755
31078 28.927 LR999945.1 4631419
31084 28.927 LR999945.1 4694119
31141 28.927 LR999945.1 5343197
31137 28.927 LR999945.1 5343178
31142 28.927 LR999945.1 5430816
31140 28.927 LR999945.1 5343196
31076 28.927 LR999945.1 4631382
31081 28.927 LR999945.1 4631487
31049 28.927 LR999945.1 4519769
31139 28.927 LR999945.1 5343194
31138 28.927 LR999945.1 5343184
31030 27.816 LR999945.1 4425657
31017 24.478 LR999945.1 4318837
31013 24.478 LR999945.1 4318581
31014 24.478 LR999945.1 4318595
30921 24.478 LR999945.1 3823907
30918 24.478 LR999945.1 3683675
31022 24.478 LR999945.1 4318999
30919 24.478 LR999945.1 3683747
30917 24.478 LR999945.1 3683620
31021 24.478 LR999945.1 4318939
30953 23.366 LR999945.1 3965735
30956 23.366 LR999945.1 3981756
30983 23.366 LR999945.1 4083864
31001 23.366 LR999945.1 4084059
30974 23.366 LR999945.1 4050466
30976 22.255 LR999945.1 4050554
30971 22.255 LR999945.1 4050391
30998 22.255 LR999945.1 4083947
30997 22.255 LR999945.1 4083936
31000 22.255 LR999945.1 4084006
30999 22.255 LR999945.1 4083962
30982 22.255 LR999945.1 4083860
30989 22.255 LR999945.1 4083888
30970 22.255 LR999945.1 4050373
30993 22.255 LR999945.1 4083901
30972 22.255 LR999945.1 4050445
30883 17.799 LR999945.1 3321969
30897 17.799 LR999945.1 3521646
30903 17.799 LR999945.1 3521716
30906 17.799 LR999945.1 3521745
30907 17.799 LR999945.1 3521748
30826 15.575 LR999945.1 2836344
30791 15.575 LR999945.1 2706681
30797 15.575 LR999945.1 2709612
30778 15.575 LR999945.1 2676959
30806 15.575 LR999945.1 2709874
30777 15.575 LR999945.1 2676877
30807 15.575 LR999945.1 2709878
30668 13.352 LR999945.1 1613272
30825 13.352 LR999945.1 2836043
30714 10.013 LR999945.1 2112859
30768 8.90199999999999 LR999945.1 2339360
30746 7.791 LR999945.1 2307978
30708 7.791 LR999945.1 2039133
30743 7.791 LR999945.1 2307911
30712 7.791 LR999945.1 2039282
30711 7.791 LR999945.1 2039178
30744 7.791 LR999945.1 2307968
30735 7.791 LR999945.1 2170396
30749 7.791 LR999945.1 2308049
30706 7.791 LR999945.1 1971833
30734 7.791 LR999945.1 2170387
30702 7.791 LR999945.1 1971440
30741 7.791 LR999945.1 2173465
30709 7.791 LR999945.1 2039154
30748 7.791 LR999945.1 2308007
30733 7.791 LR999945.1 2170300
30745 7.791 LR999945.1 2307972
30704 7.791 LR999945.1 1971617
30747 7.791 LR999945.1 2307992
30738 7.791 LR999945.1 2173181
30710 7.791 LR999945.1 2039157
30593 5.56699999999999 LR999945.1 1279736
30594 5.56699999999999 LR999945.1 1279747
30660 5.56699999999999 LR999945.1 1593726
30656 5.56699999999999 LR999945.1 1593551
30654 5.56699999999999 LR999945.1 1593524
30640 5.56699999999999 LR999945.1 1468090
30591 5.56699999999999 LR999945.1 1279715
30655 5.56699999999999 LR999945.1 1593545
30667 5.56699999999999 LR999945.1 1613248
30588 5.56699999999999 LR999945.1 1279690
30659 5.56699999999999 LR999945.1 1593720
30533 1.111 LR999945.1 490835
30535 1.111 LR999945.1 490935
30504 0 LR999945.1 400544
30507 0 LR999945.1 400555
30520 0 LR999945.1 402976
30510 0 LR999945.1 400576
30511 0 LR999945.1 400579
