26308 0 LR999942.1 90278
26586 2.224 LR999942.1 2088765
26592 2.224 LR999942.1 2088827
26591 2.224 LR999942.1 2088823
26587 2.224 LR999942.1 2088789
26589 2.224 LR999942.1 2088809
26588 2.224 LR999942.1 2088791
26590 2.224 LR999942.1 2088818
26594 2.224 LR999942.1 2088849
26595 2.224 LR999942.1 2088857
26593 3.335 LR999942.1 2088846
26367 6.673 LR999942.1 688998
26452 6.673 LR999942.1 1569150
26453 6.673 LR999942.1 1569163
26455 6.673 LR999942.1 1569232
26454 6.673 LR999942.1 1569190
26471 7.785 LR999942.1 1575544
26443 7.785 LR999942.1 1569059
26394 7.785 LR999942.1 736759
26393 7.785 LR999942.1 736743
26392 7.785 LR999942.1 736742
26560 7.785 LR999942.1 1993558
26422 7.785 LR999942.1 1176793
26391 7.785 LR999942.1 736732
26396 7.785 LR999942.1 736764
26562 7.785 LR999942.1 1993649
26469 7.785 LR999942.1 1575463
26316 7.785 LR999942.1 186797
26404 7.785 LR999942.1 770620
26398 7.785 LR999942.1 736785
26467 7.785 LR999942.1 1575438
26406 7.785 LR999942.1 770653
26557 7.785 LR999942.1 1993380
26376 7.785 LR999942.1 689250
26444 7.785 LR999942.1 1569089
26395 7.785 LR999942.1 736761
26374 7.785 LR999942.1 689139
26489 7.785 LR999942.1 1607483
26561 7.785 LR999942.1 1993615
26450 7.785 LR999942.1 1569117
26604 8.896 LR999942.1 2088975
26599 8.896 LR999942.1 2088908
26581 8.896 LR999942.1 2041228
26597 8.896 LR999942.1 2088901
26571 8.896 LR999942.1 2040944
26578 8.896 LR999942.1 2041177
26603 8.896 LR999942.1 2088972
26605 8.896 LR999942.1 2088979
26572 8.896 LR999942.1 2041002
26579 8.896 LR999942.1 2041193
26602 8.896 LR999942.1 2088954
26596 8.896 LR999942.1 2088886
26598 8.896 LR999942.1 2088902
26577 8.896 LR999942.1 2041176
26601 8.896 LR999942.1 2088918
26582 10.007 LR999942.1 2041237
26644 11.118 LR999942.1 2558284
26659 11.118 LR999942.1 2804754
26646 11.118 LR999942.1 2558312
26633 11.118 LR999942.1 2545784
26634 11.118 LR999942.1 2545802
26658 11.118 LR999942.1 2657494
26645 11.118 LR999942.1 2558288
26629 11.118 LR999942.1 2545713
26694 15.575 LR999942.1 3560315
26698 15.575 LR999942.1 3560450
26792 16.686 LR999942.1 4198122
26742 16.686 LR999942.1 4013328
26791 16.686 LR999942.1 4198084
26747 16.686 LR999942.1 4013418
26758 16.686 LR999942.1 4013669
26744 16.686 LR999942.1 4013377
26794 16.686 LR999942.1 4198192
26815 20.024 LR999942.1 4443376
26873 21.136 LR999942.1 4700659
26872 21.136 LR999942.1 4700645
26880 21.136 LR999942.1 4700816
26855 21.136 LR999942.1 4659707
26860 21.136 LR999942.1 4684910
26870 21.136 LR999942.1 4700636
26871 21.136 LR999942.1 4700642
26834 21.136 LR999942.1 4512720
26927 23.359 LR999942.1 5435543
26930 23.359 LR999942.1 5435758
26929 23.359 LR999942.1 5435755
26919 23.359 LR999942.1 5429200
27032 24.471 LR999942.1 6226934
27044 25.582 LR999942.1 6330022
27091 25.582 LR999942.1 6742906
27184 25.582 LR999942.1 7588843
27090 25.582 LR999942.1 6742902
27078 25.582 LR999942.1 6739895
27144 25.582 LR999942.1 7301872
26960 25.582 LR999942.1 5757195
27088 25.582 LR999942.1 6742863
27037 25.582 LR999942.1 6227207
27025 25.582 LR999942.1 6196034
27101 25.582 LR999942.1 6916343
26956 25.582 LR999942.1 5717130
27083 25.582 LR999942.1 6739948
27082 25.582 LR999942.1 6739933
27062 25.582 LR999942.1 6711076
27035 25.582 LR999942.1 6227149
27038 25.582 LR999942.1 6227209
27092 25.582 LR999942.1 6742923
27086 25.582 LR999942.1 6740184
27048 25.582 LR999942.1 6330114
27089 25.582 LR999942.1 6742867
27036 25.582 LR999942.1 6227197
27012 25.582 LR999942.1 6078052
27028 25.582 LR999942.1 6196062
27024 25.582 LR999942.1 6196033
27033 25.582 LR999942.1 6226963
27085 25.582 LR999942.1 6740108
27079 25.582 LR999942.1 6739901
27049 25.582 LR999942.1 6330158
27009 25.582 LR999942.1 6078017
27022 25.582 LR999942.1 6196018
27214 25.582 LR999942.1 7888268
27011 25.582 LR999942.1 6078045
27047 25.582 LR999942.1 6330039
27050 25.582 LR999942.1 6330184
27081 25.582 LR999942.1 6739911
27100 25.582 LR999942.1 6916319
26951 25.582 LR999942.1 5717051
27084 25.582 LR999942.1 6739975
27029 25.582 LR999942.1 6196134
27190 25.582 LR999942.1 7589080
26954 25.582 LR999942.1 5717116
27040 25.582 LR999942.1 6227250
27046 25.582 LR999942.1 6330029
26958 25.582 LR999942.1 5757080
27026 25.582 LR999942.1 6196052
27010 25.582 LR999942.1 6078021
27043 25.582 LR999942.1 6330009
27045 25.582 LR999942.1 6330024
27102 25.582 LR999942.1 6916543
27080 25.582 LR999942.1 6739904
27008 25.582 LR999942.1 6078014
27039 25.582 LR999942.1 6227228
27149 25.582 LR999942.1 7302125
27194 25.582 LR999942.1 7589171
27180 26.693 LR999942.1 7351088
27179 26.693 LR999942.1 7350968
27064 26.693 LR999942.1 6729508
27065 26.693 LR999942.1 6729518
27007 27.804 LR999942.1 6078012
27186 27.804 LR999942.1 7588851
27187 27.804 LR999942.1 7588868
27273 27.804 LR999942.1 8383561
27275 27.804 LR999942.1 8383586
27271 27.804 LR999942.1 8383472
27278 27.804 LR999942.1 8383617
27280 27.804 LR999942.1 8383621
27276 27.804 LR999942.1 8383590
27274 27.804 LR999942.1 8383570
27270 27.804 LR999942.1 8383444
27272 27.804 LR999942.1 8383550
27277 27.804 LR999942.1 8383593
27288 28.916 LR999942.1 8446563
27303 30.027 LR999942.1 8643169
27300 30.027 LR999942.1 8643081
27294 30.027 LR999942.1 8642993
27298 30.027 LR999942.1 8643077
27296 30.027 LR999942.1 8643049
27301 31.138 LR999942.1 8643100
27302 31.138 LR999942.1 8643139
27107 32.25 LR999942.1 7063602
27237 32.25 LR999942.1 7916460
27235 32.25 LR999942.1 7916403
27341 33.361 LR999942.1 8915817
27342 33.361 LR999942.1 8915818
27339 33.361 LR999942.1 8915802
27344 33.361 LR999942.1 8915844
27359 35.585 LR999942.1 9582515
27533 37.808 LR999942.1 11455276
27386 37.808 LR999942.1 10123939
27410 37.808 LR999942.1 10418772
27412 37.808 LR999942.1 10418819
27403 37.808 LR999942.1 10418602
27534 37.808 LR999942.1 11455282
27426 38.92 LR999942.1 10473726
27418 38.92 LR999942.1 10473484
27421 38.92 LR999942.1 10473508
27422 38.92 LR999942.1 10473529
27433 41.143 LR999942.1 10502900
27460 41.143 LR999942.1 10722004
27459 41.143 LR999942.1 10721989
27439 42.255 LR999942.1 10557995
27451 42.255 LR999942.1 10558207
27443 42.255 LR999942.1 10558019
27441 42.255 LR999942.1 10558008
27438 42.255 LR999942.1 10557988
27575 43.366 LR999942.1 11747165
27512 43.366 LR999942.1 11353156
27509 43.366 LR999942.1 11353051
27510 43.366 LR999942.1 11353101
27507 43.366 LR999942.1 11353046
27505 43.366 LR999942.1 11353038
27503 43.366 LR999942.1 11353002
27502 43.366 LR999942.1 11352980
27511 43.366 LR999942.1 11353138
27517 43.366 LR999942.1 11353212
27571 44.477 LR999942.1 11589186
27564 44.477 LR999942.1 11588916
27572 44.477 LR999942.1 11589198
27606 45.588 LR999942.1 12022749
27604 45.588 LR999942.1 12022715
27607 45.588 LR999942.1 12022758
27608 45.588 LR999942.1 12082147
27622 48.927 LR999942.1 12127834
27656 48.927 LR999942.1 12295498
27696 48.927 LR999942.1 12427100
27657 48.927 LR999942.1 12295583
27618 48.927 LR999942.1 12127790
27654 48.927 LR999942.1 12295330
27730 48.927 LR999942.1 13082696
27732 48.927 LR999942.1 13082980
27623 48.927 LR999942.1 12127841
27657 48.927 LR999942.1 12295583
27721 48.927 LR999942.1 13082647
27619 48.927 LR999942.1 12127804
