33246 0 LR999947.1 929147
33274 0 LR999947.1 1053175
33271 0 LR999947.1 1053155
33273 0 LR999947.1 1053174
33276 0 LR999947.1 1053404
33275 0 LR999947.1 1053320
33272 0 LR999947.1 1053171
33244 0 LR999947.1 929138
33304 1.111 LR999947.1 1315668
33301 1.111 LR999947.1 1315646
33313 1.111 LR999947.1 1315768
33284 1.111 LR999947.1 1282562
33285 1.111 LR999947.1 1282690
33316 1.111 LR999947.1 1315801
33302 1.111 LR999947.1 1315660
33317 1.111 LR999947.1 1315806
33293 1.111 LR999947.1 1282756
33296 1.111 LR999947.1 1282805
33319 1.111 LR999947.1 1315830
33306 1.111 LR999947.1 1315689
33283 1.111 LR999947.1 1282480
33389 6.69 LR999947.1 2304886
33390 6.69 LR999947.1 2304887
41099 10.028 LR999940.1 9720674
41101 11.139 LR999940.1 9720684
33394 11.139 LR999947.1 2305060
33393 11.139 LR999947.1 2305054
33396 11.139 LR999947.1 2541090
33419 12.251 LR999947.1 2853886
33420 12.251 LR999947.1 2853898
22325 13.362 LR999938.1 6375067
22332 13.362 LR999938.1 6375128
33416 13.362 LR999947.1 2853853
33437 13.362 LR999947.1 2871297
33455 13.362 LR999947.1 2995234
33442 13.362 LR999947.1 2871336
33440 13.362 LR999947.1 2871322
33454 13.362 LR999947.1 2994945
33443 13.362 LR999947.1 2871356
33439 13.362 LR999947.1 2871317
33438 13.362 LR999947.1 2871309
33441 13.362 LR999947.1 2871331
33436 13.362 LR999947.1 2871295
33478 15.586 LR999947.1 3409276
33477 15.586 LR999947.1 3409260
33485 16.697 LR999947.1 3644855
33505 16.697 LR999947.1 3862474
33506 16.697 LR999947.1 3862484
33508 16.697 LR999947.1 3946413
33520 17.808 LR999947.1 3979809
33519 17.808 LR999947.1 3979806
33596 18.92 LR999947.1 4612307
33544 18.92 LR999947.1 4196563
33534 18.92 LR999947.1 4196341
33646 20.031 LR999947.1 5232977
33643 20.031 LR999947.1 5232811
33649 20.031 LR999947.1 5233033
33648 20.031 LR999947.1 5233016
33647 20.031 LR999947.1 5232995
33644 20.031 LR999947.1 5232827
33675 21.142 LR999947.1 5829067
33679 21.142 LR999947.1 5829118
33681 23.366 LR999947.1 5884229
33680 23.366 LR999947.1 5829120
33692 25.59 LR999947.1 6081166
33687 25.59 LR999947.1 6080973
33693 25.59 LR999947.1 6081175
33694 25.59 LR999947.1 6081196
33690 25.59 LR999947.1 6081121
33704 26.701 LR999947.1 6314039
33724 30.039 LR999947.1 6585016
33751 31.15 LR999947.1 6719058
33750 31.15 LR999947.1 6718910
13148 31.15 LR999932.1 11015636
33752 31.15 LR999947.1 6719129
33878 33.374 LR999947.1 7646424
33881 33.374 LR999947.1 7656057
33896 33.374 LR999947.1 7835547
33862 33.374 LR999947.1 7554268
33798 33.374 LR999947.1 7090724
33801 33.374 LR999947.1 7091021
33887 33.374 LR999947.1 7795320
33890 33.374 LR999947.1 7795348
33839 33.374 LR999947.1 7378235
33840 33.374 LR999947.1 7378249
33952 34.485 LR999947.1 8051008
33944 34.485 LR999947.1 8050714
33945 34.485 LR999947.1 8050727
33949 34.485 LR999947.1 8050957
33946 34.485 LR999947.1 8050739
33943 34.485 LR999947.1 8050712
34012 36.709 LR999947.1 8883501
34223 38.933 LR999947.1 10850816
34182 38.933 LR999947.1 10734002
34141 38.933 LR999947.1 10267912
34279 38.933 LR999947.1 11612362
34284 40.044 LR999947.1 11612398
