13630 0 LR999933.1 780538
13702 0 LR999933.1 1352926
13651 0 LR999933.1 1162800
13674 0 LR999933.1 1297177
13679 0 LR999933.1 1297237
13631 0 LR999933.1 780786
13653 0 LR999933.1 1162830
13656 0 LR999933.1 1162853
13673 0 LR999933.1 1297168
13680 0 LR999933.1 1297415
13657 0 LR999933.1 1162870
13675 0 LR999933.1 1297195
13676 0 LR999933.1 1297196
13677 0 LR999933.1 1297199
13723 2.224 LR999933.1 1619151
13602 2.224 LR999933.1 241598
13678 2.224 LR999933.1 1297207
13728 2.224 LR999933.1 1619217
13774 5.562 LR999933.1 2107510
13771 6.673 LR999933.1 2107202
13793 7.785 LR999933.1 2414995
13792 7.785 LR999933.1 2414993
13790 7.785 LR999933.1 2414977
13794 7.785 LR999933.1 2415001
13789 7.785 LR999933.1 2414973
13791 7.785 LR999933.1 2414982
13713 7.785 LR999933.1 1521968
13795 7.785 LR999933.1 2415052
13832 13.363 LR999933.1 3022674
13855 15.587 LR999933.1 3200800
13868 15.587 LR999933.1 3200979
13860 15.587 LR999933.1 3200907
13859 15.587 LR999933.1 3200901
13856 15.587 LR999933.1 3200811
13864 15.587 LR999933.1 3200925
13867 15.587 LR999933.1 3200967
13866 15.587 LR999933.1 3200935
13858 15.587 LR999933.1 3200899
13854 15.587 LR999933.1 3200785
13863 15.587 LR999933.1 3200924
13861 15.587 LR999933.1 3200915
13852 15.587 LR999933.1 3200779
13862 15.587 LR999933.1 3200920
13893 16.698 LR999933.1 3680508
13939 17.809 LR999933.1 4128745
13951 17.809 LR999933.1 4220223
14034 20.033 LR999933.1 5166050
14047 20.033 LR999933.1 5267268
14048 20.033 LR999933.1 5267277
14050 20.033 LR999933.1 5267282
14053 20.033 LR999933.1 5267302
14039 20.033 LR999933.1 5267193
14043 20.033 LR999933.1 5267239
14037 20.033 LR999933.1 5267062
14041 20.033 LR999933.1 5267216
14044 20.033 LR999933.1 5267246
14085 20.033 LR999933.1 5358906
14046 20.033 LR999933.1 5267257
14052 20.033 LR999933.1 5267291
14045 20.033 LR999933.1 5267248
14066 20.033 LR999933.1 5287859
14051 20.033 LR999933.1 5267286
14038 20.033 LR999933.1 5267102
14049 20.033 LR999933.1 5267278
14040 20.033 LR999933.1 5267211
14068 20.033 LR999933.1 5288006
14123 21.144 LR999933.1 5807900
14098 21.144 LR999933.1 5591562
14130 21.144 LR999933.1 5807946
14096 21.144 LR999933.1 5591540
14118 21.144 LR999933.1 5807850
14131 21.144 LR999933.1 5807953
14145 21.144 LR999933.1 5959896
14122 21.144 LR999933.1 5807899
14141 21.144 LR999933.1 5844684
14125 21.144 LR999933.1 5807905
14095 21.144 LR999933.1 5591390
14144 21.144 LR999933.1 5867386
14119 21.144 LR999933.1 5807862
14127 21.144 LR999933.1 5807919
14116 21.144 LR999933.1 5807633
14097 21.144 LR999933.1 5591543
14137 21.144 LR999933.1 5844601
14161 22.256 LR999933.1 6063659
14153 22.256 LR999933.1 5960102
14415 24.479 LR999933.1 8952404
14342 28.936 LR999933.1 8229408
14341 28.936 LR999933.1 8229397
14338 28.936 LR999933.1 8229368
14339 28.936 LR999933.1 8229385
14343 28.936 LR999933.1 8229420
14344 28.936 LR999933.1 8229434
14233 30.047 LR999933.1 7102711
14359 30.047 LR999933.1 8341179
14251 30.047 LR999933.1 7552252
14257 30.047 LR999933.1 7701747
14262 30.047 LR999933.1 7701848
14204 30.047 LR999933.1 7013521
14263 30.047 LR999933.1 7702043
14294 30.047 LR999933.1 7924464
14236 30.047 LR999933.1 7305441
14252 30.047 LR999933.1 7552258
14265 30.047 LR999933.1 7702061
14347 30.047 LR999933.1 8229603
14355 30.047 LR999933.1 8340918
14253 30.047 LR999933.1 7552271
14266 30.047 LR999933.1 7702085
14264 30.047 LR999933.1 7702060
14254 30.047 LR999933.1 7552272
14259 30.047 LR999933.1 7701798
14348 30.047 LR999933.1 8229653
14261 30.047 LR999933.1 7701837
14427 31.158 LR999933.1 9081558
14424 31.158 LR999933.1 9081367
14390 31.158 LR999933.1 8902122
14373 31.158 LR999933.1 8565972
14421 31.158 LR999933.1 9081305
14420 31.158 LR999933.1 9081290
14447 31.158 LR999933.1 9330237
14429 31.158 LR999933.1 9081581
14391 31.158 LR999933.1 8902317
14439 31.158 LR999933.1 9177087
14456 31.158 LR999933.1 9405402
14369 31.158 LR999933.1 8565931
14395 31.158 LR999933.1 8902385
14385 31.158 LR999933.1 8764922
14434 31.158 LR999933.1 9152643
14386 31.158 LR999933.1 8764934
14449 31.158 LR999933.1 9330578
14423 31.158 LR999933.1 9081362
14452 31.158 LR999933.1 9405174
14422 31.158 LR999933.1 9081351
14381 31.158 LR999933.1 8764856
14370 31.158 LR999933.1 8565964
14440 31.158 LR999933.1 9177118
14433 31.158 LR999933.1 9152575
14426 31.158 LR999933.1 9081531
14455 31.158 LR999933.1 9405221
14372 31.158 LR999933.1 8565970
14499 31.158 LR999933.1 9775821
14371 31.158 LR999933.1 8565969
14495 31.158 LR999933.1 9775763
14498 31.158 LR999933.1 9775798
14428 31.158 LR999933.1 9081568
14397 31.158 LR999933.1 8902400
14560 32.269 LR999933.1 10161915
14563 32.269 LR999933.1 10162105
14506 32.269 LR999933.1 9828760
14510 32.269 LR999933.1 9828782
14550 32.269 LR999933.1 10092990
14505 32.269 LR999933.1 9828708
14507 32.269 LR999933.1 9828761
14518 32.269 LR999933.1 9900444
14557 32.269 LR999933.1 10161843
14503 32.269 LR999933.1 9828699
14514 32.269 LR999933.1 9828829
14564 32.269 LR999933.1 10162118
14512 32.269 LR999933.1 9828824
14511 32.269 LR999933.1 9828815
14548 32.269 LR999933.1 10092788
14509 32.269 LR999933.1 9828775
14504 32.269 LR999933.1 9828700
14508 32.269 LR999933.1 9828772
14581 33.381 LR999933.1 10363699
14580 33.381 LR999933.1 10363636
14579 33.381 LR999933.1 10363610
14688 36.719 LR999933.1 11077551
14740 36.719 LR999933.1 11433649
14685 36.719 LR999933.1 11077498
14743 36.719 LR999933.1 11433903
14680 36.719 LR999933.1 11077485
14737 36.719 LR999933.1 11433566
14683 37.83 LR999933.1 11077493
14882 37.83 LR999933.1 12204038
14930 37.83 LR999933.1 12468784
14881 37.83 LR999933.1 12204007
14828 37.83 LR999933.1 11931903
14878 37.83 LR999933.1 12203986
14920 37.83 LR999933.1 12468587
14880 37.83 LR999933.1 12203992
14924 37.83 LR999933.1 12468733
14923 37.83 LR999933.1 12468726
14874 37.83 LR999933.1 12203929
14826 37.83 LR999933.1 11931884
14829 37.83 LR999933.1 11931921
14918 37.83 LR999933.1 12468542
14692 37.83 LR999933.1 11077772
14814 37.83 LR999933.1 11814589
14875 37.83 LR999933.1 12203947
14871 37.83 LR999933.1 12203683
14872 37.83 LR999933.1 12203701
14879 37.83 LR999933.1 12203989
14689 37.83 LR999933.1 11077554
14867 37.83 LR999933.1 12115655
14819 37.83 LR999933.1 11814645
14917 37.83 LR999933.1 12468536
14932 37.83 LR999933.1 12468793
14800 37.83 LR999933.1 11797874
14816 37.83 LR999933.1 11814599
14817 37.83 LR999933.1 11814610
14873 37.83 LR999933.1 12203731
14927 37.83 LR999933.1 12468758
14877 37.83 LR999933.1 12203967
14818 37.83 LR999933.1 11814640
14919 37.83 LR999933.1 12468586
14921 37.83 LR999933.1 12468716
14831 37.83 LR999933.1 11931954
14954 38.942 LR999933.1 12814147
14947 38.942 LR999933.1 12668830
14972 38.942 LR999933.1 12893670
14975 38.942 LR999933.1 12893703
14974 38.942 LR999933.1 12893697
14970 38.942 LR999933.1 12893631
14955 38.942 LR999933.1 12814189
15187 44.52 LR999933.1 14618261
15100 44.52 LR999933.1 14013884
15043 45.632 LR999933.1 13690102
15058 45.632 LR999933.1 13690257
15084 45.632 LR999933.1 13862900
15036 45.632 LR999933.1 13643094
14742 45.632 LR999933.1 11433862
15038 45.632 LR999933.1 13643303
15023 45.632 LR999933.1 13480363
15047 45.632 LR999933.1 13690132
15091 45.632 LR999933.1 13925063
15049 45.632 LR999933.1 13690141
15046 45.632 LR999933.1 13690126
15039 45.632 LR999933.1 13643318
15053 45.632 LR999933.1 13690210
15090 45.632 LR999933.1 13924914
15051 45.632 LR999933.1 13690181
15050 45.632 LR999933.1 13690151
15104 46.743 LR999933.1 14014107
15106 46.743 LR999933.1 14014169
15126 48.967 LR999933.1 14176463
15131 48.967 LR999933.1 14176545
15295 48.967 LR999933.1 15282729
15260 48.967 LR999933.1 14940050
22616 48.967 LR999938.1 9314968
15124 48.967 LR999933.1 14176297
15173 48.967 LR999933.1 14570401
15122 48.967 LR999933.1 14176276
15127 48.967 LR999933.1 14176478
15258 48.967 LR999933.1 14940011
15128 48.967 LR999933.1 14176483
15195 48.967 LR999933.1 14690954
15116 48.967 LR999933.1 14062412
15129 48.967 LR999933.1 14176507
15130 48.967 LR999933.1 14176541
15123 48.967 LR999933.1 14176288
15130 48.967 LR999933.1 14176541
15194 48.967 LR999933.1 14690942
15240 48.967 LR999933.1 14901359
15118 50.078 LR999933.1 14062439
15115 50.078 LR999933.1 14062411
15114 50.078 LR999933.1 14062398
15111 50.078 LR999933.1 14062342
15112 50.078 LR999933.1 14062365
15113 50.078 LR999933.1 14062380
15188 53.416 LR999933.1 14660954
