37556 0 LR999951.1 443667
37543 0 LR999951.1 425927
37549 0 LR999951.1 443617
37587 0 LR999951.1 516163
37577 0 LR999951.1 515919
37616 0 LR999951.1 884221
37558 0 LR999951.1 504871
37613 0 LR999951.1 883945
37542 0 LR999951.1 425835
37634 4.456 LR999951.1 1300009
37630 4.456 LR999951.1 1300001
37636 4.456 LR999951.1 1300045
37643 4.456 LR999951.1 1300273
37674 5.567 LR999951.1 1571579
37665 5.567 LR999951.1 1453276
37736 10.024 LR999951.1 2074025
37690 10.024 LR999951.1 1866623
37724 10.024 LR999951.1 2073544
37705 10.024 LR999951.1 1940984
37740 10.024 LR999951.1 2074053
37741 10.024 LR999951.1 2074055
37723 10.024 LR999951.1 2073531
37734 10.024 LR999951.1 2074019
37733 10.024 LR999951.1 2073980
37739 10.024 LR999951.1 2074041
37698 10.024 LR999951.1 1940793
37737 10.024 LR999951.1 2074039
37701 10.024 LR999951.1 1940839
37742 10.024 LR999951.1 2074065
37697 10.024 LR999951.1 1940782
37702 10.024 LR999951.1 1940950
37738 10.024 LR999951.1 2074040
37703 10.024 LR999951.1 1940974
37700 10.024 LR999951.1 1940819
37728 10.024 LR999951.1 2073777
37689 10.024 LR999951.1 1866601
37706 10.024 LR999951.1 1940992
37823 11.135 LR999951.1 2745150
37830 11.135 LR999951.1 2755777
37826 11.135 LR999951.1 2755573
37829 11.135 LR999951.1 2755774
37800 11.135 LR999951.1 2648685
37794 11.135 LR999951.1 2648560
37792 11.135 LR999951.1 2648541
37831 11.135 LR999951.1 2755832
37802 11.135 LR999951.1 2648691
37827 11.135 LR999951.1 2755591
37842 12.246 LR999951.1 2807140
37843 12.246 LR999951.1 2807490
37801 12.246 LR999951.1 2648686
37804 12.246 LR999951.1 2648703
37808 13.358 LR999951.1 2648750
37810 13.358 LR999951.1 2648794
37807 13.358 LR999951.1 2648728
37809 13.358 LR999951.1 2648754
37885 17.814 LR999951.1 3330955
37907 17.814 LR999951.1 3331271
37897 17.814 LR999951.1 3331155
37894 17.814 LR999951.1 3331039
37895 17.814 LR999951.1 3331040
37893 17.814 LR999951.1 3331011
37896 17.814 LR999951.1 3331059
37884 17.814 LR999951.1 3330950
37940 18.925 LR999951.1 3593513
38012 18.925 LR999951.1 4148049
37994 18.925 LR999951.1 4147493
38007 18.925 LR999951.1 4147980
37993 18.925 LR999951.1 4147476
37964 18.925 LR999951.1 3908465
38006 18.925 LR999951.1 4147971
37955 18.925 LR999951.1 3908269
37992 18.925 LR999951.1 4147456
37962 18.925 LR999951.1 3908460
37963 18.925 LR999951.1 3908463
38013 18.925 LR999951.1 4148086
37988 18.925 LR999951.1 4147155
37965 18.925 LR999951.1 3908474
38008 18.925 LR999951.1 4147989
38000 20.036 LR999951.1 4147590
37996 20.036 LR999951.1 4147533
38067 22.26 LR999951.1 4518190
38064 22.26 LR999951.1 4518153
38068 22.26 LR999951.1 4653555
38066 22.26 LR999951.1 4518165
38061 22.26 LR999951.1 4392270
38065 22.26 LR999951.1 4518155
38069 23.371 LR999951.1 4687269
38091 24.483 LR999951.1 4731582
38095 24.483 LR999951.1 4731649
38094 24.483 LR999951.1 4731631
38093 24.483 LR999951.1 4731621
38612 25.594 LR999951.1 9036413
38138 26.705 LR999951.1 5112379
38124 26.705 LR999951.1 5002202
38125 26.705 LR999951.1 5002207
