23239 0 LR999939.1 232319
23231 0 LR999939.1 230663
23230 0 LR999939.1 230633
23232 0 LR999939.1 230703
25190 3.338 LR999941.1 3826832
25188 3.338 LR999941.1 3826691
23326 3.338 LR999939.1 1286229
25186 3.338 LR999941.1 3826632
23336 4.449 LR999939.1 1539173
23357 4.449 LR999939.1 1690543
23329 5.56 LR999939.1 1486190
23330 5.56 LR999939.1 1486245
23407 7.784 LR999939.1 2092122
23408 7.784 LR999939.1 2092124
23398 7.784 LR999939.1 2014600
23409 7.784 LR999939.1 2092207
23423 10.008 LR999939.1 2285402
23562 11.119 LR999939.1 3138800
23551 11.119 LR999939.1 3138485
23538 11.119 LR999939.1 3103715
23537 11.119 LR999939.1 3103690
23512 11.119 LR999939.1 2981429
23557 11.119 LR999939.1 3138567
23550 11.119 LR999939.1 3138468
23556 11.119 LR999939.1 3138561
23559 11.119 LR999939.1 3138628
23558 11.119 LR999939.1 3138568
23510 11.119 LR999939.1 2981186
23477 11.119 LR999939.1 2872204
23539 11.119 LR999939.1 3103716
23533 11.119 LR999939.1 3103643
23511 11.119 LR999939.1 2981378
23508 11.119 LR999939.1 2981138
23541 11.119 LR999939.1 3103735
30107 20.103 LR999944.1 9502635
23697 21.215 LR999939.1 4736458
23696 21.215 LR999939.1 4736262
23694 21.215 LR999939.1 4736249
23756 22.326 LR999939.1 5349526
23744 22.326 LR999939.1 5314172
23773 22.326 LR999939.1 5355418
23771 22.326 LR999939.1 5355386
23770 22.326 LR999939.1 5355376
23743 22.326 LR999939.1 5290945
23740 22.326 LR999939.1 5194548
23772 22.326 LR999939.1 5355393
23777 22.326 LR999939.1 5355453
23776 22.326 LR999939.1 5355449
23739 22.326 LR999939.1 5194509
23768 22.326 LR999939.1 5355363
23738 22.326 LR999939.1 5194455
23775 22.326 LR999939.1 5355442
23757 22.326 LR999939.1 5349539
23790 23.437 LR999939.1 5500023
23792 23.437 LR999939.1 5516891
23815 23.437 LR999939.1 5661086
23791 23.437 LR999939.1 5500067
23914 25.661 LR999939.1 6384827
23846 25.661 LR999939.1 5931514
23892 25.661 LR999939.1 6217213
23844 25.661 LR999939.1 5931429
23834 25.661 LR999939.1 5892877
23888 25.661 LR999939.1 6195723
23913 25.661 LR999939.1 6384735
23894 25.661 LR999939.1 6217223
23886 25.661 LR999939.1 6195649
23852 26.772 LR999939.1 5973219
23942 27.884 LR999939.1 6869284
23935 27.884 LR999939.1 6774409
23943 27.884 LR999939.1 6869439
23944 27.884 LR999939.1 6869458
23933 27.884 LR999939.1 6774318
23928 27.884 LR999939.1 6741727
23971 28.995 LR999939.1 7408485
23988 30.106 LR999939.1 7776147
23985 30.106 LR999939.1 7776049
23987 30.106 LR999939.1 7776145
23979 30.106 LR999939.1 7775832
23986 30.106 LR999939.1 7776065
24047 34.562 LR999939.1 8370321
24102 34.562 LR999939.1 8806865
24075 34.562 LR999939.1 8470745
24164 34.562 LR999939.1 9271473
24103 34.562 LR999939.1 8806875
24077 34.562 LR999939.1 8470751
24046 34.562 LR999939.1 8370303
24043 34.562 LR999939.1 8325156
24080 34.562 LR999939.1 8470921
24078 34.562 LR999939.1 8470769
24070 34.562 LR999939.1 8428299
24057 34.562 LR999939.1 8426504
24068 34.562 LR999939.1 8428273
24052 34.562 LR999939.1 8404140
24066 34.562 LR999939.1 8428198
24076 34.562 LR999939.1 8470747
24098 35.674 LR999939.1 8641981
24105 35.674 LR999939.1 8806941
24198 36.785 LR999939.1 9272092
24199 36.785 LR999939.1 9272094
24242 37.896 LR999939.1 9892847
24243 37.896 LR999939.1 9892861
24244 37.896 LR999939.1 9892871
24175 37.896 LR999939.1 9271744
24246 37.896 LR999939.1 9892880
24247 37.896 LR999939.1 9892956
24241 37.896 LR999939.1 9892845
24254 37.896 LR999939.1 9893070
24176 37.896 LR999939.1 9271753
24213 37.896 LR999939.1 9706122
24271 37.896 LR999939.1 10034573
24214 37.896 LR999939.1 9706174
24168 37.896 LR999939.1 9271512
24171 37.896 LR999939.1 9271534
24249 37.896 LR999939.1 9892985
24170 37.896 LR999939.1 9271517
24215 37.896 LR999939.1 9706320
24219 37.896 LR999939.1 9795258
24294 39.008 LR999939.1 10144948
24277 39.008 LR999939.1 10044386
24305 39.008 LR999939.1 10217327
24278 39.008 LR999939.1 10044395
24308 40.119 LR999939.1 10437396
24340 40.119 LR999939.1 10838395
24333 40.119 LR999939.1 10834929
24309 40.119 LR999939.1 10437402
24330 40.119 LR999939.1 10834869
24334 40.119 LR999939.1 10835168
24342 40.119 LR999939.1 10838417
24458 42.343 LR999939.1 11563194
24420 42.343 LR999939.1 11354723
24457 42.343 LR999939.1 11563188
24358 42.343 LR999939.1 10975371
24467 42.343 LR999939.1 11563446
24429 42.343 LR999939.1 11408376
24466 42.343 LR999939.1 11563423
24360 42.343 LR999939.1 10975377
24426 42.343 LR999939.1 11354774
24423 42.343 LR999939.1 11354761
24361 42.343 LR999939.1 10975413
24434 42.343 LR999939.1 11420290
24428 42.343 LR999939.1 11408351
24496 42.343 LR999939.1 11864455
24463 42.343 LR999939.1 11563363
24359 42.343 LR999939.1 10975374
24378 42.343 LR999939.1 11230020
24781 43.454 LR999939.1 13722345
24776 43.454 LR999939.1 13722126
24422 43.454 LR999939.1 11354727
24778 43.454 LR999939.1 13722158
24779 43.454 LR999939.1 13722162
24780 43.454 LR999939.1 13722337
24777 43.454 LR999939.1 13722152
24695 45.678 LR999939.1 13019444
24689 46.789 LR999939.1 13013026
24584 46.789 LR999939.1 12210627
24595 46.789 LR999939.1 12279360
24633 46.789 LR999939.1 12763256
24618 46.789 LR999939.1 12571333
24690 46.789 LR999939.1 13013077
24706 46.789 LR999939.1 13208438
24581 46.789 LR999939.1 12210583
24738 46.789 LR999939.1 13551768
24688 46.789 LR999939.1 13013014
24741 46.789 LR999939.1 13552050
24739 46.789 LR999939.1 13551772
24698 47.9 LR999939.1 13128080
24697 49.011 LR999939.1 13036385
