39346 32.327 LR999952.1 7993782
39340 32.327 LR999952.1 7993750
39342 32.327 LR999952.1 7993769
39344 32.327 LR999952.1 7993779
39341 32.327 LR999952.1 7993768
39350 32.327 LR999952.1 7993833
39352 32.327 LR999952.1 7994030
39347 32.327 LR999952.1 7993811
39345 32.327 LR999952.1 7993781
39293 31.216 LR999952.1 7243897
39304 31.216 LR999952.1 7289570
39295 31.216 LR999952.1 7243949
39294 31.216 LR999952.1 7243908
8137 28.992 LR999929.1 9575896
39166 27.881 LR999952.1 5279625
39167 27.881 LR999952.1 5297151
39112 26.769 LR999952.1 4893500
39129 26.769 LR999952.1 4893666
39109 26.769 LR999952.1 4893485
39179 26.769 LR999952.1 5297394
39124 26.769 LR999952.1 4893605
39178 26.769 LR999952.1 5297390
39181 26.769 LR999952.1 5297414
39114 26.769 LR999952.1 4893504
39177 26.769 LR999952.1 5297388
39111 26.769 LR999952.1 4893488
39123 26.769 LR999952.1 4893599
39113 26.769 LR999952.1 4893502
39125 26.769 LR999952.1 4893615
39127 26.769 LR999952.1 4893631
39106 25.658 LR999952.1 4807226
39061 25.658 LR999952.1 4361288
1923 25.658 LR999926.1 1260375
39072 25.658 LR999952.1 4538440
39066 24.547 LR999952.1 4361325
39016 23.436 LR999952.1 3777307
39011 23.436 LR999952.1 3777236
39018 23.436 LR999952.1 3777314
39017 23.436 LR999952.1 3777310
39027 23.436 LR999952.1 3796253
39028 23.436 LR999952.1 3796276
39020 23.436 LR999952.1 3777361
39021 23.436 LR999952.1 3777397
39038 23.436 LR999952.1 3868939
39037 23.436 LR999952.1 3868928
39031 23.436 LR999952.1 3810509
38988 21.212 LR999952.1 3603472
38991 21.212 LR999952.1 3603485
38996 21.212 LR999952.1 3603664
38993 21.212 LR999952.1 3603560
38981 20.101 LR999952.1 3509974
38971 18.989 LR999952.1 3394274
38970 18.989 LR999952.1 3394222
38735 10.005 LR999952.1 1294468
38844 7.781 LR999952.1 2190063
38850 7.781 LR999952.1 2349065
38838 7.781 LR999952.1 2189960
38840 7.781 LR999952.1 2189976
38842 7.781 LR999952.1 2189983
38841 6.67 LR999952.1 2189981
38843 6.67 LR999952.1 2190015
38731 4.446 LR999952.1 1282879
38738 4.446 LR999952.1 1294575
38737 4.446 LR999952.1 1294568
38739 4.446 LR999952.1 1294845
38732 3.335 LR999952.1 1282916
38733 3.335 LR999952.1 1282938
38725 2.224 LR999952.1 1115101
38667 0 LR999952.1 361269
