37493 46.693 LR999950.1 9854118
37474 46.693 LR999950.1 9515971
37493 46.693 LR999950.1 9854118
37323 46.693 LR999950.1 8195460
37473 46.693 LR999950.1 9515956
37486 46.693 LR999950.1 9828196
37453 46.693 LR999950.1 9290446
37385 45.582 LR999950.1 8707868
37440 45.582 LR999950.1 9205102
37353 45.582 LR999950.1 8604654
37446 45.582 LR999950.1 9228041
37379 45.582 LR999950.1 8707814
37401 45.582 LR999950.1 8977625
37386 45.582 LR999950.1 8708099
37441 45.582 LR999950.1 9205403
37456 44.47 LR999950.1 9290461
37455 44.47 LR999950.1 9290454
37406 44.47 LR999950.1 8977693
37457 44.47 LR999950.1 9290472
37454 44.47 LR999950.1 9290452
37422 44.47 LR999950.1 9027073
37408 44.47 LR999950.1 8977723
37405 44.47 LR999950.1 8977692
37407 44.47 LR999950.1 8977704
37423 43.359 LR999950.1 9027097
37314 40.021 LR999950.1 7881371
37305 40.021 LR999950.1 7881289
37238 37.797 LR999950.1 7368288
37242 37.797 LR999950.1 7368303
37276 37.797 LR999950.1 7462827
37239 37.797 LR999950.1 7368290
37256 37.797 LR999950.1 7401608
37250 37.797 LR999950.1 7368322
37248 37.797 LR999950.1 7368315
37230 37.797 LR999950.1 7368244
37215 36.686 LR999950.1 7142095
37224 36.686 LR999950.1 7250149
37225 36.686 LR999950.1 7250189
37217 35.575 LR999950.1 7142098
37214 35.575 LR999950.1 7142093
40975 33.351 LR999940.1 6345787
37122 32.24 LR999950.1 6913299
37120 32.24 LR999950.1 6913248
37074 28.901 LR999950.1 6433653
37065 27.79 LR999950.1 6432630
37063 27.79 LR999950.1 6432578
37064 27.79 LR999950.1 6432599
37054 27.79 LR999950.1 6345378
37049 27.79 LR999950.1 6345243
37072 27.79 LR999950.1 6433645
37060 27.79 LR999950.1 6432530
37050 27.79 LR999950.1 6345303
37061 27.79 LR999950.1 6432539
37066 27.79 LR999950.1 6432635
36978 25.566 LR999950.1 5563261
36959 25.566 LR999950.1 5536489
36972 25.566 LR999950.1 5536818
36958 25.566 LR999950.1 5536464
36927 24.455 LR999950.1 5258500
36901 24.455 LR999950.1 4894594
36899 24.455 LR999950.1 4894567
36896 24.455 LR999950.1 4894357
40845 24.455 LR999940.1 815713
36925 24.455 LR999950.1 5258384
36900 24.455 LR999950.1 4894592
40856 24.455 LR999940.1 815795
40853 23.344 LR999940.1 815757
40842 23.344 LR999940.1 815696
40848 23.344 LR999940.1 815733
36836 23.344 LR999950.1 4654463
36831 23.344 LR999950.1 4654165
36842 23.344 LR999950.1 4654548
36833 23.344 LR999950.1 4654213
40832 23.344 LR999940.1 815559
40836 23.344 LR999940.1 815589
40838 23.344 LR999940.1 815630
40843 23.344 LR999940.1 815710
40834 23.344 LR999940.1 815583
40855 23.344 LR999940.1 815792
40850 23.344 LR999940.1 815744
40831 23.344 LR999940.1 815558
36834 23.344 LR999950.1 4654221
40839 23.344 LR999940.1 815658
40841 23.344 LR999940.1 815692
40846 23.344 LR999940.1 815721
40847 23.344 LR999940.1 815723
40852 23.344 LR999940.1 815747
36825 22.232 LR999950.1 4536611
36773 20.009 LR999950.1 4234718
36787 20.009 LR999950.1 4234981
36774 20.009 LR999950.1 4234724
36780 20.009 LR999950.1 4234771
36772 20.009 LR999950.1 4234700
36753 20.009 LR999950.1 3859885
36782 20.009 LR999950.1 4234953
36781 20.009 LR999950.1 4234774
36786 20.009 LR999950.1 4234979
36797 20.009 LR999950.1 4339029
36778 20.009 LR999950.1 4234734
36726 20.009 LR999950.1 3837349
36776 20.009 LR999950.1 4234730
36770 20.009 LR999950.1 4234692
36722 20.009 LR999950.1 3837272
36719 18.897 LR999950.1 3837093
36504 16.674 LR999950.1 2393793
36616 14.45 LR999950.1 3185527
36717 14.45 LR999950.1 3837069
36711 13.339 LR999950.1 3765981
36680 13.339 LR999950.1 3641244
36712 13.339 LR999950.1 3765982
36705 13.339 LR999950.1 3754748
36706 13.339 LR999950.1 3754752
36659 12.227 LR999950.1 3523185
36674 12.227 LR999950.1 3591628
36673 12.227 LR999950.1 3591601
36657 12.227 LR999950.1 3523163
36542 10.004 LR999950.1 2814071
36647 10.004 LR999950.1 3365281
36543 10.004 LR999950.1 2814094
36556 10.004 LR999950.1 2887943
36563 10.004 LR999950.1 2888156
36634 10.004 LR999950.1 3315255
36559 10.004 LR999950.1 2888027
36577 10.004 LR999950.1 2888333
36557 10.004 LR999950.1 2887955
36578 10.004 LR999950.1 2888336
36573 10.004 LR999950.1 2888301
36450 7.78 LR999950.1 2128795
36449 7.78 LR999950.1 2128653
36496 5.556 LR999950.1 2360979
36492 5.556 LR999950.1 2360924
36462 5.556 LR999950.1 2193206
36463 5.556 LR999950.1 2193216
36497 5.556 LR999950.1 2361268
36499 5.556 LR999950.1 2393721
36409 4.445 LR999950.1 1970913
36414 4.445 LR999950.1 1971080
36630 4.445 LR999950.1 3266816
36412 4.445 LR999950.1 1970978
36390 3.334 LR999950.1 1579490
36389 3.334 LR999950.1 1579489
36311 3.334 LR999950.1 206344
36387 3.334 LR999950.1 1579377
36374 2.223 LR999950.1 1288842
36350 1.111 LR999950.1 439007
36347 1.111 LR999950.1 438973
36358 1.111 LR999950.1 494819
36351 1.111 LR999950.1 439023
36327 1.111 LR999950.1 216108
36348 1.111 LR999950.1 438993
36352 1.111 LR999950.1 439070
36310 0 LR999950.1 206343
