30426 50.116 LR999944.1 12263039
30425 50.116 LR999944.1 12262997
30434 50.116 LR999944.1 12408344
30459 50.116 LR999944.1 12605219
30455 50.116 LR999944.1 12605045
30451 50.116 LR999944.1 12604969
30452 50.116 LR999944.1 12604990
30456 50.116 LR999944.1 12605053
30463 50.116 LR999944.1 12605291
30453 50.116 LR999944.1 12604998
30458 50.116 LR999944.1 12605191
30436 49.005 LR999944.1 12408352
30438 49.005 LR999944.1 12408359
30404 47.893 LR999944.1 11952456
30349 45.67 LR999944.1 11401866
30366 45.67 LR999944.1 11502580
30354 45.67 LR999944.1 11401905
30308 43.446 LR999944.1 10985720
30306 43.446 LR999944.1 10985657
30309 43.446 LR999944.1 10985753
30216 40.108 LR999944.1 10054808
30218 40.108 LR999944.1 10054932
30217 40.108 LR999944.1 10054810
30179 38.996 LR999944.1 9873366
30186 38.996 LR999944.1 9935607
30173 38.996 LR999944.1 9788720
30177 38.996 LR999944.1 9872987
30170 38.996 LR999944.1 9788658
30174 38.996 LR999944.1 9788763
30176 38.996 LR999944.1 9788818
30161 38.996 LR999944.1 9783380
30178 38.996 LR999944.1 9873310
30171 38.996 LR999944.1 9788665
30172 38.996 LR999944.1 9788705
30137 38.996 LR999944.1 9783257
30150 38.996 LR999944.1 9783334
30185 38.996 LR999944.1 9935429
30175 38.996 LR999944.1 9788777
30155 38.996 LR999944.1 9783345
30151 38.996 LR999944.1 9783337
30013 34.54 LR999944.1 9135423
30009 34.54 LR999944.1 9135401
29982 34.54 LR999944.1 8925607
30011 34.54 LR999944.1 9135405
29983 34.54 LR999944.1 8925744
29989 34.54 LR999944.1 8983271
30010 33.429 LR999944.1 9135404
30045 33.429 LR999944.1 9144145
30037 33.429 LR999944.1 9144085
29998 33.429 LR999944.1 8983507
30039 33.429 LR999944.1 9144097
30047 33.429 LR999944.1 9144171
30012 33.429 LR999944.1 9135420
30046 33.429 LR999944.1 9144149
29947 31.205 LR999944.1 8407539
29916 25.627 LR999944.1 8335571
29875 24.515 LR999944.1 8120157
29893 24.515 LR999944.1 8122330
29810 23.404 LR999944.1 7667667
29813 23.404 LR999944.1 7667687
29756 23.404 LR999944.1 7395433
29747 23.404 LR999944.1 7322867
29818 23.404 LR999944.1 7667722
29758 23.404 LR999944.1 7395477
29780 23.404 LR999944.1 7538002
29808 23.404 LR999944.1 7667654
29742 23.404 LR999944.1 7322642
29814 23.404 LR999944.1 7667704
29853 23.404 LR999944.1 7921163
29740 23.404 LR999944.1 7322615
29807 23.404 LR999944.1 7667490
29746 23.404 LR999944.1 7322865
29748 23.404 LR999944.1 7322875
38045 23.404 LR999951.1 4391939
29811 23.404 LR999944.1 7667677
29817 23.404 LR999944.1 7667717
29783 23.404 LR999944.1 7538011
29786 23.404 LR999944.1 7538038
29851 23.404 LR999944.1 7894153
38042 23.404 LR999951.1 4319390
29749 23.404 LR999944.1 7322962
29852 23.404 LR999944.1 7894162
29743 23.404 LR999944.1 7322665
29788 23.404 LR999944.1 7538049
29777 23.404 LR999944.1 7537991
29861 23.404 LR999944.1 7943952
29741 23.404 LR999944.1 7322635
29816 23.404 LR999944.1 7667715
38037 23.404 LR999951.1 4319352
29738 23.404 LR999944.1 7322601
29787 23.404 LR999944.1 7538048
29855 23.404 LR999944.1 7921451
29673 21.18 LR999944.1 6892701
29621 20.069 LR999944.1 5894624
29620 20.069 LR999944.1 5894520
29604 20.069 LR999944.1 5867011
29593 18.958 LR999944.1 5804297
29592 18.958 LR999944.1 5666198
29576 17.847 LR999944.1 5522477
29583 17.847 LR999944.1 5522730
29584 17.847 LR999944.1 5522731
29578 17.847 LR999944.1 5522516
29581 17.847 LR999944.1 5522706
29585 17.847 LR999944.1 5522813
29577 17.847 LR999944.1 5522504
29579 17.847 LR999944.1 5522527
29484 15.623 LR999944.1 3919188
29516 15.623 LR999944.1 4436680
29437 14.512 LR999944.1 3477581
29359 12.288 LR999944.1 2793456
29458 12.288 LR999944.1 3477923
29355 12.288 LR999944.1 2793382
29450 12.288 LR999944.1 3477886
29459 12.288 LR999944.1 3649603
29357 12.288 LR999944.1 2793453
29405 11.177 LR999944.1 3228012
29403 11.177 LR999944.1 3227985
29395 11.177 LR999944.1 3227959
29393 11.177 LR999944.1 3227954
29334 11.177 LR999944.1 2424874
29333 11.177 LR999944.1 2424836
29330 11.177 LR999944.1 2424800
29351 8.953 LR999944.1 2760073
29269 1.111 LR999944.1 362042
29257 1.111 LR999944.1 281045
29299 1.111 LR999944.1 1181236
29298 1.111 LR999944.1 1181227
29267 1.111 LR999944.1 362004
29301 1.111 LR999944.1 1181307
29255 1.111 LR999944.1 280813
29268 1.111 LR999944.1 362033
29252 1.111 LR999944.1 280790
29253 1.111 LR999944.1 280793
29254 0 LR999944.1 280812
29256 0 LR999944.1 280820
29300 0 LR999944.1 1181238
