#*** LG = 0 likelihood = -1761.0652
#marker_number	male_position	female_position	( 0.0 )[	phased data]
23092 0.000 LR999938.1	12886630 ( 0 ) 111001001100010101100100000001111001100110011100011110110000111101100101010011110100000000000000000000000000000000000000000000000000000000000000000000000000000000000000000000000000 0 0
23132 0.000 LR999938.1	13477369 ( 0 ) 111001001100010101100100000001111001100110011100011110110000111101100101010011110100000000000000000000000000000000000000000000000000000000000000000000000000000000000000000000000000 0 0
23083 0.000 LR999938.1	12886378 ( 0 ) 111001001100010101100100000001111001100110011100011110110000111101100101010011110100000000000000000000000000000000000000000000000000000000000000000000000000000000000000000000000000 0 0
23134 0.000 LR999938.1	13477384 ( 0 ) 111001001100010101100100000001111001100110011100011110110000111101100101010011110100000000000000000000000000000000000000000000000000000000000000000000000000000000000000000000000000 0 0
23138 0.000 LR999938.1	13477566 ( 0 ) 111001001100010101100100000001111001100110011100011110110000111101100101010011110100000000000000000000000000000000000000000000000000000000000000000000000000000000000000000000000000 0 0
23044 0.000 LR999938.1	12487646 ( 0 ) 111001001100010101100100000001111001100110011100011110110000111101100101010011110100000000000000000000000000000000000000000000000000000000000000000000000000000000000000000000000000 0 0
23142 0.000 LR999938.1	13509126 ( 0 ) 111001001100010101100100000001111001100110011100011110110000111101100101010011110100000000000000000000000000000000000000000000000000000000000000000000000000000000000000000000000000 0 0
23091 0.000 LR999938.1	12886589 ( 0 ) 111001001100010101100100000001111001100110011100011110110000111101100101010011110100000000000000000000000000000000000000000000000000000000000000000000000000000000000000000000000000 0 0
23062 0.000 LR999938.1	12693053 ( 0 ) 111001001100010101100100000001111001100110011100011110110000111101100101010011110100000000000000000000000000000000000000000000000000000000000000000000000000000000000000000000000000 0 0
23146 0.000 LR999938.1	13509404 ( 0 ) 111001001100010101100100000001111001100110011100011110110000111101100101010011110100000000000000000000000000000000000000000000000000000000000000000000000000000000000000000000000000 0 0
23110 0.000 LR999938.1	12987855 ( 0 ) 111001001100010101100100000001111001100110011100011110110000111101100101010011110100000000000000000000000000000000000000000000000000000000000000000000000000000000000000000000000000 0 0
23135 0.000 LR999938.1	13477424 ( 0 ) 111001001100010101100100000001111001100110011100011110110000111101100101010011110100000000000000000000000000000000000000000000000000000000000000000000000000000000000000000000000000 0 0
23051 0.000 LR999938.1	12692735 ( 0 ) 111001001100010101100100000001111001100110011100011110110000111101100101010011110100000000000000000000000000000000000000000000000000000000000000000000000000000000000000000000000000 0 0
23059 0.000 LR999938.1	12692982 ( 0 ) 111001001100010101100100000001111001100110011100011110110000111101100101010011110100000000000000000000000000000000000000000000000000000000000000000000000000000000000000000000000000 0 0
23137 0.000 LR999938.1	13477518 ( 0 ) 111001001100010101100100000001111001100110011100011110110000111101100101010011110100000000000000000000000000000000000000000000000000000000000000000000000000000000000000000000000000 0 0
23058 0.000 LR999938.1	12692780 ( 0 ) 111001001100010101100100000001111001100110011100011110110000111101100101010011110100000000000000000000000000000000000000000000000000000000000000000000000000000000000000000000000000 0 0
23102 0.000 LR999938.1	12974201 ( 0 ) 111001001100010101100100000001111001100110011100011110110000111101100101010011110100000000000000000000000000000000000000000000000000000000000000000000000000000000000000000000000000 0 0
23063 0.000 LR999938.1	12693062 ( 0 ) 111001001100010101100100000001111001100110011100011110110000111101100101010011110100000000000000000000000000000000000000000000000000000000000000000000000000000000000000000000000000 0 0
23148 0.000 LR999938.1	13509428 ( 0 ) 111001001100010101100100000001111001100110011100011110110000111101100101010011110100000000000000000000000000000000000000000000000000000000000000000000000000000000000000000000000000 0 0
23100 0.000 LR999938.1	12974099 ( 0 ) 111001001100010101100100000001111001100110011100011110110000111101100101010011110100000000000000000000000000000000000000000000000000000000000000000000000000000000000000000000000000 0 0
23141 0.000 LR999938.1	13477583 ( 0 ) 111001001100010101100100000001111001100110011100011110110000111101100101010011110100000000000000000000000000000000000000000000000000000000000000000000000000000000000000000000000000 0 0
23109 1.111 LR999938.1	12987844 ( 0 ) 111001001100010101100100000001111001100110011100011110110000111101100101010011010100000000000000000000000000000000000000000000000000000000000000000000000000000000000000000000000000 1 0
23076 1.111 LR999938.1	12776138 ( 0 ) 111001001100010101100100000001111001100110011100011110110000111101100101010011010100000000000000000000000000000000000000000000000000000000000000000000000000000000000000000000000000 0 0
22578 2.223 LR999938.1	9196129 ( 0 ) 111001001100010101100100000001111001100110010100011110110000111101100101010011010100000000000000000000000000000000000000000000000000000000000000000000000000000000000000000000000000 1 0
23035 2.223 LR999938.1	12341748 ( 0 ) 111001001100010101100100000001111001100110010100011110110000111101100101010011010100000000000000000000000000000000000000000000000000000000000000000000000000000000000000000000000000 0 0
22581 2.223 LR999938.1	9196159 ( 0 ) 111001001100010101100100000001111001100110010100011110110000111101100101010011010100000000000000000000000000000000000000000000000000000000000000000000000000000000000000000000000000 0 0
23025 3.334 LR999938.1	12092945 ( 0 ) 111001001100010101100100000001111001100110010100001110110000111101100101010011010100000000000000000000000000000000000000000000000000000000000000000000000000000000000000000000000000 1 0
23024 3.334 LR999938.1	12092925 ( 0 ) 111001001100010101100100000001111001100110010100001110110000111101100101010011010100000000000000000000000000000000000000000000000000000000000000000000000000000000000000000000000000 0 0
23019 3.334 LR999938.1	12092759 ( 0 ) 111001001100010101100100000001111001100110010100001110110000111101100101010011010100000000000000000000000000000000000000000000000000000000000000000000000000000000000000000000000000 0 0
23021 3.334 LR999938.1	12092881 ( 0 ) 111001001100010101100100000001111001100110010100001110110000111101100101010011010100000000000000000000000000000000000000000000000000000000000000000000000000000000000000000000000000 0 0
23018 3.334 LR999938.1	12092748 ( 0 ) 111001001100010101100100000001111001100110010100001110110000111101100101010011010100000000000000000000000000000000000000000000000000000000000000000000000000000000000000000000000000 0 0
23022 3.334 LR999938.1	12092887 ( 0 ) 111001001100010101100100000001111001100110010100001110110000111101100101010011010100000000000000000000000000000000000000000000000000000000000000000000000000000000000000000000000000 0 0
23023 3.334 LR999938.1	12092906 ( 0 ) 111001001100010101100100000001111001100110010100001110110000111101100101010011010100000000000000000000000000000000000000000000000000000000000000000000000000000000000000000000000000 0 0
22775 5.558 LR999938.1	10352307 ( 0 ) 111001001100010101100100000011111001100110010100001110110000111101100101010011010100000100000000000000000000000000000000000000000000000000000000000000000000000000000000000000000000 2 0
22774 5.558 LR999938.1	10352305 ( 0 ) 111001001100010101100100000011111001100110010100001110110000111101100101010011010100000100000000000000000000000000000000000000000000000000000000000000000000000000000000000000000000 0 0
22777 5.558 LR999938.1	10352430 ( 0 ) 111001001100010101100100000011111001100110010100001110110000111101100101010011010100000100000000000000000000000000000000000000000000000000000000000000000000000000000000000000000000 0 0
22776 5.558 LR999938.1	10352319 ( 0 ) 111001001100010101100100000011111001100110010100001110110000111101100101010011010100000100000000000000000000000000000000000000000000000000000000000000000000000000000000000000000000 0 0
22812 6.669 LR999938.1	10478265 ( 0 ) 111001001100010101100100000011111001100110010100001110110000111101100101010011010100001100000000000000000000000000000000000000000000000000000000000000000000000000000000000000000000 1 0
23000 6.669 LR999938.1	12083049 ( 0 ) 111001001100010101100100000011111001100110010100001110110000111101100101010011010100001100000000000000000000000000000000000000000000000000000000000000000000000000000000000000000000 0 0
22758 6.669 LR999938.1	10240843 ( 0 ) 111001001100010101100100000011111001100110010100001110110000111101100101010011010100001100000000000000000000000000000000000000000000000000000000000000000000000000000000000000000000 0 0
22827 6.669 LR999938.1	10555718 ( 0 ) 111001001100010101100100000011111001100110010100001110110000111101100101010011010100001100000000000000000000000000000000000000000000000000000000000000000000000000000000000000000000 0 0
22922 6.669 LR999938.1	11558222 ( 0 ) 111001001100010101100100000011111001100110010100001110110000111101100101010011010100001100000000000000000000000000000000000000000000000000000000000000000000000000000000000000000000 0 0
22734 6.669 LR999938.1	10103759 ( 0 ) 111001001100010101100100000011111001100110010100001110110000111101100101010011010100001100000000000000000000000000000000000000000000000000000000000000000000000000000000000000000000 0 0
22736 6.669 LR999938.1	10103815 ( 0 ) 111001001100010101100100000011111001100110010100001110110000111101100101010011010100001100000000000000000000000000000000000000000000000000000000000000000000000000000000000000000000 0 0
22735 6.669 LR999938.1	10103780 ( 0 ) 111001001100010101100100000011111001100110010100001110110000111101100101010011010100001100000000000000000000000000000000000000000000000000000000000000000000000000000000000000000000 0 0
22962 6.669 LR999938.1	11670537 ( 0 ) 111001001100010101100100000011111001100110010100001110110000111101100101010011010100001100000000000000000000000000000000000000000000000000000000000000000000000000000000000000000000 0 0
22822 6.669 LR999938.1	10520443 ( 0 ) 111001001100010101100100000011111001100110010100001110110000111101100101010011010100001100000000000000000000000000000000000000000000000000000000000000000000000000000000000000000000 0 0
22848 6.669 LR999938.1	10666240 ( 0 ) 111001001100010101100100000011111001100110010100001110110000111101100101010011010100001100000000000000000000000000000000000000000000000000000000000000000000000000000000000000000000 0 0
22755 6.669 LR999938.1	10240832 ( 0 ) 111001001100010101100100000011111001100110010100001110110000111101100101010011010100001100000000000000000000000000000000000000000000000000000000000000000000000000000000000000000000 0 0
22918 6.669 LR999938.1	11558175 ( 0 ) 111001001100010101100100000011111001100110010100001110110000111101100101010011010100001100000000000000000000000000000000000000000000000000000000000000000000000000000000000000000000 0 0
22753 6.669 LR999938.1	10240829 ( 0 ) 111001001100010101100100000011111001100110010100001110110000111101100101010011010100001100000000000000000000000000000000000000000000000000000000000000000000000000000000000000000000 0 0
22881 6.669 LR999938.1	10685955 ( 0 ) 111001001100010101100100000011111001100110010100001110110000111101100101010011010100001100000000000000000000000000000000000000000000000000000000000000000000000000000000000000000000 0 0
22831 6.669 LR999938.1	10555901 ( 0 ) 111001001100010101100100000011111001100110010100001110110000111101100101010011010100001100000000000000000000000000000000000000000000000000000000000000000000000000000000000000000000 0 0
22845 6.669 LR999938.1	10666225 ( 0 ) 111001001100010101100100000011111001100110010100001110110000111101100101010011010100001100000000000000000000000000000000000000000000000000000000000000000000000000000000000000000000 0 0
22847 6.669 LR999938.1	10666239 ( 0 ) 111001001100010101100100000011111001100110010100001110110000111101100101010011010100001100000000000000000000000000000000000000000000000000000000000000000000000000000000000000000000 0 0
22737 6.669 LR999938.1	10103948 ( 0 ) 111001001100010101100100000011111001100110010100001110110000111101100101010011010100001100000000000000000000000000000000000000000000000000000000000000000000000000000000000000000000 0 0
22882 6.669 LR999938.1	10685967 ( 0 ) 111001001100010101100100000011111001100110010100001110110000111101100101010011010100001100000000000000000000000000000000000000000000000000000000000000000000000000000000000000000000 0 0
22754 6.669 LR999938.1	10240830 ( 0 ) 111001001100010101100100000011111001100110010100001110110000111101100101010011010100001100000000000000000000000000000000000000000000000000000000000000000000000000000000000000000000 0 0
22966 6.669 LR999938.1	11670768 ( 0 ) 111001001100010101100100000011111001100110010100001110110000111101100101010011010100001100000000000000000000000000000000000000000000000000000000000000000000000000000000000000000000 0 0
22989 6.669 LR999938.1	11940362 ( 0 ) 111001001100010101100100000011111001100110010100001110110000111101100101010011010100001100000000000000000000000000000000000000000000000000000000000000000000000000000000000000000000 0 0
23001 6.669 LR999938.1	12083054 ( 0 ) 111001001100010101100100000011111001100110010100001110110000111101100101010011010100001100000000000000000000000000000000000000000000000000000000000000000000000000000000000000000000 0 0
22917 6.669 LR999938.1	11558170 ( 0 ) 111001001100010101100100000011111001100110010100001110110000111101100101010011010100001100000000000000000000000000000000000000000000000000000000000000000000000000000000000000000000 0 0
22852 6.669 LR999938.1	10666340 ( 0 ) 111001001100010101100100000011111001100110010100001110110000111101100101010011010100001100000000000000000000000000000000000000000000000000000000000000000000000000000000000000000000 0 0
22965 6.669 LR999938.1	11670682 ( 0 ) 111001001100010101100100000011111001100110010100001110110000111101100101010011010100001100000000000000000000000000000000000000000000000000000000000000000000000000000000000000000000 0 0
22964 6.669 LR999938.1	11670543 ( 0 ) 111001001100010101100100000011111001100110010100001110110000111101100101010011010100001100000000000000000000000000000000000000000000000000000000000000000000000000000000000000000000 0 0
22843 6.669 LR999938.1	10666210 ( 0 ) 111001001100010101100100000011111001100110010100001110110000111101100101010011010100001100000000000000000000000000000000000000000000000000000000000000000000000000000000000000000000 0 0
22853 6.669 LR999938.1	10666376 ( 0 ) 111001001100010101100100000011111001100110010100001110110000111101100101010011010100001100000000000000000000000000000000000000000000000000000000000000000000000000000000000000000000 0 0
22844 6.669 LR999938.1	10666211 ( 0 ) 111001001100010101100100000011111001100110010100001110110000111101100101010011010100001100000000000000000000000000000000000000000000000000000000000000000000000000000000000000000000 0 0
22952 6.669 LR999938.1	11662620 ( 0 ) 111001001100010101100100000011111001100110010100001110110000111101100101010011010100001100000000000000000000000000000000000000000000000000000000000000000000000000000000000000000000 0 0
22846 6.669 LR999938.1	10666236 ( 0 ) 111001001100010101100100000011111001100110010100001110110000111101100101010011010100001100000000000000000000000000000000000000000000000000000000000000000000000000000000000000000000 0 0
22757 6.669 LR999938.1	10240837 ( 0 ) 111001001100010101100100000011111001100110010100001110110000111101100101010011010100001100000000000000000000000000000000000000000000000000000000000000000000000000000000000000000000 0 0
22963 6.669 LR999938.1	11670541 ( 0 ) 111001001100010101100100000011111001100110010100001110110000111101100101010011010100001100000000000000000000000000000000000000000000000000000000000000000000000000000000000000000000 0 0
22851 6.669 LR999938.1	10666319 ( 0 ) 111001001100010101100100000011111001100110010100001110110000111101100101010011010100001100000000000000000000000000000000000000000000000000000000000000000000000000000000000000000000 0 0
23005 6.669 LR999938.1	12083097 ( 0 ) 111001001100010101100100000011111001100110010100001110110000111101100101010011010100001100000000000000000000000000000000000000000000000000000000000000000000000000000000000000000000 0 0
22950 6.669 LR999938.1	11662557 ( 0 ) 111001001100010101100100000011111001100110010100001110110000111101100101010011010100001100000000000000000000000000000000000000000000000000000000000000000000000000000000000000000000 0 0
22716 6.669 LR999938.1	10045593 ( 0 ) 111001001100010101100100000011111001100110010100001110110000111101100101010011010100001100000000000000000000000000000000000000000000000000000000000000000000000000000000000000000000 0 0
22991 6.669 LR999938.1	11940411 ( 0 ) 111001001100010101100100000011111001100110010100001110110000111101100101010011010100001100000000000000000000000000000000000000000000000000000000000000000000000000000000000000000000 0 0
23011 6.669 LR999938.1	12092686 ( 0 ) 111001001100010101100100000011111001100110010100001110110000111101100101010011010100001100000000000000000000000000000000000000000000000000000000000000000000000000000000000000000000 0 0
22824 6.669 LR999938.1	10520445 ( 0 ) 111001001100010101100100000011111001100110010100001110110000111101100101010011010100001100000000000000000000000000000000000000000000000000000000000000000000000000000000000000000000 0 0
22828 6.669 LR999938.1	10555821 ( 0 ) 111001001100010101100100000011111001100110010100001110110000111101100101010011010100001100000000000000000000000000000000000000000000000000000000000000000000000000000000000000000000 0 0
22829 6.669 LR999938.1	10555845 ( 0 ) 111001001100010101100100000011111001100110010100001110110000111101100101010011010100001100000000000000000000000000000000000000000000000000000000000000000000000000000000000000000000 0 0
22920 6.669 LR999938.1	11558196 ( 0 ) 111001001100010101100100000011111001100110010100001110110000111101100101010011010100001100000000000000000000000000000000000000000000000000000000000000000000000000000000000000000000 0 0
22921 6.669 LR999938.1	11558200 ( 0 ) 111001001100010101100100000011111001100110010100001110110000111101100101010011010100001100000000000000000000000000000000000000000000000000000000000000000000000000000000000000000000 0 0
22925 6.669 LR999938.1	11570876 ( 0 ) 111001001100010101100100000011111001100110010100001110110000111101100101010011010100001100000000000000000000000000000000000000000000000000000000000000000000000000000000000000000000 0 0
22838 6.669 LR999938.1	10649271 ( 0 ) 111001001100010101100100000011111001100110010100001110110000111101100101010011010100001100000000000000000000000000000000000000000000000000000000000000000000000000000000000000000000 0 0
22992 6.669 LR999938.1	11940561 ( 0 ) 111001001100010101100100000011111001100110010100001110110000111101100101010011010100001100000000000000000000000000000000000000000000000000000000000000000000000000000000000000000000 0 0
22756 6.669 LR999938.1	10240835 ( 0 ) 111001001100010101100100000011111001100110010100001110110000111101100101010011010100001100000000000000000000000000000000000000000000000000000000000000000000000000000000000000000000 0 0
22849 6.669 LR999938.1	10666275 ( 0 ) 111001001100010101100100000011111001100110010100001110110000111101100101010011010100001100000000000000000000000000000000000000000000000000000000000000000000000000000000000000000000 0 0
22837 6.669 LR999938.1	10649243 ( 0 ) 111001001100010101100100000011111001100110010100001110110000111101100101010011010100001100000000000000000000000000000000000000000000000000000000000000000000000000000000000000000000 0 0
22911 6.669 LR999938.1	11126718 ( 0 ) 111001001100010101100100000011111001100110010100001110110000111101100101010011010100001100000000000000000000000000000000000000000000000000000000000000000000000000000000000000000000 0 0
22877 6.669 LR999938.1	10685823 ( 0 ) 111001001100010101100100000011111001100110010100001110110000111101100101010011010100001100000000000000000000000000000000000000000000000000000000000000000000000000000000000000000000 0 0
22567 7.780 LR999938.1	8933567 ( 0 ) 111001001100010101100100000010111001100110010100001110110000111101100101010011010100001100000000000000000000000000000000000000000000000000000000000000000000000000000000000000000000 1 0
22506 7.780 LR999938.1	8368351 ( 0 ) 111001001100010101100100000010111001100110010100001110110000111101100101010011010100001100000000000000000000000000000000000000000000000000000000000000000000000000000000000000000000 0 0
22666 7.780 LR999938.1	9589400 ( 0 ) 111001001100010101100100000010111001100110010100001110110000111101100101010011010100001100000000000000000000000000000000000000000000000000000000000000000000000000000000000000000000 0 0
22652 7.780 LR999938.1	9484374 ( 0 ) 111001001100010101100100000010111001100110010100001110110000111101100101010011010100001100000000000000000000000000000000000000000000000000000000000000000000000000000000000000000000 0 0
22663 7.780 LR999938.1	9589353 ( 0 ) 111001001100010101100100000010111001100110010100001110110000111101100101010011010100001100000000000000000000000000000000000000000000000000000000000000000000000000000000000000000000 0 0
22680 7.780 LR999938.1	9614224 ( 0 ) 111001001100010101100100000010111001100110010100001110110000111101100101010011010100001100000000000000000000000000000000000000000000000000000000000000000000000000000000000000000000 0 0
22637 7.780 LR999938.1	9483718 ( 0 ) 111001001100010101100100000010111001100110010100001110110000111101100101010011010100001100000000000000000000000000000000000000000000000000000000000000000000000000000000000000000000 0 0
22649 7.780 LR999938.1	9484036 ( 0 ) 111001001100010101100100000010111001100110010100001110110000111101100101010011010100001100000000000000000000000000000000000000000000000000000000000000000000000000000000000000000000 0 0
22515 7.780 LR999938.1	8564581 ( 0 ) 111001001100010101100100000010111001100110010100001110110000111101100101010011010100001100000000000000000000000000000000000000000000000000000000000000000000000000000000000000000000 0 0
22662 7.780 LR999938.1	9589324 ( 0 ) 111001001100010101100100000010111001100110010100001110110000111101100101010011010100001100000000000000000000000000000000000000000000000000000000000000000000000000000000000000000000 0 0
22673 7.780 LR999938.1	9612286 ( 0 ) 111001001100010101100100000010111001100110010100001110110000111101100101010011010100001100000000000000000000000000000000000000000000000000000000000000000000000000000000000000000000 0 0
22560 7.780 LR999938.1	8861850 ( 0 ) 111001001100010101100100000010111001100110010100001110110000111101100101010011010100001100000000000000000000000000000000000000000000000000000000000000000000000000000000000000000000 0 0
22579 7.780 LR999938.1	9196131 ( 0 ) 111001001100010101100100000010111001100110010100001110110000111101100101010011010100001100000000000000000000000000000000000000000000000000000000000000000000000000000000000000000000 0 0
22555 7.780 LR999938.1	8816534 ( 0 ) 111001001100010101100100000010111001100110010100001110110000111101100101010011010100001100000000000000000000000000000000000000000000000000000000000000000000000000000000000000000000 0 0
22650 7.780 LR999938.1	9484073 ( 0 ) 111001001100010101100100000010111001100110010100001110110000111101100101010011010100001100000000000000000000000000000000000000000000000000000000000000000000000000000000000000000000 0 0
22670 7.780 LR999938.1	9612148 ( 0 ) 111001001100010101100100000010111001100110010100001110110000111101100101010011010100001100000000000000000000000000000000000000000000000000000000000000000000000000000000000000000000 0 0
22651 7.780 LR999938.1	9484334 ( 0 ) 111001001100010101100100000010111001100110010100001110110000111101100101010011010100001100000000000000000000000000000000000000000000000000000000000000000000000000000000000000000000 0 0
22551 7.780 LR999938.1	8816490 ( 0 ) 111001001100010101100100000010111001100110010100001110110000111101100101010011010100001100000000000000000000000000000000000000000000000000000000000000000000000000000000000000000000 0 0
22553 7.780 LR999938.1	8816507 ( 0 ) 111001001100010101100100000010111001100110010100001110110000111101100101010011010100001100000000000000000000000000000000000000000000000000000000000000000000000000000000000000000000 0 0
22570 7.780 LR999938.1	9013104 ( 0 ) 111001001100010101100100000010111001100110010100001110110000111101100101010011010100001100000000000000000000000000000000000000000000000000000000000000000000000000000000000000000000 0 0
22685 7.780 LR999938.1	9736292 ( 0 ) 111001001100010101100100000010111001100110010100001110110000111101100101010011010100001100000000000000000000000000000000000000000000000000000000000000000000000000000000000000000000 0 0
22636 7.780 LR999938.1	9483715 ( 0 ) 111001001100010101100100000010111001100110010100001110110000111101100101010011010100001100000000000000000000000000000000000000000000000000000000000000000000000000000000000000000000 0 0
22569 7.780 LR999938.1	8933770 ( 0 ) 111001001100010101100100000010111001100110010100001110110000111101100101010011010100001100000000000000000000000000000000000000000000000000000000000000000000000000000000000000000000 0 0
22514 7.780 LR999938.1	8564531 ( 0 ) 111001001100010101100100000010111001100110010100001110110000111101100101010011010100001100000000000000000000000000000000000000000000000000000000000000000000000000000000000000000000 0 0
22665 7.780 LR999938.1	9589381 ( 0 ) 111001001100010101100100000010111001100110010100001110110000111101100101010011010100001100000000000000000000000000000000000000000000000000000000000000000000000000000000000000000000 0 0
22674 7.780 LR999938.1	9612290 ( 0 ) 111001001100010101100100000010111001100110010100001110110000111101100101010011010100001100000000000000000000000000000000000000000000000000000000000000000000000000000000000000000000 0 0
22539 7.780 LR999938.1	8671981 ( 0 ) 111001001100010101100100000010111001100110010100001110110000111101100101010011010100001100000000000000000000000000000000000000000000000000000000000000000000000000000000000000000000 0 0
22549 7.780 LR999938.1	8816315 ( 0 ) 111001001100010101100100000010111001100110010100001110110000111101100101010011010100001100000000000000000000000000000000000000000000000000000000000000000000000000000000000000000000 0 0
22889 10.004 LR999938.1	10730416 ( 0 ) 111001001100010100100100000010111001100110010100000110110000111101100101010011010100001100000000000000000000000000000000000000000000000000000000000000000000000000000000000000000000 2 0
22479 12.228 LR999938.1	7857570 ( 0 ) 111001001100010100100100100010111001100110010100000110110000111101100101010011010110001100000000000000000000000000000000000000000000000000000000000000000000000000000000000000000000 2 0
22475 12.228 LR999938.1	7857484 ( 0 ) 111001001100010100100100100010111001100110010100000110110000111101100101010011010110001100000000000000000000000000000000000000000000000000000000000000000000000000000000000000000000 0 0
22451 13.339 LR999938.1	7214392 ( 0 ) 111001001100010100100100100010111001100110010110000110110000111101100101010011010110001100000000000000000000000000000000000000000000000000000000000000000000000000000000000000000000 1 0
22395 14.450 LR999938.1	6683111 ( 0 ) 111001001100010100100100100010111001100110010110000110110000111101100001010011010110001100000000000000000000000000000000000000000000000000000000000000000000000000000000000000000000 1 0
22398 14.450 LR999938.1	6683138 ( 0 ) 111001001100010100100100100010111001100110010110000110110000111101100001010011010110001100000000000000000000000000000000000000000000000000000000000000000000000000000000000000000000 0 0
22397 14.450 LR999938.1	6683137 ( 0 ) 111001001100010100100100100010111001100110010110000110110000111101100001010011010110001100000000000000000000000000000000000000000000000000000000000000000000000000000000000000000000 0 0
22394 14.450 LR999938.1	6683103 ( 0 ) 111001001100010100100100100010111001100110010110000110110000111101100001010011010110001100000000000000000000000000000000000000000000000000000000000000000000000000000000000000000000 0 0
22400 14.450 LR999938.1	6683167 ( 0 ) 111001001100010100100100100010111001100110010110000110110000111101100001010011010110001100000000000000000000000000000000000000000000000000000000000000000000000000000000000000000000 0 0
22358 15.561 LR999938.1	6538659 ( 0 ) 111001001100010100100100100010111001100100010110000110110000111101100001010011010110001100000000000000000000000000000000000000000000000000000000000000000000000000000000000000000000 1 0
22369 15.561 LR999938.1	6628010 ( 0 ) 111001001100010100100100100010111001100100010110000110110000111101100001010011010110001100000000000000000000000000000000000000000000000000000000000000000000000000000000000000000000 0 0
22366 15.561 LR999938.1	6627934 ( 0 ) 111001001100010100100100100010111001100100010110000110110000111101100001010011010110001100000000000000000000000000000000000000000000000000000000000000000000000000000000000000000000 0 0
22376 15.561 LR999938.1	6682601 ( 0 ) 111001001100010100100100100010111001100100010110000110110000111101100001010011010110001100000000000000000000000000000000000000000000000000000000000000000000000000000000000000000000 0 0
22377 15.561 LR999938.1	6682607 ( 0 ) 111001001100010100100100100010111001100100010110000110110000111101100001010011010110001100000000000000000000000000000000000000000000000000000000000000000000000000000000000000000000 0 0
22299 16.673 LR999938.1	5924643 ( 0 ) 111001001100010100110100100010111001100100010110000110110000111101100001010011010110001100000000000000000000000000000000000000000000000000000000000000000000000000000000000000000000 1 0
22289 16.673 LR999938.1	5841346 ( 0 ) 111001001100010100110100100010111001100100010110000110110000111101100001010011010110001100000000000000000000000000000000000000000000000000000000000000000000000000000000000000000000 0 0
22198 16.673 LR999938.1	4911490 ( 0 ) 111001001100010100110100100010111001100100010110000110110000111101100001010011010110001100000000000000000000000000000000000000000000000000000000000000000000000000000000000000000000 0 0
22217 16.673 LR999938.1	5016864 ( 0 ) 111001001100010100110100100010111001100100010110000110110000111101100001010011010110001100000000000000000000000000000000000000000000000000000000000000000000000000000000000000000000 0 0
22218 16.673 LR999938.1	5016904 ( 0 ) 111001001100010100110100100010111001100100010110000110110000111101100001010011010110001100000000000000000000000000000000000000000000000000000000000000000000000000000000000000000000 0 0
22216 16.673 LR999938.1	5016854 ( 0 ) 111001001100010100110100100010111001100100010110000110110000111101100001010011010110001100000000000000000000000000000000000000000000000000000000000000000000000000000000000000000000 0 0
22219 16.673 LR999938.1	5016970 ( 0 ) 111001001100010100110100100010111001100100010110000110110000111101100001010011010110001100000000000000000000000000000000000000000000000000000000000000000000000000000000000000000000 0 0
22199 16.673 LR999938.1	4911503 ( 0 ) 111001001100010100110100100010111001100100010110000110110000111101100001010011010110001100000000000000000000000000000000000000000000000000000000000000000000000000000000000000000000 0 0
22203 16.673 LR999938.1	4991174 ( 0 ) 111001001100010100110100100010111001100100010110000110110000111101100001010011010110001100000000000000000000000000000000000000000000000000000000000000000000000000000000000000000000 0 0
22220 16.673 LR999938.1	5039568 ( 0 ) 111001001100010100110100100010111001100100010110000110110000111101100001010011010110001100000000000000000000000000000000000000000000000000000000000000000000000000000000000000000000 0 0
22200 16.673 LR999938.1	4911506 ( 0 ) 111001001100010100110100100010111001100100010110000110110000111101100001010011010110001100000000000000000000000000000000000000000000000000000000000000000000000000000000000000000000 0 0
22201 16.673 LR999938.1	4911512 ( 0 ) 111001001100010100110100100010111001100100010110000110110000111101100001010011010110001100000000000000000000000000000000000000000000000000000000000000000000000000000000000000000000 0 0
22237 16.673 LR999938.1	5277899 ( 0 ) 111001001100010100110100100010111001100100010110000110110000111101100001010011010110001100000000000000000000000000000000000000000000000000000000000000000000000000000000000000000000 0 0
22182 17.784 LR999938.1	4911227 ( 0 ) 111001001100010100110100100010111101100100010110000110110000111101100001010011010110001100000000000000000000000000000000000000000000000000000000000000000000000000000000000000000000 1 0
22099 17.784 LR999938.1	4310455 ( 0 ) 111001001100010100110100100010111101100100010110000110110000111101100001010011010110001100000000000000000000000000000000000000000000000000000000000000000000000000000000000000000000 0 0
22126 17.784 LR999938.1	4407152 ( 0 ) 111001001100010100110100100010111101100100010110000110110000111101100001010011010110001100000000000000000000000000000000000000000000000000000000000000000000000000000000000000000000 0 0
22179 17.784 LR999938.1	4910573 ( 0 ) 111001001100010100110100100010111101100100010110000110110000111101100001010011010110001100000000000000000000000000000000000000000000000000000000000000000000000000000000000000000000 0 0
22098 17.784 LR999938.1	4310439 ( 0 ) 111001001100010100110100100010111101100100010110000110110000111101100001010011010110001100000000000000000000000000000000000000000000000000000000000000000000000000000000000000000000 0 0
22177 17.784 LR999938.1	4910555 ( 0 ) 111001001100010100110100100010111101100100010110000110110000111101100001010011010110001100000000000000000000000000000000000000000000000000000000000000000000000000000000000000000000 0 0
22096 17.784 LR999938.1	4310418 ( 0 ) 111001001100010100110100100010111101100100010110000110110000111101100001010011010110001100000000000000000000000000000000000000000000000000000000000000000000000000000000000000000000 0 0
22146 17.784 LR999938.1	4498787 ( 0 ) 111001001100010100110100100010111101100100010110000110110000111101100001010011010110001100000000000000000000000000000000000000000000000000000000000000000000000000000000000000000000 0 0
22118 17.784 LR999938.1	4373795 ( 0 ) 111001001100010100110100100010111101100100010110000110110000111101100001010011010110001100000000000000000000000000000000000000000000000000000000000000000000000000000000000000000000 0 0
22181 17.784 LR999938.1	4910598 ( 0 ) 111001001100010100110100100010111101100100010110000110110000111101100001010011010110001100000000000000000000000000000000000000000000000000000000000000000000000000000000000000000000 0 0
22127 17.784 LR999938.1	4407170 ( 0 ) 111001001100010100110100100010111101100100010110000110110000111101100001010011010110001100000000000000000000000000000000000000000000000000000000000000000000000000000000000000000000 0 0
22103 17.784 LR999938.1	4310502 ( 0 ) 111001001100010100110100100010111101100100010110000110110000111101100001010011010110001100000000000000000000000000000000000000000000000000000000000000000000000000000000000000000000 0 0
22120 17.784 LR999938.1	4373842 ( 0 ) 111001001100010100110100100010111101100100010110000110110000111101100001010011010110001100000000000000000000000000000000000000000000000000000000000000000000000000000000000000000000 0 0
22100 17.784 LR999938.1	4310470 ( 0 ) 111001001100010100110100100010111101100100010110000110110000111101100001010011010110001100000000000000000000000000000000000000000000000000000000000000000000000000000000000000000000 0 0
22102 17.784 LR999938.1	4310481 ( 0 ) 111001001100010100110100100010111101100100010110000110110000111101100001010011010110001100000000000000000000000000000000000000000000000000000000000000000000000000000000000000000000 0 0
22116 17.784 LR999938.1	4373556 ( 0 ) 111001001100010100110100100010111101100100010110000110110000111101100001010011010110001100000000000000000000000000000000000000000000000000000000000000000000000000000000000000000000 0 0
22040 18.895 LR999938.1	4177864 ( 0 ) 111001001100010100110100100010111101100100010110000100110000111101100001010011010110001100000000000000000000000000000000000000000000000000000000000000000000000000000000000000000000 1 0
21878 20.007 LR999938.1	2875672 ( 0 ) 111001001100010100110100100010111101100100010110000100110000011101100001010011010110001100000000000000000000000000000000000000000000000000000000000000000000000000000000000000000000 1 0
22010 20.007 LR999938.1	4033443 ( 0 ) 111001001100010100110100100010111101100100010110000100110000011101100001010011010110001100000000000000000000000000000000000000000000000000000000000000000000000000000000000000000000 0 0
22012 20.007 LR999938.1	4033483 ( 0 ) 111001001100010100110100100010111101100100010110000100110000011101100001010011010110001100000000000000000000000000000000000000000000000000000000000000000000000000000000000000000000 0 0
21839 21.118 LR999938.1	2349419 ( 0 ) 111001101100010100110100100010111101100100010110000100110000011101100001010011010110001100000000000000000000000000000000000000000000000000000000000000000000000000000000000000000000 1 0
21841 21.118 LR999938.1	2349514 ( 0 ) 111001101100010100110100100010111101100100010110000100110000011101100001010011010110001100000000000000000000000000000000000000000000000000000000000000000000000000000000000000000000 0 0
21822 21.118 LR999938.1	2296665 ( 0 ) 111001101100010100110100100010111101100100010110000100110000011101100001010011010110001100000000000000000000000000000000000000000000000000000000000000000000000000000000000000000000 0 0
21827 21.118 LR999938.1	2296849 ( 0 ) 111001101100010100110100100010111101100100010110000100110000011101100001010011010110001100000000000000000000000000000000000000000000000000000000000000000000000000000000000000000000 0 0
21834 21.118 LR999938.1	2349266 ( 0 ) 111001101100010100110100100010111101100100010110000100110000011101100001010011010110001100000000000000000000000000000000000000000000000000000000000000000000000000000000000000000000 0 0
21831 22.229 LR999938.1	2349081 ( 0 ) 111001101100010100110100100010111101100100010110000100110000011101110001010011010110001100000000000000000000000000000000000000000000000000000000000000000000000000000000000000000000 1 0
21833 22.229 LR999938.1	2349241 ( 0 ) 111001101100010100110100100010111101100100010110000100110000011101110001010011010110001100000000000000000000000000000000000000000000000000000000000000000000000000000000000000000000 0 0
21840 22.229 LR999938.1	2349497 ( 0 ) 111001101100010100110100100010111101100100010110000100110000011101110001010011010110001100000000000000000000000000000000000000000000000000000000000000000000000000000000000000000000 0 0
21784 23.340 LR999938.1	1994975 ( 0 ) 111001101100010100110100100010111101100100010110000100110000011101110001011011010110001100000000000000000000000000000000000000000000000000000000000000000000000000000000000000000000 1 0
21768 23.340 LR999938.1	1873570 ( 0 ) 111001101100010100110100100010111101100100010110000100110000011101110001011011010110001100000000000000000000000000000000000000000000000000000000000000000000000000000000000000000000 0 0
21783 23.340 LR999938.1	1994918 ( 0 ) 111001101100010100110100100010111101100100010110000100110000011101110001011011010110001100000000000000000000000000000000000000000000000000000000000000000000000000000000000000000000 0 0
21765 23.340 LR999938.1	1873483 ( 0 ) 111001101100010100110100100010111101100100010110000100110000011101110001011011010110001100000000000000000000000000000000000000000000000000000000000000000000000000000000000000000000 0 0
21757 23.340 LR999938.1	1873237 ( 0 ) 111001101100010100110100100010111101100100010110000100110000011101110001011011010110001100000000000000000000000000000000000000000000000000000000000000000000000000000000000000000000 0 0
21619 24.452 LR999938.1	315581 ( 0 ) 111001101100010100110100100010111101100100010110000101110000011101110001011011010110001100000000000000000000000000000000000000000000000000000000000000000000000000000000000000000000 1 0
21686 24.452 LR999938.1	1046089 ( 0 ) 111001101100010100110100100010111101100100010110000101110000011101110001011011010110001100000000000000000000000000000000000000000000000000000000000000000000000000000000000000000000 0 0
21655 24.452 LR999938.1	928290 ( 0 ) 111001101100010100110100100010111101100100010110000101110000011101110001011011010110001100000000000000000000000000000000000000000000000000000000000000000000000000000000000000000000 0 0
21692 24.452 LR999938.1	1046132 ( 0 ) 111001101100010100110100100010111101100100010110000101110000011101110001011011010110001100000000000000000000000000000000000000000000000000000000000000000000000000000000000000000000 0 0
21691 24.452 LR999938.1	1046131 ( 0 ) 111001101100010100110100100010111101100100010110000101110000011101110001011011010110001100000000000000000000000000000000000000000000000000000000000000000000000000000000000000000000 0 0
21656 24.452 LR999938.1	928295 ( 0 ) 111001101100010100110100100010111101100100010110000101110000011101110001011011010110001100000000000000000000000000000000000000000000000000000000000000000000000000000000000000000000 0 0
21648 24.452 LR999938.1	928084 ( 0 ) 111001101100010100110100100010111101100100010110000101110000011101110001011011010110001100000000000000000000000000000000000000000000000000000000000000000000000000000000000000000000 0 0
21620 24.452 LR999938.1	315669 ( 0 ) 111001101100010100110100100010111101100100010110000101110000011101110001011011010110001100000000000000000000000000000000000000000000000000000000000000000000000000000000000000000000 0 0
21596 25.563 LR999938.1	91731 ( 0 ) 111001101100010100110100100010111101100100010110000101110000011101111001011011010110001100000000000000000000000000000000000000000000000000000000000000000000000000000000000000000000 1 0
21597 25.563 LR999938.1	91878 ( 0 ) 111001101100010100110100100010111101100100010110000101110000011101111001011011010110001100000000000000000000000000000000000000000000000000000000000000000000000000000000000000000000 0 0
