18651 0.000 LR999939.1 11980006 1 2
18598 1.111 LR999939.1 11563204 1 2
7541 0.000 LR999930.1 11503920 2 2
7546 0.000 LR999930.1 11504028 2 2
6827 0.000 LR999930.1 2585468 2 2
7089 0.000 LR999930.1 6103726 2 2
7203 0.000 LR999930.1 7128718 2 2
7185 0.000 LR999930.1 7055861 2 2
7545 0.000 LR999930.1 11503967 2 2
7186 0.000 LR999930.1 7055865 2 2
7184 0.000 LR999930.1 7055846 2 2
7542 0.000 LR999930.1 11503922 2 2
7544 0.000 LR999930.1 11503954 2 2
7543 0.000 LR999930.1 11503952 2 2
7076 1.111 LR999930.1 6103643 2 2
7419 4.450 LR999930.1 10532671 2 2
7420 4.450 LR999930.1 10532921 2 2
20022 0.000 LR999941.1 12630522 3 2
19442 3.338 LR999941.1 7199869 3 2
19443 3.338 LR999941.1 7200191 3 2
19444 3.338 LR999941.1 7200214 3 2
1094 93.628 LR999925.1 12889441 4 2
905 98.084 LR999925.1 10321686 4 2
1096 99.195 LR999925.1 12889447 4 2
138 99.195 LR999925.1 2605141 4 2
167 99.195 LR999925.1 2817131 4 2
2161 0.000 LR999926.1 8844649 5 2
2163 0.000 LR999926.1 8844695 5 2
2160 0.000 LR999926.1 8844646 5 2
2166 0.000 LR999926.1 8844744 5 2
2162 0.000 LR999926.1 8844694 5 2
2765 1.111 LR999926.1 16349057 5 2
1790 1.111 LR999926.1 4522560 5 2
1914 1.111 LR999926.1 5749633 5 2
1933 3.335 LR999926.1 5824228 5 2
1932 3.335 LR999926.1 5824226 5 2
1950 6.673 LR999926.1 6094609 5 2
1955 7.785 LR999926.1 6094679 5 2
1958 7.785 LR999926.1 6094705 5 2
1953 7.785 LR999926.1 6094669 5 2
1959 7.785 LR999926.1 6094756 5 2
1951 7.785 LR999926.1 6094655 5 2
1956 7.785 LR999926.1 6094686 5 2
1957 7.785 LR999926.1 6094702 5 2
1954 7.785 LR999926.1 6094673 5 2
14012 109.844 LR999935.1 14517419 6 2
13424 112.068 LR999935.1 9637867 6 2
13389 112.068 LR999935.1 9327899 6 2
13966 112.068 LR999935.1 14319559 6 2
13425 112.068 LR999935.1 9637868 6 2
13958 112.068 LR999935.1 14319488 6 2
14008 112.068 LR999935.1 14517157 6 2
13965 112.068 LR999935.1 14319554 6 2
13423 112.068 LR999935.1 9637866 6 2
13963 112.068 LR999935.1 14319533 6 2
13339 112.068 LR999935.1 8472042 6 2
13270 113.179 LR999935.1 7054377 6 2
13274 113.179 LR999935.1 7054418 6 2
13277 113.179 LR999935.1 7054439 6 2
13261 113.179 LR999935.1 7054051 6 2
13268 113.179 LR999935.1 7054368 6 2
13269 113.179 LR999935.1 7054370 6 2
13273 113.179 LR999935.1 7054409 6 2
13275 113.179 LR999935.1 7054425 6 2
13276 113.179 LR999935.1 7054435 6 2
13262 113.179 LR999935.1 7054063 6 2
13278 113.179 LR999935.1 7054441 6 2
13271 113.179 LR999935.1 7054383 6 2
13279 113.179 LR999935.1 7054453 6 2
17334 82.684 LR999938.1 11126917 7 2
17173 83.795 LR999938.1 10240794 7 2
17183 83.795 LR999938.1 10240847 7 2
16661 83.795 LR999938.1 4257331 7 2
16655 83.795 LR999938.1 4257111 7 2
16656 83.795 LR999938.1 4257115 7 2
16601 86.019 LR999938.1 3836953 7 2
16600 88.243 LR999938.1 3836951 7 2
3080 0.000 LR999927.1 6419559 8 2
3076 0.000 LR999927.1 6419513 8 2
3077 0.000 LR999927.1 6419523 8 2
3081 0.000 LR999927.1 6419573 8 2
3078 0.000 LR999927.1 6419549 8 2
3079 0.000 LR999927.1 6419551 8 2
3082 1.111 LR999927.1 6419666 8 2
10416 90.405 LR999932.1 15224809 9 2
10417 90.405 LR999932.1 15224810 9 2
9764 91.517 LR999932.1 6980407 9 2
10062 91.517 LR999932.1 10875305 9 2
10594 0.000 LR999933.1 2500157 10 2
11170 0.000 LR999933.1 9900467 10 2
10539 1.111 LR999933.1 1667619 10 2
8375 0.000 LR999931.1 5590852 11 2
8366 2.224 LR999931.1 5528111 11 2
21252 0.000 LR999942.1 13082627 12 2
21120 1.111 LR999942.1 11572392 12 2
20609 1.111 LR999942.1 5091607 12 2
21119 1.111 LR999942.1 11572390 12 2
20946 1.111 LR999942.1 8913064 12 2
20287 2.223 LR999942.1 1913166 12 2
20846 4.446 LR999942.1 7614433 12 2
20847 4.446 LR999942.1 7614438 12 2
20845 4.446 LR999942.1 7614430 12 2
5609 95.437 LR999929.1 1739394 13 2
6662 96.549 LR999929.1 15549269 13 2
6532 97.660 LR999929.1 13689824 13 2
6282 97.660 LR999929.1 10847452 13 2
5898 98.771 LR999929.1 5664049 13 2
16105 0.000 LR999937.1 10999152 14 2
16146 1.111 LR999937.1 11621956 14 2
15264 19.701 LR999937.1 1119038 14 2
15272 19.701 LR999937.1 1119215 14 2
15267 19.701 LR999937.1 1119052 14 2
15265 19.701 LR999937.1 1119043 14 2
14459 0.000 LR999936.1 5390678 15 2
14439 1.111 LR999936.1 5227230 15 2
14443 1.111 LR999936.1 5227477 15 2
14434 1.111 LR999936.1 5227152 15 2
14438 1.111 LR999936.1 5227227 15 2
14763 1.111 LR999936.1 9949189 15 2
14442 1.111 LR999936.1 5227470 15 2
14441 1.111 LR999936.1 5227454 15 2
14435 2.223 LR999936.1 5227155 15 2
14689 18.311 LR999936.1 9263059 15 2
21762 0.000 LR999943.1 4363205 16 2
22132 0.000 LR999943.1 9020544 16 2
22250 0.000 LR999943.1 10497757 16 2
21911 0.000 LR999943.1 7201001 16 2
21627 17.329 LR999943.1 3067024 16 2
21630 17.329 LR999943.1 3067100 16 2
21588 18.440 LR999943.1 2870333 16 2
23493 0.000 LR999945.1 1450461 17 2
23491 0.000 LR999945.1 1450455 17 2
23494 0.000 LR999945.1 1450462 17 2
23488 0.000 LR999945.1 1450436 17 2
23492 0.000 LR999945.1 1450457 17 2
23497 1.111 LR999945.1 1450499 17 2
23495 1.111 LR999945.1 1450471 17 2
23487 2.223 LR999945.1 1450420 17 2
23490 2.223 LR999945.1 1450443 17 2
5375 0.000 LR999928.1 15276691 18 2
4804 1.111 LR999928.1 7749448 18 2
4806 1.111 LR999928.1 7749455 18 2
4311 1.111 LR999928.1 2083885 18 2
4863 1.111 LR999928.1 8271642 18 2
4429 1.111 LR999928.1 2870767 18 2
4266 1.111 LR999928.1 1897660 18 2
4808 1.111 LR999928.1 7749469 18 2
4805 1.111 LR999928.1 7749452 18 2
4809 1.111 LR999928.1 7749485 18 2
4866 1.111 LR999928.1 8271661 18 2
4817 3.335 LR999928.1 7937858 18 2
4824 3.335 LR999928.1 7938154 18 2
4816 3.335 LR999928.1 7937849 18 2
4815 3.335 LR999928.1 7937835 18 2
4819 4.446 LR999928.1 7937917 18 2
4818 5.558 LR999928.1 7937913 18 2
22962 0.000 LR999944.1 8407501 19 2
22959 0.000 LR999944.1 8407478 19 2
22957 0.000 LR999944.1 8407472 19 2
22958 0.000 LR999944.1 8407475 19 2
22963 1.111 LR999944.1 8407509 19 2
22960 1.111 LR999944.1 8407484 19 2
22961 1.111 LR999944.1 8407499 19 2
27770 82.384 LR999950.1 2393761 20 2
25300 75.314 LR999946.1 11902724 21 2
25301 75.314 LR999946.1 11902725 21 2
25181 90.182 LR999946.1 10396865 21 2
25179 91.293 LR999946.1 10396843 21 2
25302 97.999 LR999946.1 11902726 21 2
25126 97.999 LR999946.1 9502533 21 2
24546 97.999 LR999946.1 2220516 21 2
25190 97.999 LR999946.1 10397164 21 2
25303 97.999 LR999946.1 11902730 21 2
25128 97.999 LR999946.1 9502544 21 2
25187 97.999 LR999946.1 10396939 21 2
25186 97.999 LR999946.1 10396916 21 2
25189 97.999 LR999946.1 10397158 21 2
24468 99.111 LR999946.1 470483 21 2
26009 90.337 LR999947.1 9577238 22 2
26098 90.337 LR999947.1 10733758 22 2
26004 90.337 LR999947.1 9577210 22 2
26007 90.337 LR999947.1 9577230 22 2
26006 90.337 LR999947.1 9577228 22 2
26016 90.337 LR999947.1 9577385 22 2
26015 90.337 LR999947.1 9577377 22 2
26017 90.337 LR999947.1 9577389 22 2
26005 90.337 LR999947.1 9577214 22 2
26010 90.337 LR999947.1 9577334 22 2
26013 91.449 LR999947.1 9577344 22 2
26026 91.449 LR999947.1 9660478 22 2
26031 91.449 LR999947.1 9660721 22 2
26178 91.449 LR999947.1 11612335 22 2
26014 91.449 LR999947.1 9577362 22 2
26012 91.449 LR999947.1 9577343 22 2
26022 91.449 LR999947.1 9660443 22 2
26025 91.449 LR999947.1 9660470 22 2
26024 91.449 LR999947.1 9660469 22 2
26027 91.449 LR999947.1 9660479 22 2
26029 91.449 LR999947.1 9660493 22 2
26030 91.449 LR999947.1 9660713 22 2
26023 91.449 LR999947.1 9660455 22 2
26032 91.449 LR999947.1 9660781 22 2
26028 91.449 LR999947.1 9660482 22 2
26657 0.000 LR999948.1 6614865 23 2
12050 96.876 LR999934.1 5852746 24 2
12430 100.214 LR999934.1 10718049 24 2
12431 100.214 LR999934.1 10718054 24 2
12572 102.438 LR999934.1 13210363 24 2
12571 102.438 LR999934.1 13210043 24 2
12573 102.438 LR999934.1 13210389 24 2
28620 0.000 LR999951.1 1728816 25 2
28616 0.000 LR999951.1 1728763 25 2
28617 1.111 LR999951.1 1728782 25 2
28618 1.111 LR999951.1 1728799 25 2
28619 1.111 LR999951.1 1728809 25 2
30719 51.197 LR999924.1 1368724 26 2
27155 0.000 LR999949.1 2825925 27 2
27192 1.111 LR999949.1 2965951 27 2
29386 0.000 LR999952.1 2795484 28 2
29383 0.000 LR999952.1 2795472 28 2
29385 0.000 LR999952.1 2795482 28 2
29384 0.000 LR999952.1 2795477 28 2
29388 0.000 LR999952.1 2795493 28 2
29387 0.000 LR999952.1 2795492 28 2
30156 50.039 LR999954.1 2662971 29 2
30155 52.263 LR999954.1 2662970 29 2
30015 65.042 LR999953.1 6271473 30 2
30016 66.154 LR999953.1 6271505 30 2
29997 71.732 LR999953.1 6249849 30 2
30478 8.902 LR999955.1 2367228 31 2
