30458 0 0 LR999955.1	2366982
30458 0 0 LR999955.1	2366982
30415 4 4 LR999955.1	1937925
30483 4 6 LR999955.1	2367248
30476 4 6 LR999955.1	2367221
30470 4 6 LR999955.1	2367192
30469 4 6 LR999955.1	2367191
30464 8 8 LR999955.1	2367172
30479 8 8 LR999955.1	2367235
30496 9 9 LR999955.1	2775767
30498 9 9 LR999955.1	2775833
30493 9 9 LR999955.1	2775623
30478 9 10 LR999955.1	2367228
30494 9 9 LR999955.1	2775632
30487 10 10 LR999955.1	2626166
30551 10 14 LR999955.1	3942052
30559 14 17 LR999955.1	3942294
