19004 0 0 LR999941.1	1520299
19007 0 0 LR999941.1	1520317
19010 0 0 LR999941.1	1520356
19006 0 0 LR999941.1	1520310
18991 1 1 LR999941.1	1421668
18984 1 1 LR999941.1	1421630
19011 1 1 LR999941.1	1520562
18983 1 1 LR999941.1	1421626
18986 1 1 LR999941.1	1421659
18992 1 1 LR999941.1	1421714
18985 1 1 LR999941.1	1421654
19025 7 7 LR999941.1	1924791
19055 7 8 LR999941.1	2479738
19033 7 8 LR999941.1	1993216
19061 9 9 LR999941.1	2741628
19100 9 13 LR999941.1	3177700
19095 9 13 LR999941.1	3177551
19103 9 13 LR999941.1	3177737
19111 14 14 LR999941.1	3407720
19127 14 14 LR999941.1	3544391
19133 14 14 LR999941.1	3544668
19115 14 14 LR999941.1	3509877
19126 14 14 LR999941.1	3544368
19122 14 14 LR999941.1	3531492
19128 14 14 LR999941.1	3544425
19142 14 14 LR999941.1	3544769
19231 16 16 LR999941.1	4362789
19226 16 16 LR999941.1	4025455
19225 16 16 LR999941.1	4025452
19230 16 16 LR999941.1	4347861
19287 24 24 LR999941.1	5245846
19282 24 25 LR999941.1	5245806
19281 24 25 LR999941.1	5245793
19263 24 25 LR999941.1	5090330
19321 26 26 LR999941.1	5775495
19372 26 26 LR999941.1	5942800
19339 26 26 LR999941.1	5805620
19360 26 26 LR999941.1	5942645
19333 26 26 LR999941.1	5793504
19367 26 26 LR999941.1	5942681
19369 26 26 LR999941.1	5942694
19373 26 26 LR999941.1	5942827
19368 26 26 LR999941.1	5942686
19437 26 26 LR999941.1	6426672
19364 26 26 LR999941.1	5942655
19361 26 26 LR999941.1	5942646
19396 29 29 LR999941.1	6077087
19392 29 29 LR999941.1	6077054
19391 29 29 LR999941.1	6077050
19397 29 29 LR999941.1	6077099
19394 29 29 LR999941.1	6077082
19393 29 29 LR999941.1	6077055
19395 29 29 LR999941.1	6077086
19464 30 31 LR999941.1	7284334
19448 30 31 LR999941.1	7209785
19457 30 31 LR999941.1	7284254
19459 30 31 LR999941.1	7284274
19465 30 31 LR999941.1	7284447
19529 32 32 LR999941.1	7815277
19527 32 32 LR999941.1	7815268
19528 32 32 LR999941.1	7815271
19479 33 33 LR999941.1	7517105
19604 33 33 LR999941.1	8602096
19523 33 33 LR999941.1	7815223
19606 33 33 LR999941.1	8602362
19520 33 33 LR999941.1	7815213
19517 33 33 LR999941.1	7815178
19536 33 33 LR999941.1	7914361
19525 33 33 LR999941.1	7815239
19696 35 35 LR999941.1	9280734
19718 35 35 LR999941.1	9498753
19699 35 35 LR999941.1	9280744
19660 35 35 LR999941.1	9135374
19719 35 35 LR999941.1	9498851
19662 35 35 LR999941.1	9135392
19665 35 35 LR999941.1	9135419
19664 35 35 LR999941.1	9135414
19697 35 35 LR999941.1	9280740
19711 35 35 LR999941.1	9498691
19690 35 35 LR999941.1	9199697
19703 35 35 LR999941.1	9280785
19695 35 35 LR999941.1	9280721
19661 35 35 LR999941.1	9135385
19653 35 35 LR999941.1	9135255
19751 35 35 LR999941.1	9788415
19659 35 35 LR999941.1	9135371
19771 35 35 LR999941.1	10242759
19748 36 36 LR999941.1	9788115
19750 36 36 LR999941.1	9788412
19749 36 36 LR999941.1	9788394
19790 38 38 LR999941.1	10710200
19883 38 39 LR999941.1	11469814
19882 38 39 LR999941.1	11469704
19923 42 42 LR999941.1	11784506
19924 42 42 LR999941.1	11784527
19922 42 42 LR999941.1	11784491
19947 43 43 LR999941.1	11932521
19941 43 43 LR999941.1	11932379
19949 43 43 LR999941.1	11932598
19932 43 43 LR999941.1	11932305
19944 43 43 LR999941.1	11932509
19939 43 43 LR999941.1	11932342
20017 45 45 LR999941.1	12630498
20088 45 45 LR999941.1	13682505
20002 45 45 LR999941.1	12619874
20033 45 45 LR999941.1	13023628
19996 45 45 LR999941.1	12619774
20016 45 45 LR999941.1	12630495
20019 45 45 LR999941.1	12630507
19997 45 45 LR999941.1	12619792
20015 45 45 LR999941.1	12630489
20001 45 45 LR999941.1	12619859
20018 45 45 LR999941.1	12630502
20005 47 47 LR999941.1	12620029
20003 47 47 LR999941.1	12619990
20004 47 47 LR999941.1	12619991
20022 66 66 LR999941.1	12630522
