7541 0 0 LR999930.1	11503920
7944 0 22 LR999930.1	15553020
7945 0 22 LR999930.1	15553059
7856 0 0 LR999930.1	14544287
7860 23 23 LR999930.1	14544381
7908 23 23 LR999930.1	14933867
7887 23 23 LR999930.1	14679467
7917 23 23 LR999930.1	15107906
7859 23 23 LR999930.1	14544372
7889 23 23 LR999930.1	14679616
7888 23 23 LR999930.1	14679614
7864 23 23 LR999930.1	14544413
7858 24 24 LR999930.1	14544367
7857 24 24 LR999930.1	14544309
7862 24 24 LR999930.1	14544400
7735 29 29 LR999930.1	13447158
7721 29 29 LR999930.1	13339006
7768 29 29 LR999930.1	13477181
7716 29 29 LR999930.1	13338845
7781 29 29 LR999930.1	13622867
7778 29 29 LR999930.1	13622834
7713 29 29 LR999930.1	13338746
7770 29 29 LR999930.1	13477313
7779 29 29 LR999930.1	13622847
7769 29 29 LR999930.1	13477202
7649 37 37 LR999930.1	12388565
7650 37 37 LR999930.1	12388567
7646 37 37 LR999930.1	12388366
7643 37 37 LR999930.1	12388321
7635 40 40 LR999930.1	12253271
7589 40 40 LR999930.1	11825624
7622 40 40 LR999930.1	12253086
7625 40 40 LR999930.1	12253150
7633 40 40 LR999930.1	12253266
7590 40 40 LR999930.1	11825625
7495 46 46 LR999930.1	11145243
7430 46 46 LR999930.1	10577932
7432 46 46 LR999930.1	10577986
7428 46 46 LR999930.1	10577920
7426 46 46 LR999930.1	10577906
7429 46 46 LR999930.1	10577927
7431 46 46 LR999930.1	10577969
7483 46 46 LR999930.1	11144988
7438 46 46 LR999930.1	10614924
7498 47 47 LR999930.1	11145324
7499 47 47 LR999930.1	11145340
7399 54 54 LR999930.1	9415697
7387 54 54 LR999930.1	9355225
7394 54 54 LR999930.1	9355376
7388 54 54 LR999930.1	9355319
7328 57 57 LR999930.1	9053596
7337 57 57 LR999930.1	9053710
7297 58 58 LR999930.1	8571846
7295 58 58 LR999930.1	8571615
7321 58 58 LR999930.1	9053536
7294 58 58 LR999930.1	8571611
7281 58 58 LR999930.1	8520946
7322 58 58 LR999930.1	9053538
7293 58 58 LR999930.1	8571609
7291 58 58 LR999930.1	8571602
7289 58 58 LR999930.1	8571588
7279 58 58 LR999930.1	8520933
7290 58 58 LR999930.1	8571596
7278 58 58 LR999930.1	8520926
7280 58 58 LR999930.1	8520934
7292 58 58 LR999930.1	8571603
7234 61 61 LR999930.1	7368942
7204 61 62 LR999930.1	7169410
7144 62 63 LR999930.1	6727573
7145 62 63 LR999930.1	6727624
7147 62 63 LR999930.1	6727689
7146 62 63 LR999930.1	6727630
7159 64 64 LR999930.1	6798991
7157 64 64 LR999930.1	6798912
7163 64 64 LR999930.1	6799029
7158 64 64 LR999930.1	6798985
7062 65 65 LR999930.1	6086096
7108 65 65 LR999930.1	6237381
7110 65 65 LR999930.1	6237389
7007 65 66 LR999930.1	5643974
7039 65 65 LR999930.1	5904818
7103 65 65 LR999930.1	6237316
6971 65 65 LR999930.1	4851982
7111 65 65 LR999930.1	6237455
7106 65 65 LR999930.1	6237377
7104 65 65 LR999930.1	6237360
7107 65 65 LR999930.1	6237378
7008 65 66 LR999930.1	5643986
7105 65 65 LR999930.1	6237366
7109 65 65 LR999930.1	6237388
7041 66 66 LR999930.1	5904862
7040 66 66 LR999930.1	5904819
7046 66 66 LR999930.1	6052765
6921 68 68 LR999930.1	3877927
6917 68 68 LR999930.1	3877819
6919 68 68 LR999930.1	3877890
6925 68 68 LR999930.1	3877984
6920 68 68 LR999930.1	3877923
6916 68 68 LR999930.1	3877751
6922 68 68 LR999930.1	3877946
6923 68 68 LR999930.1	3877952
6924 68 68 LR999930.1	3877962
6918 68 68 LR999930.1	3877831
6841 71 71 LR999930.1	2861402
6865 71 71 LR999930.1	3201519
6863 71 71 LR999930.1	3201250
6864 71 71 LR999930.1	3201463
6815 72 72 LR999930.1	2221413
6818 72 72 LR999930.1	2278884
6816 72 72 LR999930.1	2221713
6836 72 72 LR999930.1	2623445
6773 73 73 LR999930.1	1441075
6771 73 73 LR999930.1	1440933
6772 73 73 LR999930.1	1440959
6804 73 73 LR999930.1	1805725
6689 74 74 LR999930.1	173290
6726 74 74 LR999930.1	571443
6702 74 74 LR999930.1	298616
6673 74 74 LR999930.1	133308
6705 74 74 LR999930.1	298659
6762 74 74 LR999930.1	1183461
6683 74 74 LR999930.1	173102
6676 74 74 LR999930.1	133472
6701 74 74 LR999930.1	298609
6688 74 74 LR999930.1	173272
6682 74 74 LR999930.1	173067
6675 74 74 LR999930.1	133409
6741 74 74 LR999930.1	781880
