15173 0 0 LR999937.1	278050
15172 0 0 LR999937.1	278049
15138 2 2 LR999937.1	109556
15133 2 2 LR999937.1	109515
15136 2 2 LR999937.1	109549
15148 2 2 LR999937.1	160493
15127 2 2 LR999937.1	109445
15146 2 2 LR999937.1	160449
15139 2 2 LR999937.1	109566
15137 2 2 LR999937.1	109555
15132 2 2 LR999937.1	109512
15135 2 2 LR999937.1	109539
15147 2 2 LR999937.1	160487
15222 3 3 LR999937.1	600109
15209 3 3 LR999937.1	599915
15194 3 3 LR999937.1	278237
15220 3 3 LR999937.1	600094
15177 3 3 LR999937.1	278166
15217 3 3 LR999937.1	600066
15216 3 3 LR999937.1	600061
15205 3 3 LR999937.1	562878
15221 3 3 LR999937.1	600095
15170 3 3 LR999937.1	277926
15218 3 3 LR999937.1	600090
15171 3 3 LR999937.1	277933
15219 3 3 LR999937.1	600091
15241 4 4 LR999937.1	907035
15249 4 4 LR999937.1	922095
15240 4 4 LR999937.1	906756
15297 7 7 LR999937.1	1153376
15317 7 7 LR999937.1	1872395
15318 7 7 LR999937.1	1872438
15316 7 7 LR999937.1	1872393
15322 7 7 LR999937.1	1872471
15321 7 7 LR999937.1	1872457
15257 7 7 LR999937.1	1018975
15296 7 7 LR999937.1	1153374
15295 7 7 LR999937.1	1153367
15355 12 12 LR999937.1	2686405
15356 12 12 LR999937.1	2686438
15354 12 12 LR999937.1	2686389
15377 15 15 LR999937.1	3168762
15380 15 15 LR999937.1	3168793
15382 15 15 LR999937.1	3169010
15379 15 15 LR999937.1	3168784
15381 15 15 LR999937.1	3168846
15376 15 15 LR999937.1	3168754
15366 15 15 LR999937.1	3124687
15375 15 15 LR999937.1	3168753
15390 16 16 LR999937.1	3408583
15399 16 16 LR999937.1	3408737
15475 19 19 LR999937.1	4286763
15476 19 19 LR999937.1	4286765
15474 19 19 LR999937.1	4286762
15460 19 19 LR999937.1	4240606
15504 19 19 LR999937.1	4319907
15430 19 19 LR999937.1	3970735
15522 19 19 LR999937.1	4620730
15473 19 19 LR999937.1	4286755
15477 19 19 LR999937.1	4286783
15499 20 20 LR999937.1	4319799
15597 20 24 LR999937.1	6464598
15627 20 24 LR999937.1	6656047
15632 20 24 LR999937.1	6656131
15613 20 24 LR999937.1	6542449
15621 20 24 LR999937.1	6655794
15630 20 24 LR999937.1	6656095
15631 20 24 LR999937.1	6656105
15604 20 24 LR999937.1	6464887
15625 20 24 LR999937.1	6655843
15639 26 26 LR999937.1	6668026
15643 26 26 LR999937.1	6668052
15640 26 26 LR999937.1	6668029
15645 26 26 LR999937.1	6668096
15638 26 26 LR999937.1	6668020
15646 26 26 LR999937.1	6668098
15641 26 26 LR999937.1	6668031
15644 26 26 LR999937.1	6668053
15642 26 26 LR999937.1	6668051
15665 28 29 LR999937.1	7180602
15671 28 29 LR999937.1	7180734
15651 28 29 LR999937.1	6945932
15652 28 29 LR999937.1	6945949
15655 28 29 LR999937.1	6945966
15662 28 29 LR999937.1	6946011
15668 28 29 LR999937.1	7180671
15667 28 29 LR999937.1	7180668
15660 28 29 LR999937.1	6946005
15688 31 31 LR999937.1	7368305
15687 31 31 LR999937.1	7368303
15702 31 31 LR999937.1	7585292
15695 31 31 LR999937.1	7441658
15694 31 31 LR999937.1	7441657
15705 31 31 LR999937.1	7585356
15703 31 31 LR999937.1	7585343
15714 32 32 LR999937.1	7681684
15718 32 35 LR999937.1	7728308
15721 32 35 LR999937.1	7728487
15744 37 37 LR999937.1	7927567
15745 37 37 LR999937.1	7927582
15751 37 37 LR999937.1	7977757
15824 38 38 LR999937.1	8520467
15830 38 38 LR999937.1	8520654
15823 38 38 LR999937.1	8520445
15941 39 39 LR999937.1	9694586
15868 39 39 LR999937.1	8621427
15938 39 39 LR999937.1	9694541
15939 39 39 LR999937.1	9694573
15940 39 39 LR999937.1	9694579
15943 39 39 LR999937.1	9694609
15937 39 39 LR999937.1	9694534
15942 39 39 LR999937.1	9694599
15901 39 39 LR999937.1	8829760
15900 39 39 LR999937.1	8783428
16028 40 40 LR999937.1	10180485
16083 40 40 LR999937.1	10831547
16026 40 40 LR999937.1	10180451
16046 40 40 LR999937.1	10330907
16074 40 40 LR999937.1	10830044
16013 40 40 LR999937.1	10099982
16139 40 40 LR999937.1	11605752
16084 40 40 LR999937.1	10831570
16088 40 40 LR999937.1	10831658
16045 40 40 LR999937.1	10330881
16025 40 40 LR999937.1	10180424
16132 40 40 LR999937.1	11218644
16078 40 40 LR999937.1	10831519
16082 40 40 LR999937.1	10831545
16080 40 40 LR999937.1	10831536
16112 40 40 LR999937.1	11030920
16128 40 40 LR999937.1	11218603
16051 40 40 LR999937.1	10373016
16079 40 40 LR999937.1	10831534
16029 40 40 LR999937.1	10180486
16087 40 40 LR999937.1	10831648
16121 40 40 LR999937.1	11218356
16027 40 40 LR999937.1	10180483
16081 40 40 LR999937.1	10831539
16106 41 41 LR999937.1	10999303
16171 41 42 LR999937.1	11951635
16169 41 42 LR999937.1	11951307
16164 41 42 LR999937.1	11950340
16163 41 42 LR999937.1	11950339
16105 66 66 LR999937.1	10999152
