29718 0 0 LR999953.1	162392
29713 0 0 LR999953.1	162210
29714 0 0 LR999953.1	162222
29719 0 0 LR999953.1	162407
29720 0 0 LR999953.1	162409
29712 0 0 LR999953.1	162193
29717 0 0 LR999953.1	162349
29719 0 0 LR999953.1	162407
29716 0 0 LR999953.1	162341
29715 0 0 LR999953.1	162337
29736 1 2 LR999953.1	750299
29738 1 2 LR999953.1	750320
29735 1 2 LR999953.1	750263
29737 1 2 LR999953.1	750303
29734 1 2 LR999953.1	750231
29797 9 9 LR999953.1	1900921
29801 9 9 LR999953.1	1901148
29834 12 12 LR999953.1	2409871
29829 12 12 LR999953.1	2409773
29849 12 12 LR999953.1	2410107
29836 12 12 LR999953.1	2409893
29848 12 12 LR999953.1	2410104
29844 12 12 LR999953.1	2410086
29840 12 12 LR999953.1	2410040
29847 12 12 LR999953.1	2410103
29827 12 12 LR999953.1	2409680
29869 14 14 LR999953.1	3749805
29909 14 16 LR999953.1	5377673
29899 14 16 LR999953.1	5377506
29904 17 17 LR999953.1	5377547
29923 17 17 LR999953.1	5472580
29925 17 17 LR999953.1	5472600
29924 17 17 LR999953.1	5472598
29913 17 17 LR999953.1	5472090
29922 17 17 LR999953.1	5472571
29900 17 17 LR999953.1	5377509
29982 20 20 LR999953.1	6065981
29964 20 20 LR999953.1	5970445
29980 20 20 LR999953.1	6065705
29983 20 20 LR999953.1	6065999
29972 20 20 LR999953.1	6058644
29973 20 20 LR999953.1	6058662
29966 20 20 LR999953.1	5970465
