18651 0 0 LR999939.1	11980006
17636 0 0 LR999939.1	464209
17635 0 0 LR999939.1	464201
17640 0 0 LR999939.1	464240
17596 22 22 LR999939.1	230587
17598 22 22 LR999939.1	230663
17605 23 23 LR999939.1	232308
17597 23 23 LR999939.1	230633
17681 26 26 LR999939.1	1285890
17739 26 30 LR999939.1	2092124
17730 26 30 LR999939.1	2014582
17738 26 30 LR999939.1	2092122
17753 32 32 LR999939.1	2285357
17810 32 33 LR999939.1	2981186
17788 32 33 LR999939.1	2872167
17847 32 33 LR999939.1	3138386
17848 32 33 LR999939.1	3138468
17859 32 33 LR999939.1	3138759
17831 32 33 LR999939.1	3103639
17807 32 33 LR999939.1	2981135
17811 32 33 LR999939.1	2981378
17809 32 33 LR999939.1	2981144
17854 32 33 LR999939.1	3138561
17839 32 33 LR999939.1	3103730
17836 32 33 LR999939.1	3103690
17837 32 33 LR999939.1	3103715
17835 32 33 LR999939.1	3103675
17853 32 33 LR999939.1	3138556
17855 32 33 LR999939.1	3138567
17856 32 33 LR999939.1	3138568
17950 42 42 LR999939.1	4736262
17949 42 42 LR999939.1	4736254
17947 42 42 LR999939.1	4736223
17990 43 43 LR999939.1	5194313
18013 43 43 LR999939.1	5355302
18016 43 43 LR999939.1	5355376
18008 43 43 LR999939.1	5349526
17992 43 43 LR999939.1	5194509
18007 43 43 LR999939.1	5349525
18015 43 43 LR999939.1	5355373
17991 43 43 LR999939.1	5194455
18018 43 43 LR999939.1	5355393
18020 43 43 LR999939.1	5355430
18017 43 43 LR999939.1	5355386
18022 43 43 LR999939.1	5355449
17995 43 43 LR999939.1	5290936
18021 43 43 LR999939.1	5355442
17996 43 43 LR999939.1	5290945
18059 44 44 LR999939.1	5660990
18034 44 44 LR999939.1	5499813
18036 44 44 LR999939.1	5500067
18035 44 44 LR999939.1	5500023
18132 46 46 LR999939.1	6217219
18130 46 46 LR999939.1	6217177
18124 46 46 LR999939.1	6195616
18074 46 46 LR999939.1	5892834
18126 46 46 LR999939.1	6195688
18152 46 46 LR999939.1	6384735
18086 46 46 LR999939.1	5931430
18084 46 46 LR999939.1	5931329
18151 46 46 LR999939.1	6384615
18090 47 47 LR999939.1	5973038
18173 47 48 LR999939.1	6774392
18182 47 48 LR999939.1	6869439
18181 47 48 LR999939.1	6869284
18171 47 48 LR999939.1	6774271
18166 47 48 LR999939.1	6741699
18180 47 48 LR999939.1	6869265
18197 49 49 LR999939.1	7408475
18205 49 50 LR999939.1	7775826
18211 49 50 LR999939.1	7776040
18213 49 50 LR999939.1	7776065
18212 49 50 LR999939.1	7776049
18263 54 54 LR999939.1	8370254
18281 54 54 LR999939.1	8428279
18269 54 54 LR999939.1	8404135
18279 54 54 LR999939.1	8428231
18264 54 54 LR999939.1	8370303
18260 54 54 LR999939.1	8325150
18305 55 55 LR999939.1	8806890
18298 55 55 LR999939.1	8641958
18424 57 57 LR999939.1	9892963
18392 57 57 LR999939.1	9706121
18416 57 57 LR999939.1	9892839
18422 57 57 LR999939.1	9892880
18419 57 57 LR999939.1	9892861
18393 57 57 LR999939.1	9706122
18418 57 57 LR999939.1	9892847
18417 57 57 LR999939.1	9892845
18365 57 57 LR999939.1	9271516
18366 57 57 LR999939.1	9271517
18371 57 57 LR999939.1	9271744
18429 57 57 LR999939.1	9893040
18421 57 57 LR999939.1	9892879
18394 57 57 LR999939.1	9706174
18446 57 57 LR999939.1	10034563
18363 57 57 LR999939.1	9271507
18396 57 57 LR999939.1	9795225
18370 57 57 LR999939.1	9271687
18452 58 58 LR999939.1	10044345
18478 58 58 LR999939.1	10217238
18453 58 58 LR999939.1	10044386
18500 59 59 LR999939.1	10834929
18497 59 59 LR999939.1	10834848
18481 59 59 LR999939.1	10437365
18482 59 59 LR999939.1	10437396
18596 61 61 LR999939.1	11563188
18604 61 61 LR999939.1	11563417
18595 61 61 LR999939.1	11563181
18537 61 61 LR999939.1	11230003
18605 61 61 LR999939.1	11563423
18517 61 61 LR999939.1	10975250
18601 61 61 LR999939.1	11563341
18568 61 61 LR999939.1	11354722
18519 61 61 LR999939.1	10975374
18520 61 61 LR999939.1	10975377
18574 61 61 LR999939.1	11354773
18518 61 61 LR999939.1	10975371
18571 61 61 LR999939.1	11354727
18625 62 62 LR999939.1	11827255
18786 62 64 LR999939.1	13019442
18739 64 65 LR999939.1	12763226
18687 64 65 LR999939.1	12210580
18724 64 65 LR999939.1	12571320
18701 64 65 LR999939.1	12210939
18819 66 66 LR999939.1	13551768
18818 66 66 LR999939.1	13551761
