22962 0 0 LR999944.1	8407501
22566 0 22 LR999944.1	3227955
22564 0 22 LR999944.1	3227948
22571 0 22 LR999944.1	3227999
22537 23 23 LR999944.1	2793268
22539 0 0 LR999944.1	2793426 23
22541 0 0 LR999944.1	2793454 23
22629 26 26 LR999944.1	3919099
22660 26 26 LR999944.1	4436657
22712 28 28 LR999944.1	5522528
22710 28 28 LR999944.1	5522516
22709 28 28 LR999944.1	5522504
22716 28 28 LR999944.1	5522731
22707 28 28 LR999944.1	5522474
22714 28 28 LR999944.1	5522724
22708 28 28 LR999944.1	5522477
22715 28 28 LR999944.1	5522730
22724 29 29 LR999944.1	5666198
22723 29 29 LR999944.1	5666136
22732 30 30 LR999944.1	5894513
22733 30 30 LR999944.1	5894520
22798 33 33 LR999944.1	7322635
22797 33 33 LR999944.1	7322615
22796 33 33 LR999944.1	7322606
22802 33 33 LR999944.1	7322864
22803 33 33 LR999944.1	7322865
22896 33 33 LR999944.1	7894030
22804 33 33 LR999944.1	7322867
22794 33 33 LR999944.1	7322595
22906 33 33 LR999944.1	7943880
22805 33 33 LR999944.1	7322875
22900 33 33 LR999944.1	7921449
22799 33 33 LR999944.1	7322642
22858 34 34 LR999944.1	7667659
22859 34 34 LR999944.1	7667667
22866 35 35 LR999944.1	7667717
22862 35 35 LR999944.1	7667687
22861 35 35 LR999944.1	7667679
22864 35 35 LR999944.1	7667706
22856 35 35 LR999944.1	7667490
22855 35 35 LR999944.1	7667446
22843 34 35 LR999944.1	7538038
22865 35 35 LR999944.1	7667715
22844 34 35 LR999944.1	7538048
22898 36 36 LR999944.1	7894162
22897 36 36 LR999944.1	7894153
22842 37 37 LR999944.1	7538024
22814 33 37 LR999944.1	7395466
22812 33 37 LR999944.1	7395391
22839 37 37 LR999944.1	7538006
22836 37 37 LR999944.1	7537999
22833 37 37 LR999944.1	7537987
22928 39 39 LR999944.1	8122315
22920 33 33 LR999944.1	8120148 39
23008 46 46 LR999944.1	8983270
23058 46 47 LR999944.1	9144140
23052 46 47 LR999944.1	9144096
23017 46 47 LR999944.1	8983456
23050 46 47 LR999944.1	9144082
23029 46 47 LR999944.1	9135401
23059 46 47 LR999944.1	9144145
23031 46 47 LR999944.1	9135405
23060 46 47 LR999944.1	9144149
23001 48 48 LR999944.1	8925606
23030 48 48 LR999944.1	9135404
23002 48 48 LR999944.1	8925607
23028 48 48 LR999944.1	9135365
23153 52 53 LR999944.1	9783318
23174 52 53 LR999944.1	9788658
23154 52 53 LR999944.1	9783334
23164 52 53 LR999944.1	9783378
23175 52 53 LR999944.1	9788665
23185 52 52 LR999944.1	9935423
23181 53 53 LR999944.1	9872987
23158 52 53 LR999944.1	9783342
23140 52 53 LR999944.1	9783241
23186 53 53 LR999944.1	9935429
23179 54 54 LR999944.1	9788777
23177 54 54 LR999944.1	9788720
23176 54 54 LR999944.1	9788705
23178 54 54 LR999944.1	9788763
23180 54 54 LR999944.1	9788818
23200 56 56 LR999944.1	10054763
23202 56 56 LR999944.1	10054810
23201 56 56 LR999944.1	10054808
23252 59 59 LR999944.1	10985706
23250 59 59 LR999944.1	10985596
23253 59 59 LR999944.1	10985720
23287 61 61 LR999944.1	11401899
23282 61 61 LR999944.1	11401675
23317 63 63 LR999944.1	11952428
23359 63 65 LR999944.1	12605276
23352 63 65 LR999944.1	12605045
23351 63 65 LR999944.1	12605042
23355 63 65 LR999944.1	12605191
23354 63 65 LR999944.1	12605096
23326 66 66 LR999944.1	12262895
23332 66 66 LR999944.1	12408323
23347 66 66 LR999944.1	12604840
23349 63 66 LR999944.1	12604990
23348 66 66 LR999944.1	12604969
23327 66 66 LR999944.1	12262997
23334 68 68 LR999944.1	12408351
23336 68 68 LR999944.1	12408356
