28620 0 0 LR999951.1	1728816
28537 0 33 LR999951.1	515918
28525 33 34 LR999951.1	443665
28527 33 34 LR999951.1	443673
28518 35 35 LR999951.1	443573
28558 35 35 LR999951.1	883940
28561 35 35 LR999951.1	884200
28583 39 39 LR999951.1	1300266
28570 39 39 LR999951.1	1299997
28574 39 39 LR999951.1	1300008
28576 39 39 LR999951.1	1300010
28602 40 40 LR999951.1	1453115
28634 40 44 LR999951.1	1940983
28662 40 44 LR999951.1	2074039
28622 40 44 LR999951.1	1866601
28661 40 44 LR999951.1	2074025
28653 40 44 LR999951.1	2073531
28657 40 44 LR999951.1	2073716
28665 40 44 LR999951.1	2074053
28629 40 44 LR999951.1	1940816
28652 40 44 LR999951.1	2073472
28660 40 44 LR999951.1	2074023
28632 40 44 LR999951.1	1940950
28658 40 44 LR999951.1	2073980
28666 40 44 LR999951.1	2074055
28630 40 44 LR999951.1	1940819
28663 40 44 LR999951.1	2074040
28664 40 44 LR999951.1	2074041
28621 40 44 LR999951.1	1866452
28635 40 44 LR999951.1	1940984
28631 40 44 LR999951.1	1940839
28711 45 46 LR999951.1	2648696
28707 45 46 LR999951.1	2648684
28728 45 45 LR999951.1	2755774
28727 45 45 LR999951.1	2755605
28725 45 45 LR999951.1	2755573
28701 45 45 LR999951.1	2648556
28699 45 45 LR999951.1	2648539
28708 45 46 LR999951.1	2648685
28729 45 45 LR999951.1	2755777
28724 45 45 LR999951.1	2755568
28709 45 46 LR999951.1	2648686
28736 46 46 LR999951.1	2807139
28737 46 46 LR999951.1	2807140
28775 51 51 LR999951.1	3331261
28843 51 52 LR999951.1	4147398
28857 51 52 LR999951.1	4147773
28817 51 52 LR999951.1	3908460
28818 51 52 LR999951.1	3908463
28816 51 52 LR999951.1	3908441
28844 51 52 LR999951.1	4147456
28858 51 52 LR999951.1	4147971
28845 51 52 LR999951.1	4147476
28863 51 52 LR999951.1	4148043
28859 51 52 LR999951.1	4147980
28819 51 52 LR999951.1	3908465
28809 51 52 LR999951.1	3908254
28839 51 52 LR999951.1	4147146
28864 51 52 LR999951.1	4148049
28847 53 53 LR999951.1	4147512
28851 53 53 LR999951.1	4147581
28893 55 55 LR999951.1	4653555
28886 55 55 LR999951.1	4392201
28892 56 56 LR999951.1	4518165
28891 56 56 LR999951.1	4518155
28889 56 56 LR999951.1	4518109
28890 56 56 LR999951.1	4518153
