28373 0 0 LR999950.1	8604652
28397 0 1 LR999950.1	8707854
28398 0 1 LR999950.1	8707868
28398 0 1 LR999950.1	8707868
28448 2 2 LR999950.1	9228001
28443 2 2 LR999950.1	9205097
28444 2 2 LR999950.1	9205102
28471 3 3 LR999950.1	9515956
28470 3 3 LR999950.1	9515955
28455 3 3 LR999950.1	9290400
28484 3 3 LR999950.1	9854050
28457 4 4 LR999950.1	9290452
28456 4 4 LR999950.1	9290446
28459 4 4 LR999950.1	9290461
28458 4 4 LR999950.1	9290454
28425 5 5 LR999950.1	9027067
28412 5 5 LR999950.1	8977704
28409 5 5 LR999950.1	8977687
28410 5 5 LR999950.1	8977692
28411 5 5 LR999950.1	8977693
28426 6 6 LR999950.1	9027073
28345 6 9 LR999950.1	7881357
28318 9 11 LR999950.1	7438847 13
28281 11 12 LR999950.1	7368287
28282 11 12 LR999950.1	7368288
28293 11 12 LR999950.1	7368318
28291 11 12 LR999950.1	7368312
28299 9 11 LR999950.1	7401498 13
28273 9 11 LR999950.1	7368085 13
28285 9 11 LR999950.1	7368301 13
28259 14 15 LR999950.1	7142039
28268 14 15 LR999950.1	7250149
28267 14 15 LR999950.1	7250141
28262 14 15 LR999950.1	7142096
28260 14 15 LR999950.1	7142093
28201 18 18 LR999950.1	6913257
28154 18 22 LR999950.1	6432530
28157 18 22 LR999950.1	6432578
28142 18 22 LR999950.1	6345241
28153 18 22 LR999950.1	6432427
28156 18 22 LR999950.1	6432554
28143 18 22 LR999950.1	6345243
28159 18 22 LR999950.1	6432630
28147 18 22 LR999950.1	6345360
28158 18 22 LR999950.1	6432599
28067 24 24 LR999950.1	5536430
28068 24 24 LR999950.1	5536464
28052 25 25 LR999950.1	5258397
28034 25 25 LR999950.1	4894566
28036 25 25 LR999950.1	4894592
28050 25 25 LR999950.1	5258251
28035 25 25 LR999950.1	4894567
28032 25 25 LR999950.1	4894351
27976 26 26 LR999950.1	4654198
27977 26 26 LR999950.1	4654213
27985 26 26 LR999950.1	4654510
27974 26 26 LR999950.1	4654161
27979 26 26 LR999950.1	4654456
27948 29 29 LR999950.1	4234774
27939 29 29 LR999950.1	4234700
27952 29 29 LR999950.1	4234979
27942 29 29 LR999950.1	4234725
27947 29 29 LR999950.1	4234771
27946 29 29 LR999950.1	4234757
27898 29 29 LR999950.1	3837268
27940 29 29 LR999950.1	4234718
27951 29 29 LR999950.1	4234977
27936 29 29 LR999950.1	4234672
27944 29 29 LR999950.1	4234733
27938 29 29 LR999950.1	4234694
27902 29 29 LR999950.1	3837335
27962 30 30 LR999950.1	4338942
27888 30 35 LR999950.1	3765981
27887 30 35 LR999950.1	3765942
27882 30 35 LR999950.1	3754748
27881 30 35 LR999950.1	3754422
27854 36 36 LR999950.1	3591597
27855 36 36 LR999950.1	3591601
27794 38 38 LR999950.1	2814071
27793 38 38 LR999950.1	2813946
27810 38 38 LR999950.1	2888296
27851 38 38 LR999950.1	3365273
27800 38 38 LR999950.1	2888148
27838 38 38 LR999950.1	3315239
27766 43 43 LR999950.1	2361269
27759 43 43 LR999950.1	2360914
27763 43 43 LR999950.1	2360961
27764 43 43 LR999950.1	2360979
27741 43 43 LR999950.1	2193206
27740 43 43 LR999950.1	2193180
27692 44 44 LR999950.1	1971004
27690 44 44 LR999950.1	1970930
27670 45 45 LR999950.1	1579489
27669 45 45 LR999950.1	1579421
27659 49 49 LR999950.1	1288591
27650 49 50 LR999950.1	494564
27627 49 50 LR999950.1	216038
27643 51 51 LR999950.1	439005
27644 51 51 LR999950.1	439007
27641 51 51 LR999950.1	438973
27640 51 51 LR999950.1	438916
