5568 0 0 LR999929.1	1483984
5606 0 1 LR999929.1	1724375
5606 0 1 LR999929.1	1724375
5653 2 2 LR999929.1	2267850
5687 2 2 LR999929.1	2691315
5604 2 2 LR999929.1	1724330
5652 2 2 LR999929.1	2267839
5651 2 2 LR999929.1	2267820
5777 10 10 LR999929.1	4042503
5732 10 10 LR999929.1	3558208
5771 10 10 LR999929.1	4042432
5730 10 10 LR999929.1	3558008
5789 10 10 LR999929.1	4281615
5774 10 10 LR999929.1	4042478
5772 10 10 LR999929.1	4042434
5733 10 10 LR999929.1	3558262
5802 11 11 LR999929.1	4562894
5799 11 11 LR999929.1	4562662
5800 11 11 LR999929.1	4562688
5829 12 12 LR999929.1	4943596
5878 12 14 LR999929.1	5628596
5914 12 13 LR999929.1	5664567
5958 12 13 LR999929.1	6176080
5877 12 14 LR999929.1	5628559
5955 12 13 LR999929.1	6070203
5856 12 13 LR999929.1	5311557
5880 12 14 LR999929.1	5628598
5874 12 14 LR999929.1	5628498
5876 12 14 LR999929.1	5628555
5879 12 14 LR999929.1	5628597
5959 12 13 LR999929.1	6176307
5867 12 14 LR999929.1	5391467
5855 12 13 LR999929.1	5311433
5817 14 14 LR999929.1	4883686
5875 12 14 LR999929.1	5628519
5816 14 14 LR999929.1	4883632
5815 14 14 LR999929.1	4883569
6022 19 19 LR999929.1	7189653
6024 19 19 LR999929.1	7189682
5974 20 20 LR999929.1	6731765
5976 20 20 LR999929.1	6731849
5977 20 20 LR999929.1	6732039
6025 21 21 LR999929.1	7189716
6027 21 21 LR999929.1	7189738
6026 21 21 LR999929.1	7189719
6044 23 23 LR999929.1	7300163
6043 23 23 LR999929.1	7300078
6191 27 27 LR999929.1	9501326
6190 27 27 LR999929.1	9501322
6188 27 27 LR999929.1	9501293
6192 27 27 LR999929.1	9501328
6189 27 27 LR999929.1	9501307
6113 27 27 LR999929.1	8418711
6055 28 28 LR999929.1	7881722
6054 28 28 LR999929.1	7881714
6245 29 29 LR999929.1	9883934
6177 29 29 LR999929.1	9210529
6244 29 29 LR999929.1	9883920
6119 28 29 LR999929.1	8418828
6254 29 29 LR999929.1	9966236
6216 29 29 LR999929.1	9859335
6218 29 29 LR999929.1	9859350
6180 29 29 LR999929.1	9454141
6096 29 29 LR999929.1	8224960
6246 29 29 LR999929.1	9884096
6111 28 29 LR999929.1	8418705
6114 28 29 LR999929.1	8418713
6212 29 29 LR999929.1	9859074
6176 29 29 LR999929.1	9210507
6117 28 29 LR999929.1	8418799
6067 29 29 LR999929.1	8009630
6211 29 29 LR999929.1	9859071
6164 29 29 LR999929.1	9202145
6112 28 29 LR999929.1	8418706
6178 29 29 LR999929.1	9210547
6165 29 29 LR999929.1	9202173
6251 29 29 LR999929.1	9966066
6175 29 29 LR999929.1	9210504
6048 29 29 LR999929.1	7828865
6213 29 29 LR999929.1	9859096
6068 29 29 LR999929.1	8009879
6284 30 30 LR999929.1	10847460
6270 30 30 LR999929.1	10352604
6342 32 32 LR999929.1	11680085
6379 32 32 LR999929.1	11941944
6321 32 32 LR999929.1	11596863
6420 35 35 LR999929.1	12492202
6477 35 36 LR999929.1	13052627
6460 35 36 LR999929.1	13021958
6471 35 36 LR999929.1	13052610
6530 35 36 LR999929.1	13689793
6523 35 36 LR999929.1	13689508
6478 35 36 LR999929.1	13052630
6524 35 36 LR999929.1	13689535
6475 35 36 LR999929.1	13052625
6476 35 36 LR999929.1	13052626
6474 35 36 LR999929.1	13052624
6522 35 36 LR999929.1	13689502
6473 35 36 LR999929.1	13052623
6463 35 36 LR999929.1	13021996
6472 35 36 LR999929.1	13052621
6572 38 38 LR999929.1	14391634
6573 38 38 LR999929.1	14391837
6594 41 41 LR999929.1	14808098
6595 41 41 LR999929.1	14808123
6593 41 41 LR999929.1	14808084
6603 41 41 LR999929.1	14808369
6597 41 41 LR999929.1	14808128
6586 41 41 LR999929.1	14695438
6609 42 42 LR999929.1	15207224
