14459 0 0 LR999936.1	5390678
15093 0 13 LR999936.1	14373176
15090 0 13 LR999936.1	14373049
15110 0 13 LR999936.1	14677845
15118 0 13 LR999936.1	14678042
15112 0 13 LR999936.1	14677861
15108 0 13 LR999936.1	14677668
15111 0 13 LR999936.1	14677850
15051 18 18 LR999936.1	13719215 21
15026 18 18 LR999936.1	13283000 21
15038 20 20 LR999936.1	13656887
15037 20 20 LR999936.1	13656882
15035 20 20 LR999936.1	13656867
15041 20 20 LR999936.1	13656915
15039 20 20 LR999936.1	13656896
15040 20 20 LR999936.1	13656901
15034 20 20 LR999936.1	13656847
15032 21 21 LR999936.1	13289715
14976 21 22 LR999936.1	12708925
14969 22 23 LR999936.1	12649672
14968 22 23 LR999936.1	12649645
14960 24 24 LR999936.1	12625968
14975 24 25 LR999936.1	12708901
14919 24 25 LR999936.1	12376038
14926 24 25 LR999936.1	12445310
14903 28 28 LR999936.1	11926620
14905 28 28 LR999936.1	11926708
14902 28 28 LR999936.1	11926579
14901 28 28 LR999936.1	11898291
14857 32 32 LR999936.1	10865282
14855 32 32 LR999936.1	10865191
14842 34 34 LR999936.1	10724640
14845 34 34 LR999936.1	10724681
14838 34 34 LR999936.1	10724630
14840 34 34 LR999936.1	10724635
14846 34 34 LR999936.1	10724721
14839 34 34 LR999936.1	10724633
14844 34 34 LR999936.1	10724674
14833 35 35 LR999936.1	10483947
14834 35 35 LR999936.1	10483954
14795 36 36 LR999936.1	10214473
14796 36 36 LR999936.1	10214475
14797 36 36 LR999936.1	10214478
14787 36 36 LR999936.1	10214207
14789 36 36 LR999936.1	10214277
14793 36 36 LR999936.1	10214455
14786 36 36 LR999936.1	10214195
14783 36 36 LR999936.1	10203202
14788 36 36 LR999936.1	10214233
14785 36 36 LR999936.1	10214192
14781 36 36 LR999936.1	10203088
14794 36 36 LR999936.1	10214464
14790 36 36 LR999936.1	10214290
14710 37 37 LR999936.1	9306317
14711 37 37 LR999936.1	9306330
14709 37 37 LR999936.1	9306307
14706 37 37 LR999936.1	9306070
14712 37 37 LR999936.1	9306342
14675 39 39 LR999936.1	8797231
14673 39 39 LR999936.1	8797218
14672 39 39 LR999936.1	8797213
14674 39 39 LR999936.1	8797220
14670 39 39 LR999936.1	8797086
14648 41 41 LR999936.1	8661414
14632 41 42 LR999936.1	7806045
14609 42 43 LR999936.1	7421031
14611 42 43 LR999936.1	7421033
14608 42 43 LR999936.1	7421020
14613 42 43 LR999936.1	7421063
14607 42 43 LR999936.1	7421008
14612 42 43 LR999936.1	7421039
14610 42 43 LR999936.1	7421032
14606 42 43 LR999936.1	7421006
14597 46 46 LR999936.1	7357240
14573 46 46 LR999936.1	7127233
14569 46 46 LR999936.1	7126981
14566 46 46 LR999936.1	6773786
14540 50 50 LR999936.1	6439028
14541 50 50 LR999936.1	6439034
14448 50 50 LR999936.1	5227718
14468 50 50 LR999936.1	5419561
14542 50 50 LR999936.1	6439043
14538 50 50 LR999936.1	6438929
14537 50 50 LR999936.1	6438917
14535 50 50 LR999936.1	6438889
14374 53 53 LR999936.1	4571014
14384 53 53 LR999936.1	4571214
14400 53 53 LR999936.1	4745788
14385 53 53 LR999936.1	4571216
14378 53 53 LR999936.1	4571118
14399 53 53 LR999936.1	4745787
14370 53 53 LR999936.1	4570908
14348 54 54 LR999936.1	4363369
14347 54 54 LR999936.1	4363367
14264 55 55 LR999936.1	2975099
14256 55 55 LR999936.1	2975069
14288 55 55 LR999936.1	3303587
14289 55 55 LR999936.1	3303588
14304 55 55 LR999936.1	3500259
14229 56 56 LR999936.1	2694473
14246 56 56 LR999936.1	2974788
14278 56 56 LR999936.1	3129755
14307 56 56 LR999936.1	3500430
14279 56 56 LR999936.1	3129776
14224 56 56 LR999936.1	2535175
14249 56 56 LR999936.1	2975025
14260 56 56 LR999936.1	2975081
14306 56 56 LR999936.1	3500365
14231 56 56 LR999936.1	2694688
14225 56 56 LR999936.1	2535189
14270 56 56 LR999936.1	3129531
14273 56 56 LR999936.1	3129716
14242 56 56 LR999936.1	2858064
14275 56 56 LR999936.1	3129721
14277 56 56 LR999936.1	3129754
14276 56 56 LR999936.1	3129750
14219 56 56 LR999936.1	2510420
14274 56 56 LR999936.1	3129717
14165 58 58 LR999936.1	1528075
14170 58 58 LR999936.1	1528222
14190 58 58 LR999936.1	2073490
14171 58 58 LR999936.1	1528233
14154 58 58 LR999936.1	1323189
14124 58 58 LR999936.1	1142182
14125 58 58 LR999936.1	1142268
14166 58 58 LR999936.1	1528091
14169 58 58 LR999936.1	1528130
14127 58 58 LR999936.1	1142310
14178 58 58 LR999936.1	1720138
14194 58 58 LR999936.1	2073701
14192 58 58 LR999936.1	2073509
14168 58 58 LR999936.1	1528127
14126 58 58 LR999936.1	1142273
14167 58 58 LR999936.1	1528103
14107 62 62 LR999936.1	939277
14084 62 63 LR999936.1	744726
14093 62 63 LR999936.1	744933
14086 62 63 LR999936.1	744751
14085 62 63 LR999936.1	744730
14099 62 63 LR999936.1	744973
14088 62 63 LR999936.1	744775
14098 62 63 LR999936.1	744972
14097 62 63 LR999936.1	744962
14073 62 63 LR999936.1	375640
14094 62 63 LR999936.1	744935
14095 62 63 LR999936.1	744939
14058 64 65 LR999936.1	85260
14069 64 65 LR999936.1	131458
