12718 0 0 LR999935.1	163744
12718 0 0 LR999935.1	163744
12713 2 2 LR999935.1	159981
12712 2 2 LR999935.1	159966
12750 4 4 LR999935.1	728169
12784 4 9 LR999935.1	1829657
12775 4 9 LR999935.1	1780227
12911 10 10 LR999935.1	2924585
12912 10 10 LR999935.1	2924623
12915 10 10 LR999935.1	2924859
12914 10 10 LR999935.1	2924852
12944 11 12 LR999935.1	3154110
12921 11 12 LR999935.1	2936477
12820 12 14 LR999935.1	2146675
12824 12 14 LR999935.1	2146683
12826 12 14 LR999935.1	2146688
12835 12 14 LR999935.1	2146702
12827 12 14 LR999935.1	2146689
12812 12 14 LR999935.1	2146663
12819 12 14 LR999935.1	2146673
12813 12 14 LR999935.1	2146664
12833 12 14 LR999935.1	2146700
12831 12 14 LR999935.1	2146696
12822 12 14 LR999935.1	2146677
12823 12 14 LR999935.1	2146679
12817 12 14 LR999935.1	2146670
12834 12 14 LR999935.1	2146701
12818 12 14 LR999935.1	2146671
12816 12 14 LR999935.1	2146669
12830 12 14 LR999935.1	2146694
12829 12 14 LR999935.1	2146691
12814 12 14 LR999935.1	2146667
12882 12 12 LR999935.1	2639154 17
12883 12 12 LR999935.1	2639156 17
12879 12 12 LR999935.1	2638952 17
12880 12 12 LR999935.1	2638988 17
12928 11 12 LR999935.1	2936597 17
12922 11 12 LR999935.1	2936483 17
13046 21 21 LR999935.1	4867773
13030 21 21 LR999935.1	4498692
13013 21 21 LR999935.1	4330171
13036 21 21 LR999935.1	4564738
13042 21 21 LR999935.1	4867495
13045 21 21 LR999935.1	4867731
13098 22 22 LR999935.1	5375078
13104 22 22 LR999935.1	5479610
13075 22 22 LR999935.1	5289059
13081 22 22 LR999935.1	5289226
13085 22 22 LR999935.1	5367988
13102 22 22 LR999935.1	5479489
13089 22 22 LR999935.1	5368136
13103 22 22 LR999935.1	5479519
13086 22 22 LR999935.1	5368050
13092 22 22 LR999935.1	5368175
13047 22 22 LR999935.1	4867788
13116 26 26 LR999935.1	5795401
13140 26 26 LR999935.1	5994820
13107 26 26 LR999935.1	5580969
13108 26 26 LR999935.1	5581039
13134 27 27 LR999935.1	5994655
13141 27 27 LR999935.1	5994838
13133 27 27 LR999935.1	5994628
13139 27 27 LR999935.1	5994736
13144 27 27 LR999935.1	6013624
13207 28 28 LR999935.1	6971102
13231 28 28 LR999935.1	6971361
13214 28 28 LR999935.1	6971160
13174 28 28 LR999935.1	6692024
13208 28 28 LR999935.1	6971103
13227 28 28 LR999935.1	6971338
13224 28 28 LR999935.1	6971327
13215 28 28 LR999935.1	6971172
13168 28 28 LR999935.1	6691931
13218 28 28 LR999935.1	6971281
13219 28 28 LR999935.1	6971283
13210 28 28 LR999935.1	6971107
13213 28 28 LR999935.1	6971153
13228 28 28 LR999935.1	6971352
13175 28 28 LR999935.1	6692061
13229 28 28 LR999935.1	6971353
13225 28 28 LR999935.1	6971328
13206 28 28 LR999935.1	6971101
13171 28 28 LR999935.1	6692005
13287 30 30 LR999935.1	7504613
13289 30 30 LR999935.1	7504789
13293 30 30 LR999935.1	7688170
13288 30 30 LR999935.1	7504728
13286 30 30 LR999935.1	7504611
13285 30 30 LR999935.1	7504609
13295 30 30 LR999935.1	7697446
13290 30 30 LR999935.1	7504804
13367 33 33 LR999935.1	8887442
13369 33 33 LR999935.1	8887655
13366 33 33 LR999935.1	8887437
13378 35 35 LR999935.1	9128723
13400 35 35 LR999935.1	9376886
13397 35 35 LR999935.1	9328225
13383 35 35 LR999935.1	9145013
13413 36 36 LR999935.1	9631512
13415 36 36 LR999935.1	9631611
13438 36 36 LR999935.1	9729162
13417 36 36 LR999935.1	9631683
13410 36 36 LR999935.1	9631449
13533 39 39 LR999935.1	10707227
13558 39 39 LR999935.1	10707497
13448 39 39 LR999935.1	9977037
13551 39 39 LR999935.1	10707377
13557 39 39 LR999935.1	10707494
13550 39 39 LR999935.1	10707370
13537 39 39 LR999935.1	10707268
13473 39 39 LR999935.1	10051909
13472 39 39 LR999935.1	10051866
13536 39 39 LR999935.1	10707242
13475 39 39 LR999935.1	10051931
13451 39 39 LR999935.1	9977131
13482 39 39 LR999935.1	10216516
13566 39 39 LR999935.1	10736176
13524 39 39 LR999935.1	10624091
13534 39 39 LR999935.1	10707229
13556 39 39 LR999935.1	10707459
13549 39 39 LR999935.1	10707366
13474 39 39 LR999935.1	10051912
13532 39 39 LR999935.1	10707226
13483 39 39 LR999935.1	10216570
13477 39 39 LR999935.1	10052084
13562 39 39 LR999935.1	10735992
13548 39 39 LR999935.1	10707363
13554 39 39 LR999935.1	10707408
13547 39 39 LR999935.1	10707354
13559 39 39 LR999935.1	10707523
13476 39 39 LR999935.1	10052023
13574 40 40 LR999935.1	10865144
13573 40 40 LR999935.1	10865139
13571 40 40 LR999935.1	10865100
13629 41 41 LR999935.1	11212582
13636 41 41 LR999935.1	11212812
13645 41 41 LR999935.1	11216087
13644 41 41 LR999935.1	11216068
13625 41 41 LR999935.1	11212527
13643 41 41 LR999935.1	11216063
13611 41 41 LR999935.1	11196087
13637 41 41 LR999935.1	11212845
13626 41 41 LR999935.1	11212535
13635 41 41 LR999935.1	11212790
13633 41 41 LR999935.1	11212784
13649 42 42 LR999935.1	11373013
13694 42 45 LR999935.1	12046021
13697 42 45 LR999935.1	12046040
13691 42 45 LR999935.1	12046004
13702 42 45 LR999935.1	12046183
13699 42 45 LR999935.1	12046067
13688 42 45 LR999935.1	12045991
13703 42 45 LR999935.1	12046241
13689 42 45 LR999935.1	12046000
13690 42 45 LR999935.1	12046003
13701 42 45 LR999935.1	12046182
13700 42 45 LR999935.1	12046068
13695 42 45 LR999935.1	12046027
13693 42 45 LR999935.1	12046008
13692 42 45 LR999935.1	12046006
13698 42 45 LR999935.1	12046046
13758 49 49 LR999935.1	12456706
13784 49 49 LR999935.1	12634663
13769 49 49 LR999935.1	12456878
13768 49 49 LR999935.1	12456868
13782 49 49 LR999935.1	12634601
13762 49 49 LR999935.1	12456752
13764 49 49 LR999935.1	12456775
13774 50 50 LR999935.1	12480921
13772 50 50 LR999935.1	12480907
13773 50 50 LR999935.1	12480912
13824 53 54 LR999935.1	13301033
13985 53 54 LR999935.1	14352501
13904 53 54 LR999935.1	14056270
13943 53 54 LR999935.1	14297941
13940 53 54 LR999935.1	14297759
13913 53 54 LR999935.1	14056451
13941 53 54 LR999935.1	14297791
13906 53 54 LR999935.1	14056278
13907 53 54 LR999935.1	14056279
13914 53 54 LR999935.1	14056461
14028 56 56 LR999935.1	14722053
14050 56 56 LR999935.1	14838930
14051 56 56 LR999935.1	14838937
14049 56 56 LR999935.1	14838689
14033 56 56 LR999935.1	14722160
14029 56 56 LR999935.1	14722115
14032 56 56 LR999935.1	14722155
14031 56 56 LR999935.1	14722143
14030 56 56 LR999935.1	14722130
14034 56 56 LR999935.1	14722163
14048 56 56 LR999935.1	14838673
14046 57 57 LR999935.1	14838632
14047 57 57 LR999935.1	14838669
