10426 0 0 LR999932.1	15354538
10426 0 0 LR999932.1	15354538
10388 3 3 LR999932.1	14412107
10368 3 3 LR999932.1	14248799
10365 3 3 LR999932.1	14248774
10390 3 3 LR999932.1	14412119
10369 3 3 LR999932.1	14248959
10361 3 3 LR999932.1	14208048
10393 3 3 LR999932.1	14412151
10389 3 3 LR999932.1	14412115
10366 3 3 LR999932.1	14248786
10386 3 3 LR999932.1	14411993
10364 3 3 LR999932.1	14248770
10359 3 3 LR999932.1	14207879
10387 3 3 LR999932.1	14412000
10367 3 3 LR999932.1	14248788
10349 4 4 LR999932.1	14197073
10350 4 4 LR999932.1	14197076
10347 4 4 LR999932.1	14197049
10352 4 4 LR999932.1	14197169
10330 6 6 LR999932.1	13778019
10337 6 6 LR999932.1	13891269
10329 6 6 LR999932.1	13778012
10170 13 13 LR999932.1	11784157
10171 13 13 LR999932.1	11784161
10169 13 13 LR999932.1	11784150
10173 13 13 LR999932.1	11784183
10172 13 13 LR999932.1	11784171
10175 14 14 LR999932.1	11784199
10168 14 14 LR999932.1	11784128
10177 14 14 LR999932.1	11784202
10046 15 15 LR999932.1	10629149
10049 15 15 LR999932.1	10629247
10050 15 15 LR999932.1	10629250
10121 16 16 LR999932.1	11432619
10109 16 16 LR999932.1	11390600
10085 16 16 LR999932.1	11046322
10120 16 16 LR999932.1	11432616
10133 16 16 LR999932.1	11432724
10131 16 16 LR999932.1	11432712
10134 16 16 LR999932.1	11432742
10114 16 16 LR999932.1	11390632
10125 16 16 LR999932.1	11432644
10210 16 16 LR999932.1	11951968
10209 16 16 LR999932.1	11951949
10107 16 16 LR999932.1	11390566
10118 16 16 LR999932.1	11432601
10122 16 16 LR999932.1	11432621
10132 16 16 LR999932.1	11432717
10123 16 16 LR999932.1	11432637
10124 16 16 LR999932.1	11432639
10119 16 16 LR999932.1	11432609
10117 16 16 LR999932.1	11390775
10108 16 16 LR999932.1	11390598
10127 16 16 LR999932.1	11432686
10126 16 16 LR999932.1	11432669
10115 16 16 LR999932.1	11390654
10116 16 16 LR999932.1	11390659
10028 16 16 LR999932.1	10562983
10129 16 16 LR999932.1	11432701
10110 16 16 LR999932.1	11390602
10111 16 16 LR999932.1	11390603
10130 16 16 LR999932.1	11432706
14818 16 16 LR999936.1	10381566
10083 16 16 LR999932.1	11046290
10103 16 16 LR999932.1	11116480
10112 16 16 LR999932.1	11390613
9946 17 17 LR999932.1	9554695
9947 17 17 LR999932.1	9554703
9858 18 18 LR999932.1	8464608
9914 18 18 LR999932.1	9303934
9862 18 18 LR999932.1	8464695
9857 18 18 LR999932.1	8464585
9932 18 18 LR999932.1	9373501
9903 18 18 LR999932.1	9072435
9916 18 18 LR999932.1	9303966
9900 18 18 LR999932.1	9072114
9851 18 18 LR999932.1	8215542
9806 19 19 LR999932.1	7591888
9739 19 19 LR999932.1	6255138
9810 19 19 LR999932.1	7591933
9809 19 19 LR999932.1	7591915
9805 19 19 LR999932.1	7591847
9712 19 19 LR999932.1	6181516
9711 19 19 LR999932.1	6181504
9705 19 19 LR999932.1	6082986
9741 19 19 LR999932.1	6255146
9814 19 19 LR999932.1	7592131
9708 19 19 LR999932.1	6181391
9743 19 19 LR999932.1	6255154
9709 19 19 LR999932.1	6181400
9793 19 19 LR999932.1	7234688
9811 19 19 LR999932.1	7591934
9817 19 19 LR999932.1	7592224
9677 20 20 LR999932.1	6007154
9674 20 20 LR999932.1	6007129
9701 20 20 LR999932.1	6007695
9673 20 20 LR999932.1	6007100
9691 20 20 LR999932.1	6007417
9697 20 20 LR999932.1	6007496
9622 20 20 LR999932.1	5165834
9640 20 20 LR999932.1	5668231
9703 20 20 LR999932.1	6007743
9683 20 20 LR999932.1	6007328
9699 20 20 LR999932.1	6007676
9702 20 20 LR999932.1	6007716
9621 20 20 LR999932.1	5165824
9646 20 20 LR999932.1	5668348
9618 20 20 LR999932.1	5165791
9617 20 20 LR999932.1	5165775
9676 20 20 LR999932.1	6007148
9597 20 20 LR999932.1	4607807
9616 20 20 LR999932.1	5165770
9645 20 20 LR999932.1	5668338
9615 20 20 LR999932.1	5165754
9649 20 20 LR999932.1	5668461
9619 20 20 LR999932.1	5165818
9620 20 20 LR999932.1	5165819
9642 20 20 LR999932.1	5668264
9678 20 20 LR999932.1	6007169
9679 20 20 LR999932.1	6007292
9675 20 20 LR999932.1	6007145
9626 21 21 LR999932.1	5371779
9627 21 21 LR999932.1	5371808
9441 27 27 LR999932.1	2955899
9498 27 28 LR999932.1	3599547
9440 27 28 LR999932.1	2955801
9483 29 29 LR999932.1	3447302
