16322 0 0 LR999938.1	91686
16323 0 0 LR999938.1	91731
16323 0 0 LR999938.1	91731
16374 0 1 LR999938.1	928290
16373 0 1 LR999938.1	928278
16344 0 1 LR999938.1	315581
16366 0 1 LR999938.1	928074
16343 0 1 LR999938.1	315519
16444 3 3 LR999938.1	1994918
16443 3 3 LR999938.1	1994870
16480 7 7 LR999938.1	2349036
16471 7 7 LR999938.1	2296655
16482 7 7 LR999938.1	2349385
16509 8 8 LR999938.1	2798029
16623 8 9 LR999938.1	4033444
16621 8 9 LR999938.1	4033249
16634 10 10 LR999938.1	4177803
16723 10 11 LR999938.1	4910558
16669 10 11 LR999938.1	4310244
16725 10 11 LR999938.1	4910592
16673 10 11 LR999938.1	4373829
16721 10 11 LR999938.1	4910549
16679 10 11 LR999938.1	4407152
16678 10 11 LR999938.1	4407147
16671 10 11 LR999938.1	4373733
16808 12 12 LR999938.1	5841189
16818 12 12 LR999938.1	5924623
16758 12 12 LR999938.1	5016970
16769 12 12 LR999938.1	5277894
16869 13 13 LR999938.1	6628000
16858 13 13 LR999938.1	6538651
16866 13 13 LR999938.1	6627904
16886 14 14 LR999938.1	6683091
16887 14 14 LR999938.1	6683103
16889 14 14 LR999938.1	6683115
17087 20 20 LR999938.1	9589324
17089 20 20 LR999938.1	9589359
17086 20 20 LR999938.1	9589306
17090 20 20 LR999938.1	9589381
17015 20 21 LR999938.1	8933556
17017 20 20 LR999938.1	8933736
17074 21 21 LR999938.1	9484036
17076 21 21 LR999938.1	9484334
17000 21 21 LR999938.1	8671980
17075 21 21 LR999938.1	9484073
17060 20 21 LR999938.1	9483713
17073 21 21 LR999938.1	9484018
17018 20 21 LR999938.1	8933770
17008 21 21 LR999938.1	8861849
17097 21 21 LR999938.1	9612263
16981 21 21 LR999938.1	8564531
17109 21 21 LR999938.1	9736264
16980 21 21 LR999938.1	8564497
17061 20 21 LR999938.1	9483715
17098 21 21 LR999938.1	9612286
17094 21 21 LR999938.1	9612055
17104 21 21 LR999938.1	9614124
17340 22 22 LR999938.1	11558196
17234 22 22 LR999938.1	10478247
17369 22 22 LR999938.1	11662568
17383 22 22 LR999938.1	11670682
17271 22 22 LR999938.1	10666240
17336 22 22 LR999938.1	11126941
17406 22 22 LR999938.1	11940396
17404 22 22 LR999938.1	11940349
17198 22 22 LR999938.1	10352307
17412 22 22 LR999938.1	12083328
17253 22 22 LR999938.1	10555860
17330 22 22 LR999938.1	11126697
17382 22 22 LR999938.1	11670543
17380 22 22 LR999938.1	11670537
17156 22 22 LR999938.1	10103753
17244 22 22 LR999938.1	10520442
17157 22 22 LR999938.1	10103759
17197 22 22 LR999938.1	10352305
17259 22 22 LR999938.1	10648980
17249 22 22 LR999938.1	10555715
17260 22 22 LR999938.1	10649243
17303 22 22 LR999938.1	10685920
17196 22 22 LR999938.1	10352291
17304 22 22 LR999938.1	10685955
17159 22 22 LR999938.1	10103815
17367 22 22 LR999938.1	11662555
17381 22 22 LR999938.1	11670541
17407 22 22 LR999938.1	11940411
17199 22 22 LR999938.1	10352319
17158 22 22 LR999938.1	10103780
17379 22 22 LR999938.1	11670530
17339 22 22 LR999938.1	11558190
17299 22 22 LR999938.1	10685792
17337 22 22 LR999938.1	11558170
17250 22 22 LR999938.1	10555718
17344 22 22 LR999938.1	11558271
17251 22 22 LR999938.1	10555821
17138 22 22 LR999938.1	10045576
17341 22 22 LR999938.1	11558200
17268 23 23 LR999938.1	10666225
17274 23 23 LR999938.1	10666319
17265 23 23 LR999938.1	10666190
17273 23 23 LR999938.1	10666317
17267 23 23 LR999938.1	10666211
17275 23 23 LR999938.1	10666340
17269 23 23 LR999938.1	10666236
17270 23 23 LR999938.1	10666239
17266 23 23 LR999938.1	10666210
17426 27 27 LR999938.1	12341411
17471 27 28 LR999938.1	12886361
17447 27 28 LR999938.1	12692780
17480 27 28 LR999938.1	12886589
17488 27 28 LR999938.1	12974095
17439 27 28 LR999938.1	12692733
17490 27 28 LR999938.1	12974187
17479 27 28 LR999938.1	12886588
17451 27 28 LR999938.1	12693053
17446 27 28 LR999938.1	12692774
17450 27 28 LR999938.1	12693000
17532 29 29 LR999938.1	13509421
17530 29 29 LR999938.1	13509334
17525 30 30 LR999938.1	13477580
17519 30 30 LR999938.1	13477384
17526 30 30 LR999938.1	13477583
17522 30 30 LR999938.1	13477518
17521 30 30 LR999938.1	13477485
17518 30 30 LR999938.1	13477383
