24453 0 0 LR999946.1	345845
24455 0 0 LR999946.1	345853
24454 0 0 LR999946.1	345848
24477 1 1 LR999946.1	481123
24478 1 1 LR999946.1	481133
24476 1 1 LR999946.1	481111
24453 0 0 LR999946.1	345845
24479 1 1 LR999946.1	481216
24462 2 2 LR999946.1	470152
24517 2 5 LR999946.1	1441750
24504 2 5 LR999946.1	1281552
24510 2 5 LR999946.1	1441480
24503 2 5 LR999946.1	1281504
24572 11 11 LR999946.1	2640558
24571 11 11 LR999946.1	2640513
24592 14 14 LR999946.1	3472227
24593 14 14 LR999946.1	3472237
24590 14 14 LR999946.1	3472205
24589 14 14 LR999946.1	3472204
24597 14 14 LR999946.1	3472350
24595 14 14 LR999946.1	3472339
24649 21 21 LR999946.1	4030132
24650 21 21 LR999946.1	4030364
24653 21 21 LR999946.1	4030425
24651 21 21 LR999946.1	4030367
24669 24 24 LR999946.1	4446945
24668 24 24 LR999946.1	4446941
24667 24 24 LR999946.1	4446895
24704 26 26 LR999946.1	5018689
24725 26 27 LR999946.1	5397987
24723 26 27 LR999946.1	5397946
24710 26 27 LR999946.1	5185796
24724 26 27 LR999946.1	5397977
24731 28 28 LR999946.1	5502712
24776 28 31 LR999946.1	6224312
24775 28 31 LR999946.1	6224308
24783 28 31 LR999946.1	6224720
24778 28 31 LR999946.1	6224336
24768 28 31 LR999946.1	6224202
24948 32 32 LR999946.1	8106267
24878 32 32 LR999946.1	7384977
24944 32 32 LR999946.1	8106053
24930 32 32 LR999946.1	7915176
24929 32 32 LR999946.1	7915175
24893 32 32 LR999946.1	7385213
24805 32 32 LR999946.1	6474228
24818 33 33 LR999946.1	6474448
24823 33 33 LR999946.1	6474522
24794 32 33 LR999946.1	6466548
24819 33 33 LR999946.1	6474449
24946 33 33 LR999946.1	8106116
24996 34 34 LR999946.1	8498118
24846 34 35 LR999946.1	6878028
24974 34 34 LR999946.1	8411966
24970 35 35 LR999946.1	8402390
24972 35 35 LR999946.1	8402627
25024 36 36 LR999946.1	8918171
25023 36 36 LR999946.1	8918164
25051 37 37 LR999946.1	9131947
25062 37 37 LR999946.1	9175569
25039 37 37 LR999946.1	9017573
25094 37 37 LR999946.1	9293009
25061 37 37 LR999946.1	9175568
25031 37 37 LR999946.1	9017302
25038 37 37 LR999946.1	9017520
25034 37 37 LR999946.1	9017319
25033 37 37 LR999946.1	9017308
25054 37 37 LR999946.1	9175319
25088 37 37 LR999946.1	9292832
25104 38 38 LR999946.1	9359426
25139 38 38 LR999946.1	9652764
25098 38 38 LR999946.1	9359398
25137 38 38 LR999946.1	9652662
25108 38 38 LR999946.1	9359497
25258 48 48 LR999946.1	11747255
25250 48 48 LR999946.1	11747006
25249 48 48 LR999946.1	11746982
25252 48 48 LR999946.1	11747016
25256 48 48 LR999946.1	11747190
25245 48 48 LR999946.1	11746948
25251 48 48 LR999946.1	11747009
25246 48 48 LR999946.1	11746952
25353 49 49 LR999946.1	12451386
25352 49 49 LR999946.1	12451368
