3080 0 0 LR999927.1	6419559
3080 0 0 LR999927.1	6419559
3076 0 0 LR999927.1	6419513
3077 0 0 LR999927.1	6419523
3081 0 0 LR999927.1	6419573
3078 0 0 LR999927.1	6419549
3079 0 0 LR999927.1	6419551
3082 1 1 LR999927.1	6419666
2999 1 2 LR999927.1	5974377
3058 1 2 LR999927.1	6392473
3031 3 4 LR999927.1	6248505
3033 3 3 LR999927.1	6248613
3006 3 3 LR999927.1	6062442 5
2964 4 4 LR999927.1	5461112
3032 4 4 LR999927.1	6248516
3008 4 4 LR999927.1	6062639
2962 4 4 LR999927.1	5461087
3034 4 4 LR999927.1	6248651
2932 4 4 LR999927.1	4853774
2965 4 4 LR999927.1	5461116
2933 4 4 LR999927.1	4853893
3061 4 4 LR999927.1	6392539
2888 5 5 LR999927.1	2645954
2973 5 5 LR999927.1	5461375
3053 5 5 LR999927.1	6383443
2974 5 5 LR999927.1	5461378
3047 5 5 LR999927.1	6279715
2967 5 5 LR999927.1	5461125
2889 5 5 LR999927.1	2645984
2966 5 5 LR999927.1	5461124
2963 5 5 LR999927.1	5461094
2975 5 5 LR999927.1	5461421
3012 5 5 LR999927.1	6066267
3171 7 7 LR999927.1	7477821
3176 7 7 LR999927.1	7477832
3175 7 7 LR999927.1	7477829
3145 7 7 LR999927.1	7263430
3172 7 7 LR999927.1	7477822
3179 7 7 LR999927.1	7477849
3188 7 7 LR999927.1	7603449
3167 7 7 LR999927.1	7477664
3148 7 7 LR999927.1	7263644
3260 9 9 LR999927.1	8361947
3247 9 9 LR999927.1	8349656
3261 9 9 LR999927.1	8361948
3259 9 9 LR999927.1	8361935
3262 9 9 LR999927.1	8361950
3244 9 9 LR999927.1	8250670
3286 9 9 LR999927.1	8491116
3374 11 11 LR999927.1	9143264
3373 11 11 LR999927.1	9143211
3328 11 11 LR999927.1	8737536
3311 11 11 LR999927.1	8727636
3321 11 11 LR999927.1	8727984
3297 11 11 LR999927.1	8632651
3306 11 11 LR999927.1	8695331
3351 11 11 LR999927.1	8933381
3295 11 11 LR999927.1	8632604
3369 11 11 LR999927.1	9120222
3312 11 11 LR999927.1	8727654
3382 11 11 LR999927.1	9172678
3414 11 11 LR999927.1	9402670
3330 11 11 LR999927.1	8738077
3418 12 12 LR999927.1	9574324
3519 12 12 LR999927.1	10074564
3426 12 12 LR999927.1	9594620
3440 12 12 LR999927.1	9685888
3504 12 12 LR999927.1	10068160
3516 12 12 LR999927.1	10074304
3437 12 12 LR999927.1	9685880
3508 12 12 LR999927.1	10068187
3483 12 12 LR999927.1	9845734
3518 12 12 LR999927.1	10074557
3423 12 12 LR999927.1	9594105
3517 12 12 LR999927.1	10074347
3490 12 12 LR999927.1	9962380
3534 12 12 LR999927.1	10079686
3513 12 12 LR999927.1	10068216
3553 13 13 LR999927.1	10318921
3552 13 13 LR999927.1	10318920
3551 13 13 LR999927.1	10318913
3547 13 13 LR999927.1	10318883
3554 13 13 LR999927.1	10318932
3603 14 14 LR999927.1	10686769
3634 14 14 LR999927.1	10888328
3614 14 14 LR999927.1	10789340
3602 14 14 LR999927.1	10686685
3631 14 14 LR999927.1	10796151
3632 14 14 LR999927.1	10796271
3619 14 14 LR999927.1	10789397
3617 14 14 LR999927.1	10789379
3635 14 14 LR999927.1	10888338
3618 14 14 LR999927.1	10789382
3669 16 16 LR999927.1	11645808
3696 16 16 LR999927.1	11840452
3697 16 16 LR999927.1	11840471
3722 21 21 LR999927.1	11982277
3746 21 21 LR999927.1	12062435
3737 21 21 LR999927.1	12047834
3728 21 21 LR999927.1	11982693
3738 21 21 LR999927.1	12047854
3724 21 21 LR999927.1	11982407
3744 21 21 LR999927.1	12062274
3723 21 21 LR999927.1	11982403
3797 22 22 LR999927.1	12907534
3779 22 22 LR999927.1	12852555
3778 22 22 LR999927.1	12852543
3780 22 22 LR999927.1	12852647
3796 22 22 LR999927.1	12907509
3783 22 22 LR999927.1	12852769
3794 22 22 LR999927.1	12907359
3782 22 22 LR999927.1	12852759
3763 22 22 LR999927.1	12653949
3781 22 22 LR999927.1	12852751
3820 25 25 LR999927.1	13340112
3837 25 26 LR999927.1	13409647
3846 25 26 LR999927.1	13456944
3847 25 26 LR999927.1	13456948
3835 25 26 LR999927.1	13409520
3834 25 26 LR999927.1	13409494
3833 25 26 LR999927.1	13409493
3832 25 26 LR999927.1	13409461
3862 27 27 LR999927.1	13513072
3958 27 32 LR999927.1	14495832
3889 32 33 LR999927.1	14183733
3890 32 33 LR999927.1	14183743
3894 32 33 LR999927.1	14183762
3892 32 33 LR999927.1	14183749
3891 32 33 LR999927.1	14183748
3893 32 33 LR999927.1	14183750
3888 32 33 LR999927.1	14183720
3887 32 33 LR999927.1	14183717
3886 32 33 LR999927.1	14183707
3930 34 34 LR999927.1	14434752
3909 34 34 LR999927.1	14316679
3912 34 34 LR999927.1	14316702
3969 34 34 LR999927.1	14685357
3952 34 34 LR999927.1	14462629
3911 34 34 LR999927.1	14316684
3944 34 34 LR999927.1	14434932
3939 34 34 LR999927.1	14434809
3951 34 34 LR999927.1	14462592
3915 34 34 LR999927.1	14316899
3913 34 34 LR999927.1	14316727
3971 34 34 LR999927.1	14685438
3979 35 35 LR999927.1	14852983
4013 35 35 LR999927.1	15263611
3980 35 35 LR999927.1	14853054
3977 35 35 LR999927.1	14852955
3976 35 35 LR999927.1	14852947
4060 37 37 LR999927.1	15375480
4082 37 37 LR999927.1	15598815
4061 37 37 LR999927.1	15375487
4075 37 37 LR999927.1	15598626
4058 37 37 LR999927.1	15375439
4059 37 37 LR999927.1	15375449
4080 37 37 LR999927.1	15598747
4054 37 37 LR999927.1	15375398
4081 37 37 LR999927.1	15598762
