21762 0 0 LR999943.1	4363205
21304 0 23 LR999943.1	412137
21305 0 23 LR999943.1	412145
21314 0 23 LR999943.1	412406
21312 0 23 LR999943.1	412399
21387 24 24 LR999943.1	941745
21406 24 24 LR999943.1	1029258
21349 24 24 LR999943.1	475132
21344 24 24 LR999943.1	474968
21405 24 24 LR999943.1	1029249
21412 24 24 LR999943.1	1299679
21386 24 24 LR999943.1	941733
21340 24 24 LR999943.1	474946
21407 24 24 LR999943.1	1029259
21359 24 24 LR999943.1	644078
21360 24 24 LR999943.1	644294
21391 24 24 LR999943.1	941919
21351 24 24 LR999943.1	475151
21341 24 24 LR999943.1	474956
21369 24 24 LR999943.1	814721
21399 24 24 LR999943.1	1021034
21350 24 24 LR999943.1	475136
21664 31 32 LR999943.1	3272659
21668 31 31 LR999943.1	3798908
21652 32 32 LR999943.1	3246054
21647 32 32 LR999943.1	3245861
21654 32 32 LR999943.1	3246066
21651 32 32 LR999943.1	3246052
21650 32 32 LR999943.1	3245878
21666 32 32 LR999943.1	3798855
21648 32 32 LR999943.1	3245871
21653 32 32 LR999943.1	3246064
21665 32 32 LR999943.1	3798853
21649 32 32 LR999943.1	3245876
21725 34 34 LR999943.1	4320037
21764 34 34 LR999943.1	4363212
21754 34 34 LR999943.1	4362898
21698 34 34 LR999943.1	4129817
21776 34 34 LR999943.1	4470681
21726 34 34 LR999943.1	4320040
21747 34 34 LR999943.1	4362820
21782 34 34 LR999943.1	4470767
21741 34 34 LR999943.1	4362724
21778 34 34 LR999943.1	4470693
21710 34 34 LR999943.1	4130017
21705 34 34 LR999943.1	4129901
21748 34 34 LR999943.1	4362823
21780 34 34 LR999943.1	4470703
21774 34 34 LR999943.1	4470673
21794 35 35 LR999943.1	4787222
21793 35 35 LR999943.1	4787220
21798 35 35 LR999943.1	4787393
21830 35 35 LR999943.1	5394850
21795 35 35 LR999943.1	4787237
21803 35 35 LR999943.1	4908148
21805 35 35 LR999943.1	4908152
21829 35 35 LR999943.1	5394830
21804 35 35 LR999943.1	4908151
21799 35 35 LR999943.1	4787404
21846 36 36 LR999943.1	5708836
21843 36 36 LR999943.1	5708559
21840 36 36 LR999943.1	5708544
21842 36 36 LR999943.1	5708554
21844 36 36 LR999943.1	5708637
21841 36 36 LR999943.1	5708548
21823 36 36 LR999943.1	5340055
21897 40 40 LR999943.1	6822613
21903 40 40 LR999943.1	6968417
21889 40 40 LR999943.1	6683423
21888 40 40 LR999943.1	6683387
21932 42 42 LR999943.1	7342554
21930 42 42 LR999943.1	7342540
21925 42 42 LR999943.1	7322473
21920 42 42 LR999943.1	7273669
21937 42 42 LR999943.1	7342746
21919 42 42 LR999943.1	7273559
21931 42 42 LR999943.1	7342541
21952 45 45 LR999943.1	7541856
22038 45 46 LR999943.1	8279364
22037 45 46 LR999943.1	8279359
22049 45 46 LR999943.1	8343615
22050 45 46 LR999943.1	8343661
21980 45 46 LR999943.1	7813318
21972 45 46 LR999943.1	7797730
21971 45 46 LR999943.1	7797663
22031 45 46 LR999943.1	8229856
21973 45 46 LR999943.1	7797731
22039 45 46 LR999943.1	8279394
22032 45 46 LR999943.1	8229858
22108 48 48 LR999943.1	9012273
22110 48 48 LR999943.1	9012278
22103 48 48 LR999943.1	9012231
22137 49 49 LR999943.1	9086898
22138 49 49 LR999943.1	9087071
22144 51 51 LR999943.1	9350729
22145 51 51 LR999943.1	9350733
22141 51 51 LR999943.1	9350701
22252 52 53 LR999943.1	10497845
22216 52 52 LR999943.1	9865927
22237 52 52 LR999943.1	9894138
22229 52 52 LR999943.1	9893890
22253 53 53 LR999943.1	10497884
22255 53 53 LR999943.1	10497908
22254 53 53 LR999943.1	10497890
22298 54 54 LR999943.1	11397736
22299 54 54 LR999943.1	11397743
22300 54 54 LR999943.1	11397747
22297 54 54 LR999943.1	11397727
22295 54 54 LR999943.1	11397635
22331 55 55 LR999943.1	11567129
22325 55 55 LR999943.1	11567048
22323 55 55 LR999943.1	11566896
22327 55 55 LR999943.1	11567055
22329 55 55 LR999943.1	11567061
22347 56 56 LR999943.1	11792642
22348 56 56 LR999943.1	11792643
22349 56 56 LR999943.1	11792680
22361 57 57 LR999943.1	12339841
22419 57 65 LR999943.1	12936723
22416 57 65 LR999943.1	12936427
22452 66 66 LR999943.1	13149571
22448 66 66 LR999943.1	13149547
22445 66 66 LR999943.1	13149523
22449 66 66 LR999943.1	13149549
22451 66 66 LR999943.1	13149565
22453 66 66 LR999943.1	13149586
22456 66 66 LR999943.1	13149682
22446 66 66 LR999943.1	13149533
22458 66 66 LR999943.1	13149695
