23493 0 0 LR999945.1	1450461
24393 0 13 LR999945.1	12611624
24430 13 14 LR999945.1	12762381
24388 0 14 LR999945.1	12439273
24363 15 15 LR999945.1	12071504
24310 15 15 LR999945.1	11365028
24309 15 15 LR999945.1	11364988
24294 17 17 LR999945.1	11311389
24295 17 17 LR999945.1	11311565
24275 18 18 LR999945.1	11013118
24285 18 18 LR999945.1	11084823
24267 18 18 LR999945.1	10914750
24281 18 18 LR999945.1	11071865
24264 19 19 LR999945.1	10731752
24201 19 22 LR999945.1	9978934
24195 19 22 LR999945.1	9978894
24146 19 22 LR999945.1	8896227
24200 19 22 LR999945.1	9978928
24221 19 22 LR999945.1	10434367
24196 19 22 LR999945.1	9978906
24145 19 22 LR999945.1	8896203
24114 26 26 LR999945.1	8311809
24092 26 26 LR999945.1	8020199
24113 26 26 LR999945.1	8311749
24088 26 26 LR999945.1	8019958
24116 26 26 LR999945.1	8311828
24093 26 26 LR999945.1	8020223
24064 27 27 LR999945.1	7304577
24073 27 27 LR999945.1	7304934
24063 27 27 LR999945.1	7304575
24072 27 27 LR999945.1	7304921
24053 28 28 LR999945.1	6970220
24052 26 26 LR999945.1	6969919 28
24000 29 29 LR999945.1	6402209
24001 29 29 LR999945.1	6402286
23899 33 33 LR999945.1	5727972
23903 33 33 LR999945.1	5728031
23935 33 33 LR999945.1	5755566
23893 33 33 LR999945.1	5454204
23936 33 33 LR999945.1	5755626
23901 33 33 LR999945.1	5728016
23928 33 33 LR999945.1	5755530
23934 33 33 LR999945.1	5755559
23900 33 33 LR999945.1	5727991
23902 33 33 LR999945.1	5728028
23894 33 33 LR999945.1	5454237
23929 33 33 LR999945.1	5755538
23873 35 35 LR999945.1	5343178
23837 35 35 LR999945.1	4631370
23876 35 35 LR999945.1	5343196
23845 35 35 LR999945.1	4694065
23872 35 35 LR999945.1	5343167
23875 35 35 LR999945.1	5343194
23820 35 35 LR999945.1	4519580
23874 35 35 LR999945.1	5343184
23843 35 35 LR999945.1	4631487
23821 35 35 LR999945.1	4519669
23842 35 35 LR999945.1	4631478
23822 35 35 LR999945.1	4519755
23846 35 35 LR999945.1	4694119
23840 35 35 LR999945.1	4631419
23839 35 35 LR999945.1	4631397
23806 36 36 LR999945.1	4425613
23797 36 39 LR999945.1	4318937
23793 36 39 LR999945.1	4318783
23798 36 39 LR999945.1	4318939
23790 36 39 LR999945.1	4318581
23716 36 39 LR999945.1	3683675
23789 36 39 LR999945.1	4318512
23718 36 39 LR999945.1	3683797
23750 40 40 LR999945.1	4050465
23759 40 40 LR999945.1	4083860
23777 40 40 LR999945.1	4084006
23740 40 40 LR999945.1	3981462
23765 41 41 LR999945.1	4083887
23752 41 41 LR999945.1	4050482
23773 41 41 LR999945.1	4083918
23758 41 41 LR999945.1	4083848
23774 41 41 LR999945.1	4083936
23775 41 41 LR999945.1	4083947
23769 41 41 LR999945.1	4083898
23776 41 41 LR999945.1	4083962
23737 40 40 LR999945.1	3965734 43
23549 43 53 LR999945.1	1971521
23547 43 53 LR999945.1	1971432
23579 54 54 LR999945.1	2173228
23587 54 54 LR999945.1	2308007
23586 54 54 LR999945.1	2307992
23551 54 54 LR999945.1	1971750
23576 54 54 LR999945.1	2170415
23583 54 54 LR999945.1	2307968
23581 54 54 LR999945.1	2307908
23573 54 54 LR999945.1	2170387
23585 54 54 LR999945.1	2307978
23584 54 54 LR999945.1	2307972
23572 54 54 LR999945.1	2170300
23582 54 54 LR999945.1	2307911
23521 56 56 LR999945.1	1593707
23479 56 56 LR999945.1	1279736
23516 56 56 LR999945.1	1593521
23502 56 56 LR999945.1	1468061
23529 56 56 LR999945.1	1613226
23522 56 56 LR999945.1	1593720
23517 56 56 LR999945.1	1593524
23473 56 56 LR999945.1	1248493
23478 56 56 LR999945.1	1279734
23518 56 56 LR999945.1	1593545
23476 56 56 LR999945.1	1279704
23422 60 60 LR999945.1	490909
23420 60 60 LR999945.1	490781
23400 61 61 LR999945.1	400576
23399 61 61 LR999945.1	400573
23409 61 61 LR999945.1	402949
23396 61 61 LR999945.1	400550
23393 63 63 LR999945.1	400537
