26657 0 0 LR999948.1	6614865
26316 0 25 LR999948.1	1511992
26317 0 25 LR999948.1	1512006
26314 0 25 LR999948.1	1511977
26369 32 32 LR999948.1	2674588
26441 32 35 LR999948.1	3255118
26442 32 35 LR999948.1	3255127
26451 32 35 LR999948.1	3408269
26557 38 38 LR999948.1	4403515
26508 38 38 LR999948.1	3986231
26526 38 38 LR999948.1	4110927
26570 38 38 LR999948.1	4640026
26545 38 38 LR999948.1	4304085
26497 38 38 LR999948.1	3986110
26593 40 40 LR999948.1	4933770
26589 40 40 LR999948.1	4933707
26595 40 40 LR999948.1	4933965
26590 40 40 LR999948.1	4933725
26594 40 40 LR999948.1	4933890
26633 45 45 LR999948.1	5872303
26638 45 46 LR999948.1	6015306
26640 45 46 LR999948.1	6015328
26639 45 46 LR999948.1	6015324
26641 45 46 LR999948.1	6015329
26659 47 47 LR999948.1	6614868
26699 47 48 LR999948.1	6825686
26683 47 48 LR999948.1	6823862
26686 47 48 LR999948.1	6823888
26695 47 48 LR999948.1	6824071
26680 47 48 LR999948.1	6823836
26850 52 53 LR999948.1	8689953
26851 52 53 LR999948.1	8689957
26852 52 53 LR999948.1	8690004
26853 52 53 LR999948.1	8690020
26818 56 56 LR999948.1	8648665
26728 56 56 LR999948.1	7346258
26776 56 56 LR999948.1	8117662
26821 56 56 LR999948.1	8648685
26773 56 56 LR999948.1	8117626
26761 56 56 LR999948.1	7686305
26762 56 56 LR999948.1	7686588
26827 56 56 LR999948.1	8648762
26774 56 56 LR999948.1	8117641
26763 56 56 LR999948.1	7686605
26902 62 62 LR999948.1	9842346
26904 62 62 LR999948.1	9842371
26906 62 62 LR999948.1	9842389
26908 62 62 LR999948.1	9842409
26928 66 66 LR999948.1	10438257
