29386 0 0 LR999952.1	2795484
29699 0 35 LR999952.1	7993980
29694 35 36 LR999952.1	7993782
29687 35 36 LR999952.1	7993745
29692 35 36 LR999952.1	7993779
29689 35 36 LR999952.1	7993768
29688 35 36 LR999952.1	7993750
29693 35 36 LR999952.1	7993781
29697 35 36 LR999952.1	7993815
29691 35 36 LR999952.1	7993778
29661 37 37 LR999952.1	7243897
29660 37 37 LR999952.1	7243877
29662 37 37 LR999952.1	7243908
29667 37 37 LR999952.1	7289368
29587 41 41 LR999952.1	5297388
29586 41 41 LR999952.1	5297385
29590 41 41 LR999952.1	5297396
29529 41 41 LR999952.1	4893500
29539 41 41 LR999952.1	4893624
29541 41 41 LR999952.1	4893633
29537 41 41 LR999952.1	4893605
29525 41 41 LR999952.1	4893474
29528 41 41 LR999952.1	4893488
29530 41 41 LR999952.1	4893502
29527 41 41 LR999952.1	4893487
29588 41 41 LR999952.1	5297390
29522 42 42 LR999952.1	4806918
29497 42 42 LR999952.1	4362398
29486 42 43 LR999952.1	4361213
29491 42 43 LR999952.1	4361322
29463 43 44 LR999952.1	3868928
29462 43 44 LR999952.1	3868915
29456 43 44 LR999952.1	3810278
29446 43 44 LR999952.1	3777361
29453 43 44 LR999952.1	3796253
29452 43 44 LR999952.1	3796065
29436 46 47 LR999952.1	3603484
29438 46 47 LR999952.1	3603498
29441 46 47 LR999952.1	3603653
29433 46 47 LR999952.1	3603468
29429 47 47 LR999952.1	3509969
