12602 0 0 LR999934.1	13553419
12602 0 0 LR999934.1	13553419
12603 2 2 LR999934.1	13553420
12601 2 5 LR999934.1	13553415
12632 2 5 LR999934.1	14042894
12606 2 5 LR999934.1	13553587
12542 8 8 LR999934.1	12319367
12540 8 9 LR999934.1	12319356
12543 8 9 LR999934.1	12319371
12545 8 9 LR999934.1	12319420
12541 8 9 LR999934.1	12319362
12492 10 10 LR999934.1	11923881
12460 10 10 LR999934.1	11394703
12482 10 10 LR999934.1	11875681
12459 10 10 LR999934.1	11394702
12500 8 10 LR999934.1	12026138
12464 10 10 LR999934.1	11394746
12468 10 10 LR999934.1	11394850
12483 10 10 LR999934.1	11875693
12461 10 10 LR999934.1	11394716
12486 10 10 LR999934.1	11875710
12485 10 10 LR999934.1	11875707
12484 10 10 LR999934.1	11875700
12490 10 10 LR999934.1	11875898
12441 10 10 LR999934.1	11207994
12489 10 10 LR999934.1	11875742
12466 10 10 LR999934.1	11394821
12465 10 10 LR999934.1	11394803
12370 15 15 LR999934.1	10171675
12414 15 15 LR999934.1	10455326
12411 15 15 LR999934.1	10455092
12393 16 16 LR999934.1	10329245
12344 16 16 LR999934.1	10047719
12397 16 16 LR999934.1	10329284
12396 16 16 LR999934.1	10329282
12395 16 16 LR999934.1	10329281
12342 16 16 LR999934.1	10047567
12302 19 19 LR999934.1	9382992
12289 19 19 LR999934.1	9216646
12306 19 19 LR999934.1	9383037
12290 19 19 LR999934.1	9216656
12292 19 19 LR999934.1	9216673
12313 19 19 LR999934.1	9654471
12297 20 20 LR999934.1	9216804
12285 20 20 LR999934.1	9216588
12287 20 20 LR999934.1	9216637
12288 20 20 LR999934.1	9216643
12296 20 20 LR999934.1	9216803
12253 21 21 LR999934.1	8355495
12256 21 21 LR999934.1	8355501
12255 21 21 LR999934.1	8355497
12203 24 24 LR999934.1	7794894
12195 24 24 LR999934.1	7794756
12200 24 24 LR999934.1	7794839
12201 24 24 LR999934.1	7794862
12202 24 24 LR999934.1	7794883
12176 25 25 LR999934.1	7324123
12153 25 25 LR999934.1	7290460
12158 25 25 LR999934.1	7290474
12164 25 25 LR999934.1	7290585
12157 25 25 LR999934.1	7290472
12152 25 25 LR999934.1	7290459
12150 25 25 LR999934.1	7290445
12032 33 33 LR999934.1	5797541
12031 33 33 LR999934.1	5797540
12030 33 33 LR999934.1	5797529
12029 33 33 LR999934.1	5797506
12027 33 33 LR999934.1	5797501
12020 34 34 LR999934.1	5797291 40
12035 34 37 LR999934.1	5797563
12034 34 37 LR999934.1	5797559
12036 34 37 LR999934.1	5797564
12037 34 37 LR999934.1	5797587
12063 34 34 LR999934.1	5931088 40
12023 34 34 LR999934.1	5797374 40
12021 34 34 LR999934.1	5797356 40
12022 34 34 LR999934.1	5797366 40
12064 34 34 LR999934.1	5931125 40
11972 41 41 LR999934.1	2909051
11887 41 47 LR999934.1	1476850
11885 41 47 LR999934.1	1476824
11892 41 47 LR999934.1	1476877
11881 41 47 LR999934.1	1476678
11890 41 47 LR999934.1	1476856
11879 41 47 LR999934.1	1476589
11878 41 47 LR999934.1	1476585
11889 41 47 LR999934.1	1476854
11891 41 47 LR999934.1	1476866
11886 41 47 LR999934.1	1476834
11883 41 47 LR999934.1	1476690
11872 48 48 LR999934.1	1476128
11873 48 48 LR999934.1	1476411
11871 48 48 LR999934.1	1476095
11847 52 52 LR999934.1	627216
11830 52 54 LR999934.1	278007
11812 54 55 LR999934.1	14622
11811 54 55 LR999934.1	14446
