21252 0 0 LR999942.1	13082627
20160 0 17 LR999942.1	689086
20162 0 17 LR999942.1	689193
20123 0 17 LR999942.1	186768
20185 18 18 LR999942.1	770416
20187 18 18 LR999942.1	770650
20173 18 18 LR999942.1	736732
20175 18 18 LR999942.1	736743
20179 18 18 LR999942.1	736784
20174 18 18 LR999942.1	736742
20172 18 18 LR999942.1	736722
20177 18 18 LR999942.1	736761
20176 18 18 LR999942.1	736759
20220 20 20 LR999942.1	1569149
20222 20 20 LR999942.1	1569163
20221 20 20 LR999942.1	1569150
20223 20 20 LR999942.1	1569190
20238 21 21 LR999942.1	1607430
20291 21 21 LR999942.1	1993372
20203 21 21 LR999942.1	1176583
20233 21 21 LR999942.1	1575388
20295 21 21 LR999942.1	1993558
20296 21 21 LR999942.1	1993615
20294 21 21 LR999942.1	1993549
20321 26 26 LR999942.1	2088791
20324 26 26 LR999942.1	2088823
20320 26 26 LR999942.1	2088789
20325 26 26 LR999942.1	2088827
20337 26 26 LR999942.1	2088975
20323 26 26 LR999942.1	2088818
20318 26 26 LR999942.1	2088763
20327 26 26 LR999942.1	2088849
20322 26 26 LR999942.1	2088809
20326 26 26 LR999942.1	2088846
20319 26 26 LR999942.1	2088765
20328 29 29 LR999942.1	2088857
20335 29 29 LR999942.1	2088954
20330 29 29 LR999942.1	2088901
20333 29 29 LR999942.1	2088911
20311 29 29 LR999942.1	2041177
20310 29 29 LR999942.1	2041176
20331 29 29 LR999942.1	2088902
20304 29 29 LR999942.1	2040944
20313 29 29 LR999942.1	2041197
20329 29 29 LR999942.1	2088886
20336 29 29 LR999942.1	2088972
20334 29 29 LR999942.1	2088918
20309 29 29 LR999942.1	2041153
20303 29 29 LR999942.1	2040903
20366 31 31 LR999942.1	2545784
20377 31 31 LR999942.1	2558284
20361 31 31 LR999942.1	2545641
20386 31 31 LR999942.1	2657494
20365 31 31 LR999942.1	2545782
20378 31 31 LR999942.1	2558288
20376 31 31 LR999942.1	2558278
20385 31 31 LR999942.1	2657454
20457 36 36 LR999942.1	4013314
20462 36 36 LR999942.1	4013416
20473 36 36 LR999942.1	4013656
20506 36 36 LR999942.1	4198079
20509 36 36 LR999942.1	4198172
20459 36 36 LR999942.1	4013361
20507 36 36 LR999942.1	4198084
20525 39 39 LR999942.1	4443313
20578 39 40 LR999942.1	4700634
20579 39 40 LR999942.1	4700636
20581 39 40 LR999942.1	4700645
20580 39 40 LR999942.1	4700642
20565 39 40 LR999942.1	4659683
20588 39 40 LR999942.1	4700794
20628 42 42 LR999942.1	5435740
20626 42 42 LR999942.1	5435453
20621 42 42 LR999942.1	5429006
20629 42 42 LR999942.1	5435755
20749 44 44 LR999942.1	6710899
20805 44 44 LR999942.1	7301838
20788 44 44 LR999942.1	6916319
20771 44 44 LR999942.1	6739948
20655 44 44 LR999942.1	5717119
20766 44 44 LR999942.1	6739895
20723 44 44 LR999942.1	6226964
20770 44 44 LR999942.1	6739933
20724 44 44 LR999942.1	6227149
20653 44 44 LR999942.1	5717089
20728 44 44 LR999942.1	6227228
20707 44 44 LR999942.1	6078017
20787 44 44 LR999942.1	6916265
20768 44 44 LR999942.1	6739904
20650 44 44 LR999942.1	5717044
20705 44 44 LR999942.1	6078012
20706 44 44 LR999942.1	6078014
20657 44 44 LR999942.1	5756899
20772 44 44 LR999942.1	6739975
20765 44 44 LR999942.1	6739879
20777 44 44 LR999942.1	6742867
20767 44 44 LR999942.1	6739901
20725 44 44 LR999942.1	6227197
20773 44 44 LR999942.1	6740108
20789 44 44 LR999942.1	6916343
20726 44 44 LR999942.1	6227207
20769 44 44 LR999942.1	6739911
20659 44 44 LR999942.1	5757161
20778 44 44 LR999942.1	6742902
20810 44 44 LR999942.1	7302108
20779 44 44 LR999942.1	6742906
20718 44 44 LR999942.1	6195886
20721 44 44 LR999942.1	6226934
20776 44 44 LR999942.1	6742863
20775 44 44 LR999942.1	6742846
20727 44 44 LR999942.1	6227209
20709 44 44 LR999942.1	6078045
20708 44 44 LR999942.1	6078021
20859 44 44 LR999942.1	7888252
20841 45 45 LR999942.1	7350968
20737 45 45 LR999942.1	6330158
20730 45 45 LR999942.1	6329969
20840 45 45 LR999942.1	7350936
20734 46 46 LR999942.1	6330029
20735 46 46 LR999942.1	6330039
20731 46 46 LR999942.1	6330009
20736 46 46 LR999942.1	6330114
20732 46 46 LR999942.1	6330022
20733 46 46 LR999942.1	6330024
20752 47 47 LR999942.1	6729508
20907 47 49 LR999942.1	8383550
20910 47 49 LR999942.1	8383586
20911 47 49 LR999942.1	8383590
20912 47 49 LR999942.1	8383593
20909 47 49 LR999942.1	8383570
20906 47 49 LR999942.1	8383472
20904 47 49 LR999942.1	8383443
20908 47 49 LR999942.1	8383561
20914 47 49 LR999942.1	8383618
20905 50 50 LR999942.1	8383444
20920 50 51 LR999942.1	8446544
20925 51 52 LR999942.1	8642987
20933 52 53 LR999942.1	8643100
20932 52 53 LR999942.1	8643081
20970 55 55 LR999942.1	8915817
20972 55 55 LR999942.1	8915831
20969 55 55 LR999942.1	8915803
20967 55 55 LR999942.1	8915693
21020 59 60 LR999942.1	10418587
21027 59 60 LR999942.1	10418734
21041 59 60 LR999942.1	10473563
21037 59 60 LR999942.1	10473508
21033 59 60 LR999942.1	10473472
21036 59 60 LR999942.1	10473501
21102 64 64 LR999942.1	11352976
21108 64 64 LR999942.1	11353207
21103 64 64 LR999942.1	11353138
21131 65 65 LR999942.1	11589175
21132 65 65 LR999942.1	11589186
21163 66 66 LR999942.1	12022758
21159 66 66 LR999942.1	12022684
21162 66 66 LR999942.1	12022749
21161 66 66 LR999942.1	12022724
21200 71 71 LR999942.1	12295498
21197 71 71 LR999942.1	12295320
21199 71 71 LR999942.1	12295335
21238 71 71 LR999942.1	12426977
21266 73 73 LR999942.1	13082735
21255 73 73 LR999942.1	13082640
21264 73 73 LR999942.1	13082694
