27155 0 0 LR999949.1	2825925
26976 0 32 LR999949.1	640727
26984 0 32 LR999949.1	640774
26995 0 32 LR999949.1	640995
26988 0 32 LR999949.1	640937
26985 0 32 LR999949.1	640814
26978 0 32 LR999949.1	640732
26996 0 32 LR999949.1	641013
26993 0 32 LR999949.1	640969
27024 33 33 LR999949.1	1075423
27101 33 37 LR999949.1	2099048
27095 33 37 LR999949.1	2098998
27143 40 41 LR999949.1	2498072
27141 40 41 LR999949.1	2498049
27144 40 41 LR999949.1	2498081
27145 40 41 LR999949.1	2498095
27139 40 41 LR999949.1	2498026
27140 40 41 LR999949.1	2498032
27138 40 41 LR999949.1	2497930
27142 40 41 LR999949.1	2498050
27159 41 43 LR999949.1	2843240
27163 41 43 LR999949.1	2843266
27161 41 43 LR999949.1	2843264
27179 41 43 LR999949.1	2843430
27164 41 43 LR999949.1	2843278
27175 41 43 LR999949.1	2843405
27224 44 45 LR999949.1	3551026
27188 44 45 LR999949.1	2896653
27189 44 45 LR999949.1	2896693
27186 44 45 LR999949.1	2896549
27187 44 45 LR999949.1	2896643
27320 50 50 LR999949.1	5283965
27286 50 50 LR999949.1	4915596
27314 50 50 LR999949.1	5233578
27318 50 50 LR999949.1	5283890
27317 50 50 LR999949.1	5283888
27328 53 53 LR999949.1	5487492
27340 53 53 LR999949.1	5760167
27327 53 53 LR999949.1	5487488
27342 53 53 LR999949.1	5760325
27426 55 55 LR999949.1	7502966 57
27348 55 55 LR999949.1	6175882
27347 55 55 LR999949.1	6175835
27364 56 57 LR999949.1	6393758
27365 56 57 LR999949.1	6393779
27374 57 57 LR999949.1	6393864
