8375 0 0 LR999931.1	5590852
7993 0 20 LR999931.1	592899
8000 0 20 LR999931.1	593161
7992 0 20 LR999931.1	592887
7955 0 20 LR999931.1	255019
7996 0 20 LR999931.1	592949
7994 0 20 LR999931.1	592902
8031 22 22 LR999931.1	928089
8063 22 23 LR999931.1	1498872
8062 22 23 LR999931.1	1498776
8057 22 23 LR999931.1	1494465
8108 25 25 LR999931.1	2103520
8103 25 25 LR999931.1	2103473
8107 25 25 LR999931.1	2103511
8117 25 25 LR999931.1	2103643
8106 25 25 LR999931.1	2103510
8104 25 25 LR999931.1	2103474
8134 25 25 LR999931.1	2241286
8136 25 25 LR999931.1	2241344
8128 25 25 LR999931.1	2241214
8133 25 25 LR999931.1	2241277
8112 25 25 LR999931.1	2103622
8116 25 25 LR999931.1	2103640
8105 25 25 LR999931.1	2103507
8127 25 25 LR999931.1	2241203
8115 25 25 LR999931.1	2103633
8111 25 25 LR999931.1	2103620
8135 25 25 LR999931.1	2241343
8113 25 25 LR999931.1	2103628
8114 25 25 LR999931.1	2103631
8118 25 25 LR999931.1	2103644
8160 26 26 LR999931.1	2376473
8157 26 26 LR999931.1	2376428
8182 27 27 LR999931.1	2687314
8178 27 27 LR999931.1	2680498
8181 27 27 LR999931.1	2687309
8176 27 27 LR999931.1	2680487
8168 27 27 LR999931.1	2625059
8169 27 27 LR999931.1	2625064
8192 31 31 LR999931.1	2844843
8212 31 34 LR999931.1	3101306
8246 34 39 LR999931.1	3931951
8271 34 39 LR999931.1	4128472
8247 34 39 LR999931.1	3931954
8272 34 39 LR999931.1	4128500
8304 40 40 LR999931.1	4436877
8297 40 40 LR999931.1	4436590
8372 43 43 LR999931.1	5590785 45
8381 43 43 LR999931.1	5591103 45
8401 44 44 LR999931.1	5868483
8395 44 44 LR999931.1	5868432
8400 44 44 LR999931.1	5868480
8399 44 44 LR999931.1	5868477
8396 44 44 LR999931.1	5868467
8388 45 45 LR999931.1	5837050
8384 45 45 LR999931.1	5836869
8423 50 50 LR999931.1	6389523
8421 50 50 LR999931.1	6389391
8433 51 51 LR999931.1	6750007
8441 51 52 LR999931.1	7124389
8438 51 52 LR999931.1	7124363
8444 51 52 LR999931.1	7124612
8440 51 52 LR999931.1	7124375
8442 51 52 LR999931.1	7124573
8443 51 52 LR999931.1	7124576
8437 51 52 LR999931.1	7124324
8439 51 52 LR999931.1	7124370
8451 53 53 LR999931.1	7236043
8499 53 54 LR999931.1	8005851
8502 53 54 LR999931.1	8006025
8524 53 54 LR999931.1	8060266
8526 53 54 LR999931.1	8060301
8471 53 54 LR999931.1	7723419
8495 53 54 LR999931.1	8005818
8486 53 54 LR999931.1	7960423
8521 53 54 LR999931.1	8060012
8525 53 54 LR999931.1	8060289
8498 53 54 LR999931.1	8005843
8468 53 54 LR999931.1	7723351
8527 53 54 LR999931.1	8060305
8497 53 54 LR999931.1	8005841
8496 53 54 LR999931.1	8005840
8501 53 54 LR999931.1	8005910
8470 53 54 LR999931.1	7723410
8522 53 54 LR999931.1	8060020
8649 56 56 LR999931.1	9608818
8689 56 56 LR999931.1	9802726
8691 56 56 LR999931.1	9802772
8600 56 56 LR999931.1	9063010
8690 56 56 LR999931.1	9802765
8601 56 56 LR999931.1	9063211
8662 56 56 LR999931.1	9709037
8684 56 56 LR999931.1	9749795
8589 56 56 LR999931.1	8887937
8651 56 56 LR999931.1	9608875
8568 56 56 LR999931.1	8631342
8682 56 56 LR999931.1	9749712
8605 56 56 LR999931.1	9221319
8584 56 56 LR999931.1	8778198
8678 56 56 LR999931.1	9749556
8778 59 59 LR999931.1	10856445
8707 59 59 LR999931.1	10017969
8784 59 59 LR999931.1	10856515
8781 59 59 LR999931.1	10856488
8774 59 59 LR999931.1	10383551
8770 59 59 LR999931.1	10382575
8844 59 59 LR999931.1	12034966
8782 59 59 LR999931.1	10856501
8739 59 59 LR999931.1	10081902
8708 59 59 LR999931.1	10017972
8771 59 59 LR999931.1	10382586
8776 59 59 LR999931.1	10856431
8842 59 59 LR999931.1	12034923
8805 59 59 LR999931.1	11454363
8783 59 59 LR999931.1	10856502
8718 59 59 LR999931.1	10079937
8792 59 59 LR999931.1	11325365
8706 59 59 LR999931.1	10017932
8715 59 59 LR999931.1	10079763
8734 59 59 LR999931.1	10080306
8729 59 59 LR999931.1	10080159
8803 59 59 LR999931.1	11454148
8732 59 59 LR999931.1	10080270
8726 59 59 LR999931.1	10080106
8712 59 59 LR999931.1	10079687
8731 59 59 LR999931.1	10080264
8809 59 59 LR999931.1	11454407
8709 59 59 LR999931.1	10017973
8705 59 59 LR999931.1	10017695
8765 59 59 LR999931.1	10380899
8843 59 59 LR999931.1	12034949
8991 60 60 LR999931.1	13377343
9013 60 60 LR999931.1	13389251
9012 60 60 LR999931.1	13389228
8849 60 60 LR999931.1	12094022
9005 60 60 LR999931.1	13384396
8886 60 60 LR999931.1	12586701
9016 60 60 LR999931.1	13400299
8848 60 60 LR999931.1	12094012
8901 60 60 LR999931.1	12703224
9004 60 60 LR999931.1	13384294
9037 60 60 LR999931.1	13766981
8885 60 60 LR999931.1	12586650
8993 60 60 LR999931.1	13377385
9017 60 60 LR999931.1	13400312
8992 60 60 LR999931.1	13377352
8857 60 60 LR999931.1	12094197
9052 62 62 LR999931.1	13791629
9046 62 62 LR999931.1	13791600
9044 62 62 LR999931.1	13791594
9049 62 62 LR999931.1	13791605
9047 62 62 LR999931.1	13791603
9048 62 62 LR999931.1	13791604
9055 63 63 LR999931.1	13791659
9082 63 66 LR999931.1	13937310
9078 63 66 LR999931.1	13937175
9142 63 63 LR999931.1	14930331 67
9177 67 69 LR999931.1	15319055
9178 67 69 LR999931.1	15319163
9208 67 69 LR999931.1	15455197
9159 67 69 LR999931.1	15121152
