2568 0 0 LR999926.1	14473134
2676 0 1 LR999926.1	15440895
2549 0 1 LR999926.1	14389516
2742 0 1 LR999926.1	16238767
2548 0 1 LR999926.1	14389511
2674 0 1 LR999926.1	15440883
2743 0 1 LR999926.1	16238770
2758 0 1 LR999926.1	16328516
2667 0 1 LR999926.1	15440815
2622 0 1 LR999926.1	15348067
2551 0 1 LR999926.1	14389771
2531 0 1 LR999926.1	14106430
2748 0 1 LR999926.1	16238811
2547 0 1 LR999926.1	14389510
2669 0 1 LR999926.1	15440842
2744 0 1 LR999926.1	16238781
2623 0 1 LR999926.1	15348141
2545 0 1 LR999926.1	14389488
2665 0 1 LR999926.1	15440800
2672 0 1 LR999926.1	15440872
2729 2 2 LR999926.1	16051874
2730 2 2 LR999926.1	16051876
2733 2 2 LR999926.1	16051909
2734 2 2 LR999926.1	16052079
2738 2 2 LR999926.1	16052160
2519 4 4 LR999926.1	14002753
2518 4 4 LR999926.1	14002745
2480 6 6 LR999926.1	13404148
2453 6 6 LR999926.1	12895363
2423 11 11 LR999926.1	12537412
2425 11 11 LR999926.1	12537702
2283 15 15 LR999926.1	11042566
2296 15 15 LR999926.1	11101149
2265 15 15 LR999926.1	10936408
2360 15 15 LR999926.1	11311711
2339 15 15 LR999926.1	11211360
2366 15 15 LR999926.1	11383882
2328 15 15 LR999926.1	11188078
2326 15 15 LR999926.1	11188074
2302 15 15 LR999926.1	11101208
2250 15 15 LR999926.1	10757498
2294 15 15 LR999926.1	11101142
2359 15 15 LR999926.1	11311708
2270 15 15 LR999926.1	10936437
2323 15 15 LR999926.1	11187796
2346 15 15 LR999926.1	11211523
2370 15 15 LR999926.1	11566624
2332 15 15 LR999926.1	11211316
2321 15 15 LR999926.1	11187631
2333 15 15 LR999926.1	11211328
2320 15 15 LR999926.1	11187589
2264 16 16 LR999926.1	10936399
2272 16 16 LR999926.1	10970169
2273 16 16 LR999926.1	10970172
2185 25 25 LR999926.1	9516626
2188 25 25 LR999926.1	9516670
2201 25 25 LR999926.1	9814204
2202 25 25 LR999926.1	9814205
2203 25 25 LR999926.1	9814214
2215 25 25 LR999926.1	9912892
2197 25 25 LR999926.1	9814138
2187 25 25 LR999926.1	9516649
2184 25 25 LR999926.1	9516496
2186 25 25 LR999926.1	9516648
2181 26 26 LR999926.1	9165392
2170 26 28 LR999926.1	8959393
2169 26 28 LR999926.1	8959378
2172 26 28 LR999926.1	8959437
2016 31 31 LR999926.1	7185061
2086 31 31 LR999926.1	7824567
2044 31 31 LR999926.1	7457584
2071 31 31 LR999926.1	7749762
2047 31 31 LR999926.1	7472990
2069 31 31 LR999926.1	7749712
2066 31 31 LR999926.1	7749656
2060 31 31 LR999926.1	7569222
2013 31 31 LR999926.1	7185024
2070 31 31 LR999926.1	7749728
2068 31 31 LR999926.1	7749672
2108 31 31 LR999926.1	7824863
2027 31 31 LR999926.1	7299428
2048 31 31 LR999926.1	7473015
2015 31 31 LR999926.1	7185037
2022 31 31 LR999926.1	7299306
2029 31 31 LR999926.1	7299440
2004 31 31 LR999926.1	6695896
2025 31 31 LR999926.1	7299384
2087 32 32 LR999926.1	7824568
1993 32 34 LR999926.1	6420674
1989 32 34 LR999926.1	6420644
1985 32 34 LR999926.1	6420508
1982 32 34 LR999926.1	6420474
1964 35 35 LR999926.1	6164170
1898 35 35 LR999926.1	5722184
1925 35 35 LR999926.1	5767352
1936 35 35 LR999926.1	5856269
1967 35 35 LR999926.1	6164438
1920 35 35 LR999926.1	5767325
1918 35 35 LR999926.1	5767318
1927 35 35 LR999926.1	5767357
1937 35 35 LR999926.1	5856298
1966 35 35 LR999926.1	6164436
1753 38 38 LR999926.1	4397047
1809 38 38 LR999926.1	4689860
1742 38 38 LR999926.1	4379653
1757 38 38 LR999926.1	4397147
1768 38 38 LR999926.1	4474933
1642 38 38 LR999926.1	3275928 40
1764 38 38 LR999926.1	4474591
1741 38 38 LR999926.1	4379652
1800 38 38 LR999926.1	4689795
1802 38 38 LR999926.1	4689807
1801 38 38 LR999926.1	4689800
1804 38 38 LR999926.1	4689827
1736 38 38 LR999926.1	4277599
1636 38 38 LR999926.1	3214667 40
1752 38 38 LR999926.1	4397042
1805 38 38 LR999926.1	4689829
1635 38 38 LR999926.1	3214619 40
1700 39 39 LR999926.1	3827718
1808 39 39 LR999926.1	4689856
1699 39 39 LR999926.1	3827713
1806 39 39 LR999926.1	4689837
1701 39 39 LR999926.1	3827743
1803 39 39 LR999926.1	4689809
1807 39 39 LR999926.1	4689847
1707 39 39 LR999926.1	3933865
1706 39 39 LR999926.1	3933827
1799 39 39 LR999926.1	4689790
1650 40 40 LR999926.1	3328687
1669 40 40 LR999926.1	3408113
1652 40 40 LR999926.1	3328707
1671 41 41 LR999926.1	3408167
1673 41 41 LR999926.1	3408297
1830 42 42 LR999926.1	4747207
1833 42 42 LR999926.1	4747239
1586 45 45 LR999926.1	2429272
1546 45 49 LR999926.1	1816309
1556 45 49 LR999926.1	1816590
1555 45 49 LR999926.1	1816581
1554 45 49 LR999926.1	1816573
1552 45 49 LR999926.1	1816529
1557 45 49 LR999926.1	1816595
1558 45 49 LR999926.1	1816613
1538 50 50 LR999926.1	1759152
1490 50 54 LR999926.1	1002177
1478 54 56 LR999926.1	579726
1455 56 57 LR999926.1	376562
1456 56 57 LR999926.1	376622
1458 56 57 LR999926.1	376644
1466 56 57 LR999926.1	478455
1467 56 57 LR999926.1	478501
1459 56 57 LR999926.1	376847
1468 56 57 LR999926.1	478531
2161 76 76 LR999926.1	8844649
