10594 0 0 LR999933.1	2500157
11804 0 16 LR999933.1	15282533
11772 0 16 LR999933.1	14939763
11774 0 0 LR999933.1	14940017
11760 0 16 LR999933.1	14901127
11723 18 18 LR999933.1	14690942
11657 18 18 LR999933.1	14176276
11665 18 18 LR999933.1	14176541
11656 18 18 LR999933.1	14176216
11663 18 18 LR999933.1	14176483
11661 18 18 LR999933.1	14176463
11664 18 18 LR999933.1	14176507
11662 18 18 LR999933.1	14176478
11660 18 18 LR999933.1	14176442
11702 18 18 LR999933.1	14570320
11658 18 18 LR999933.1	14176288
11722 18 18 LR999933.1	14690925
11640 21 21 LR999933.1	14014102
11642 21 21 LR999933.1	14014168
11590 22 23 LR999933.1	13690151
11627 22 22 LR999933.1	13924914
11589 22 23 LR999933.1	13690141
11588 22 23 LR999933.1	13690138
11577 22 22 LR999933.1	13643111
11597 22 23 LR999933.1	13690253
11592 22 23 LR999933.1	13690193
11626 22 22 LR999933.1	13924908
11575 22 22 LR999933.1	13643067
11585 22 23 LR999933.1	13690124
11586 22 23 LR999933.1	13690126
11578 22 22 LR999933.1	13643303
11620 23 23 LR999933.1	13862885
11582 23 24 LR999933.1	13690072
11536 24 28 LR999933.1	12893685
11537 24 28 LR999933.1	12893697
11534 24 28 LR999933.1	12893645
11532 24 28 LR999933.1	12893627
11459 24 24 LR999933.1	12115599 29
11465 29 29 LR999933.1	12203701
11498 29 29 LR999933.1	12468529
11311 29 29 LR999933.1	11077491
11464 29 29 LR999933.1	12203683
11500 29 29 LR999933.1	12468542
11502 29 29 LR999933.1	12468587
11463 29 29 LR999933.1	12203681
11466 29 29 LR999933.1	12203731
11504 29 29 LR999933.1	12468724
11423 29 29 LR999933.1	11931877
11428 29 29 LR999933.1	11931922
11508 29 29 LR999933.1	12468739
11499 29 29 LR999933.1	12468536
11425 29 29 LR999933.1	11931893
11505 29 29 LR999933.1	12468726
11467 29 29 LR999933.1	12204007
11501 29 29 LR999933.1	12468586
11426 29 29 LR999933.1	11931903
11358 30 30 LR999933.1	11433623
11313 30 30 LR999933.1	11077495
11361 30 30 LR999933.1	11433862
11355 30 30 LR999933.1	11433558
11308 30 30 LR999933.1	11077481
11224 33 33 LR999933.1	10363610
11225 33 33 LR999933.1	10363636
11223 33 33 LR999933.1	10363414
11207 34 34 LR999933.1	10162104
11164 34 34 LR999933.1	9828708
11163 34 34 LR999933.1	9828700
11204 34 34 LR999933.1	10161905
11208 34 34 LR999933.1	10162105
11162 34 34 LR999933.1	9828699
11197 34 34 LR999933.1	10092834
11195 34 34 LR999933.1	10092765
11166 34 34 LR999933.1	9900238
11063 35 35 LR999933.1	8565931
11113 35 35 LR999933.1	9152311
11129 35 35 LR999933.1	9330541
11064 34 35 LR999933.1	8565964
11158 35 35 LR999933.1	9775793
11109 35 35 LR999933.1	9081568
11079 35 35 LR999933.1	8764922
11066 35 35 LR999933.1	8565970
11135 35 35 LR999933.1	9405206
11083 35 35 LR999933.1	8902100
11062 34 35 LR999933.1	8565853
11084 35 35 LR999933.1	8902122
11136 35 35 LR999933.1	9405221
11114 35 35 LR999933.1	9152575
11078 35 35 LR999933.1	8764909
11155 35 35 LR999933.1	9775747
11119 35 35 LR999933.1	9177077
11107 35 35 LR999933.1	9081531
11106 35 35 LR999933.1	9081513
11132 35 35 LR999933.1	9405140
11074 35 35 LR999933.1	8566025
11120 35 35 LR999933.1	9177087
11127 35 35 LR999933.1	9280792
11065 35 35 LR999933.1	8565969
11088 35 35 LR999933.1	8902380
11090 35 35 LR999933.1	8902386
11108 35 35 LR999933.1	9081558
11159 35 35 LR999933.1	9775798
11051 36 36 LR999933.1	8340916
10991 36 36 LR999933.1	7924457
11055 36 36 LR999933.1	8341149
11044 36 36 LR999933.1	8229456
11045 36 36 LR999933.1	8229603
10963 36 36 LR999933.1	7702060
10961 36 36 LR999933.1	7701848
10960 36 36 LR999933.1	7701837
10957 36 36 LR999933.1	7701782
10964 36 36 LR999933.1	7702061
10962 36 36 LR999933.1	7702043
10959 36 36 LR999933.1	7701830
10946 36 36 LR999933.1	7282517
10914 37 38 LR999933.1	7013520
10943 37 38 LR999933.1	7102622
10808 38 43 LR999933.1	5314198
10821 43 44 LR999933.1	5591543
10866 38 44 LR999933.1	5867386
10842 43 44 LR999933.1	5807850
10848 43 44 LR999933.1	5807903
10818 43 44 LR999933.1	5591334
10841 43 44 LR999933.1	5807844
10864 43 44 LR999933.1	5844670
10854 43 44 LR999933.1	5807946
10846 43 44 LR999933.1	5807899
10819 43 44 LR999933.1	5591390
10860 43 44 LR999933.1	5844571
10850 43 44 LR999933.1	5807912
10839 43 44 LR999933.1	5807627
10845 43 44 LR999933.1	5807892
10820 43 44 LR999933.1	5591540
10774 45 45 LR999933.1	5267268
10778 45 45 LR999933.1	5267286
10777 45 45 LR999933.1	5267282
10766 45 45 LR999933.1	5267193
10776 45 45 LR999933.1	5267278
10770 45 45 LR999933.1	5267239
10767 45 45 LR999933.1	5267211
10772 45 45 LR999933.1	5267248
10760 45 45 LR999933.1	5165732
10771 45 45 LR999933.1	5267246
10779 45 45 LR999933.1	5267291
10765 45 45 LR999933.1	5267102
10769 45 45 LR999933.1	5267228
10791 45 45 LR999933.1	5287869
10763 45 45 LR999933.1	5267013
10775 45 45 LR999933.1	5267277
10773 45 45 LR999933.1	5267257
10789 45 45 LR999933.1	5287831
10764 45 45 LR999933.1	5267062
10699 47 47 LR999933.1	4220209
10687 47 47 LR999933.1	4128722
10634 49 49 LR999933.1	3200920
10632 49 49 LR999933.1	3200907
10625 49 49 LR999933.1	3200784
10635 49 49 LR999933.1	3200924
10639 49 49 LR999933.1	3200967
10626 49 49 LR999933.1	3200785
10629 49 49 LR999933.1	3200819
10637 49 49 LR999933.1	3200931
10638 49 49 LR999933.1	3200935
10623 49 49 LR999933.1	3200770
10631 49 49 LR999933.1	3200901
10630 49 49 LR999933.1	3200899
10627 49 49 LR999933.1	3200800
10633 49 49 LR999933.1	3200915
10611 52 52 LR999933.1	2945714
10569 52 58 LR999933.1	2107276
10536 58 61 LR999933.1	1619197
10531 58 61 LR999933.1	1618929
10529 62 62 LR999933.1	1521807
10501 62 63 LR999933.1	1297164
10506 62 63 LR999933.1	1297199
10467 62 63 LR999933.1	780524
10503 62 63 LR999933.1	1297177
10505 62 63 LR999933.1	1297196
10507 62 63 LR999933.1	1297207
10468 62 63 LR999933.1	780538
10502 62 63 LR999933.1	1297168
10518 62 63 LR999933.1	1352907
10504 62 63 LR999933.1	1297195
10484 64 64 LR999933.1	1162850
10485 64 64 LR999933.1	1162853
10479 64 64 LR999933.1	1162765
10481 64 64 LR999933.1	1162813
