#*** LG = 0 likelihood = -1932.4939
#marker_number	male_position	female_position	( 0.0 )[	phased data]
15303 0.000 LR999934.1	14633 ( 0 ) 100101001011001111100001000111001110110100011101100110000010011111011111001110110110101100000000000000000000000000000000000000000000000000000000000000000000000000000000000000000000 0 0
15345 0.000 LR999934.1	627332 ( 0 ) 100101001011001111100001000111001110110100011101100110000010011111011111001110110110101100000000000000000000000000000000000000000000000000000000000000000000000000000000000000000000 0 0
15302 0.000 LR999934.1	14622 ( 0 ) 100101001011001111100001000111001110110100011101100110000010011111011111001110110110101100000000000000000000000000000000000000000000000000000000000000000000000000000000000000000000 0 0
15322 0.000 LR999934.1	278062 ( 0 ) 100101001011001111100001000111001110110100011101100110000010011111011111001110110110101100000000000000000000000000000000000000000000000000000000000000000000000000000000000000000000 0 0
15342 0.000 LR999934.1	627058 ( 0 ) 100101001011001111100001000111001110110100011101100110000010011111011111001110110110101100000000000000000000000000000000000000000000000000000000000000000000000000000000000000000000 0 0
15306 1.111 LR999934.1	125365 ( 0 ) 100101001011001111100001000111001110110100011101100110000010011111011111001110110110101110000000000000000000000000000000000000000000000000000000000000000000000000000000000000000000 1 0
15305 3.335 LR999934.1	125361 ( 0 ) 100101001011001111100001000111001110110100011101100110000010111111011111001110110110101111000000000000000000000000000000000000000000000000000000000000000000000000000000000000000000 2 0
15564 6.673 LR999934.1	3004934 ( 0 ) 100101001011001111100001000111000110110100011101100110000010111101011111001111110110101111000000000000000000000000000000000000000000000000000000000000000000000000000000000000000000 3 0
15578 6.673 LR999934.1	3019891 ( 0 ) 100101001011001111100001000111000110110100011101100110000010111101011111001111110110101111000000000000000000000000000000000000000000000000000000000000000000000000000000000000000000 0 0
15579 6.673 LR999934.1	3019893 ( 0 ) 100101001011001111100001000111000110110100011101100110000010111101011111001111110110101111000000000000000000000000000000000000000000000000000000000000000000000000000000000000000000 0 0
15580 6.673 LR999934.1	3019925 ( 0 ) 100101001011001111100001000111000110110100011101100110000010111101011111001111110110101111000000000000000000000000000000000000000000000000000000000000000000000000000000000000000000 0 0
15565 7.785 LR999934.1	3004950 ( 0 ) 100101001011001111000001000111000110110100011101100110000010111101011111001111110110101111000000000000000000000000000000000000000000000000000000000000000000000000000000000000000000 1 0
15552 7.785 LR999934.1	2908847 ( 0 ) 100101001011001111000001000111000110110100011101100110000010111101011111001111110110101111000000000000000000000000000000000000000000000000000000000000000000000000000000000000000000 0 0
15570 7.785 LR999934.1	3005152 ( 0 ) 100101001011001111000001000111000110110100011101100110000010111101011111001111110110101111000000000000000000000000000000000000000000000000000000000000000000000000000000000000000000 0 0
15562 7.785 LR999934.1	3004890 ( 0 ) 100101001011001111000001000111000110110100011101100110000010111101011111001111110110101111000000000000000000000000000000000000000000000000000000000000000000000000000000000000000000 0 0
15551 7.785 LR999934.1	2908810 ( 0 ) 100101001011001111000001000111000110110100011101100110000010111101011111001111110110101111000000000000000000000000000000000000000000000000000000000000000000000000000000000000000000 0 0
15556 7.785 LR999934.1	2909060 ( 0 ) 100101001011001111000001000111000110110100011101100110000010111101011111001111110110101111000000000000000000000000000000000000000000000000000000000000000000000000000000000000000000 0 0
15569 7.785 LR999934.1	3005127 ( 0 ) 100101001011001111000001000111000110110100011101100110000010111101011111001111110110101111000000000000000000000000000000000000000000000000000000000000000000000000000000000000000000 0 0
15550 7.785 LR999934.1	2908792 ( 0 ) 100101001011001111000001000111000110110100011101100110000010111101011111001111110110101111000000000000000000000000000000000000000000000000000000000000000000000000000000000000000000 0 0
15568 7.785 LR999934.1	3005087 ( 0 ) 100101001011001111000001000111000110110100011101100110000010111101011111001111110110101111000000000000000000000000000000000000000000000000000000000000000000000000000000000000000000 0 0
15544 7.785 LR999934.1	2831732 ( 0 ) 100101001011001111000001000111000110110100011101100110000010111101011111001111110110101111000000000000000000000000000000000000000000000000000000000000000000000000000000000000000000 0 0
15561 7.785 LR999934.1	3004885 ( 0 ) 100101001011001111000001000111000110110100011101100110000010111101011111001111110110101111000000000000000000000000000000000000000000000000000000000000000000000000000000000000000000 0 0
15563 7.785 LR999934.1	3004916 ( 0 ) 100101001011001111000001000111000110110100011101100110000010111101011111001111110110101111000000000000000000000000000000000000000000000000000000000000000000000000000000000000000000 0 0
15715 8.896 LR999934.1	5797591 ( 0 ) 100001001011001111000001000111000110110100011101100110000010111101011111001111110110101111000000000000000000000000000000000000000000000000000000000000000000000000000000000000000000 1 0
15743 8.896 LR999934.1	5931187 ( 0 ) 100001001011001111000001000111000110110100011101100110000010111101011111001111110110101111000000000000000000000000000000000000000000000000000000000000000000000000000000000000000000 0 0
15699 8.896 LR999934.1	5797366 ( 0 ) 100001001011001111000001000111000110110100011101100110000010111101011111001111110110101111000000000000000000000000000000000000000000000000000000000000000000000000000000000000000000 0 0
15714 8.896 LR999934.1	5797587 ( 0 ) 100001001011001111000001000111000110110100011101100110000010111101011111001111110110101111000000000000000000000000000000000000000000000000000000000000000000000000000000000000000000 0 0
15712 8.896 LR999934.1	5797563 ( 0 ) 100001001011001111000001000111000110110100011101100110000010111101011111001111110110101111000000000000000000000000000000000000000000000000000000000000000000000000000000000000000000 0 0
15701 8.896 LR999934.1	5797448 ( 0 ) 100001001011001111000001000111000110110100011101100110000010111101011111001111110110101111000000000000000000000000000000000000000000000000000000000000000000000000000000000000000000 0 0
15713 8.896 LR999934.1	5797564 ( 0 ) 100001001011001111000001000111000110110100011101100110000010111101011111001111110110101111000000000000000000000000000000000000000000000000000000000000000000000000000000000000000000 0 0
15700 8.896 LR999934.1	5797374 ( 0 ) 100001001011001111000001000111000110110100011101100110000010111101011111001111110110101111000000000000000000000000000000000000000000000000000000000000000000000000000000000000000000 0 0
15553 8.896 LR999934.1	2909012 ( 0 ) 100001001011001111000001000111000110110100011101100110000010111101011111001111110110101111000000000000000000000000000000000000000000000000000000000000000000000000000000000000000000 0 0
15742 8.896 LR999934.1	5931125 ( 0 ) 100001001011001111000001000111000110110100011101100110000010111101011111001111110110101111000000000000000000000000000000000000000000000000000000000000000000000000000000000000000000 0 0
15698 8.896 LR999934.1	5797356 ( 0 ) 100001001011001111000001000111000110110100011101100110000010111101011111001111110110101111000000000000000000000000000000000000000000000000000000000000000000000000000000000000000000 0 0
15708 10.007 LR999934.1	5797540 ( 0 ) 100001001011001111000001000111000110110100011101100110000010111100011111001111110110101111000000000000000000000000000000000000000000000000000000000000000000000000000000000000000000 1 0
15709 10.007 LR999934.1	5797541 ( 0 ) 100001001011001111000001000111000110110100011101100110000010111100011111001111110110101111000000000000000000000000000000000000000000000000000000000000000000000000000000000000000000 0 0
15710 10.007 LR999934.1	5797556 ( 0 ) 100001001011001111000001000111000110110100011101100110000010111100011111001111110110101111000000000000000000000000000000000000000000000000000000000000000000000000000000000000000000 0 0
15707 10.007 LR999934.1	5797529 ( 0 ) 100001001011001111000001000111000110110100011101100110000010111100011111001111110110101111000000000000000000000000000000000000000000000000000000000000000000000000000000000000000000 0 0
15705 10.007 LR999934.1	5797503 ( 0 ) 100001001011001111000001000111000110110100011101100110000010111100011111001111110110101111000000000000000000000000000000000000000000000000000000000000000000000000000000000000000000 0 0
15747 14.463 LR999934.1	6130561 ( 0 ) 100001001011001111000001000111100110010100011111100110000010111100011111001111110010101111000000000000000000000000000000000000000000000000000000000000000000000000000000000000000000 4 0
15750 14.463 LR999934.1	6130617 ( 0 ) 100001001011001111000001000111100110010100011111100110000010111100011111001111110010101111000000000000000000000000000000000000000000000000000000000000000000000000000000000000000000 0 0
15813 16.687 LR999934.1	6325648 ( 0 ) 100001001011001111001001000111100110010100111111100110000010111100011111001111110010101111000000000000000000000000000000000000000000000000000000000000000000000000000000000000000000 2 0
15857 17.798 LR999934.1	6636326 ( 0 ) 100001001011001111001001001111100110010100111111100110000010111100011111001111110010101111000000000000000000000000000000000000000000000000000000000000000000000000000000000000000000 1 0
15859 17.798 LR999934.1	6636410 ( 0 ) 100001001011001111001001001111100110010100111111100110000010111100011111001111110010101111000000000000000000000000000000000000000000000000000000000000000000000000000000000000000000 0 0
15856 17.798 LR999934.1	6636308 ( 0 ) 100001001011001111001001001111100110010100111111100110000010111100011111001111110010101111000000000000000000000000000000000000000000000000000000000000000000000000000000000000000000 0 0
15852 17.798 LR999934.1	6636282 ( 0 ) 100001001011001111001001001111100110010100111111100110000010111100011111001111110010101111000000000000000000000000000000000000000000000000000000000000000000000000000000000000000000 0 0
15858 17.798 LR999934.1	6636350 ( 0 ) 100001001011001111001001001111100110010100111111100110000010111100011111001111110010101111000000000000000000000000000000000000000000000000000000000000000000000000000000000000000000 0 0
15910 18.910 LR999934.1	7290450 ( 0 ) 100001001011001110001001001111100110010100111111100110000010111100011111001111110010101111000000000000000000000000000000000000000000000000000000000000000000000000000000000000000000 1 0
15918 18.910 LR999934.1	7290475 ( 0 ) 100001001011001110001001001111100110010100111111100110000010111100011111001111110010101111000000000000000000000000000000000000000000000000000000000000000000000000000000000000000000 0 0
15917 18.910 LR999934.1	7290474 ( 0 ) 100001001011001110001001001111100110010100111111100110000010111100011111001111110010101111000000000000000000000000000000000000000000000000000000000000000000000000000000000000000000 0 0
15924 18.910 LR999934.1	7290656 ( 0 ) 100001001011001110001001001111100110010100111111100110000010111100011111001111110010101111000000000000000000000000000000000000000000000000000000000000000000000000000000000000000000 0 0
15913 18.910 LR999934.1	7290465 ( 0 ) 100001001011001110001001001111100110010100111111100110000010111100011111001111110010101111000000000000000000000000000000000000000000000000000000000000000000000000000000000000000000 0 0
15912 18.910 LR999934.1	7290460 ( 0 ) 100001001011001110001001001111100110010100111111100110000010111100011111001111110010101111000000000000000000000000000000000000000000000000000000000000000000000000000000000000000000 0 0
15936 18.910 LR999934.1	7324150 ( 0 ) 100001001011001110001001001111100110010100111111100110000010111100011111001111110010101111000000000000000000000000000000000000000000000000000000000000000000000000000000000000000000 0 0
15971 20.021 LR999934.1	7794712 ( 0 ) 100001001011001110001001001111100110010100111111100100000010111100011111001111110010101111000000000000000000000000000000000000000000000000000000000000000000000000000000000000000000 1 0
15979 20.021 LR999934.1	7794883 ( 0 ) 100001001011001110001001001111100110010100111111100100000010111100011111001111110010101111000000000000000000000000000000000000000000000000000000000000000000000000000000000000000000 0 0
15978 20.021 LR999934.1	7794862 ( 0 ) 100001001011001110001001001111100110010100111111100100000010111100011111001111110010101111000000000000000000000000000000000000000000000000000000000000000000000000000000000000000000 0 0
15973 20.021 LR999934.1	7794770 ( 0 ) 100001001011001110001001001111100110010100111111100100000010111100011111001111110010101111000000000000000000000000000000000000000000000000000000000000000000000000000000000000000000 0 0
15981 20.021 LR999934.1	7794927 ( 0 ) 100001001011001110001001001111100110010100111111100100000010111100011111001111110010101111000000000000000000000000000000000000000000000000000000000000000000000000000000000000000000 0 0
15980 20.021 LR999934.1	7794894 ( 0 ) 100001001011001110001001001111100110010100111111100100000010111100011111001111110010101111000000000000000000000000000000000000000000000000000000000000000000000000000000000000000000 0 0
15960 20.021 LR999934.1	7649239 ( 0 ) 100001001011001110001001001111100110010100111111100100000010111100011111001111110010101111000000000000000000000000000000000000000000000000000000000000000000000000000000000000000000 0 0
16087 22.245 LR999934.1	8818690 ( 0 ) 100001001011001110001001001111100110010100101111100100000010111100011111001111110010111111000000000000000000000000000000000000000000000000000000000000000000000000000000000000000000 2 0
16047 23.356 LR999934.1	8355496 ( 0 ) 110001001011001110001001001111100110010100101111100100000010111100011111001111110010111111000000000000000000000000000000000000000000000000000000000000000000000000000000000000000000 1 0
16049 23.356 LR999934.1	8355501 ( 0 ) 110001001011001110001001001111100110010100101111100100000010111100011111001111110010111111000000000000000000000000000000000000000000000000000000000000000000000000000000000000000000 0 0
16050 23.356 LR999934.1	8355570 ( 0 ) 110001001011001110001001001111100110010100101111100100000010111100011111001111110010111111000000000000000000000000000000000000000000000000000000000000000000000000000000000000000000 0 0
16118 24.467 LR999934.1	9216804 ( 0 ) 110001001011001110001001001111100110010100101111100100000010111100011011001111110010111111000000000000000000000000000000000000000000000000000000000000000000000000000000000000000000 1 0
16119 24.467 LR999934.1	9216877 ( 0 ) 110001001011001110001001001111100110010100101111100100000010111100011011001111110010111111000000000000000000000000000000000000000000000000000000000000000000000000000000000000000000 0 0
16107 24.467 LR999934.1	9216608 ( 0 ) 110001001011001110001001001111100110010100101111100100000010111100011011001111110010111111000000000000000000000000000000000000000000000000000000000000000000000000000000000000000000 0 0
16110 24.467 LR999934.1	9216646 ( 0 ) 110001001011001110001001001111100110010100101111100100000010111100011011001111110010111111000000000000000000000000000000000000000000000000000000000000000000000000000000000000000000 0 0
16109 24.467 LR999934.1	9216643 ( 0 ) 110001001011001110001001001111100110010100101111100100000010111100011011001111110010111111000000000000000000000000000000000000000000000000000000000000000000000000000000000000000000 0 0
16123 25.578 LR999934.1	9382907 ( 0 ) 110001001001001110001001001111100110010100101111100100000010111100011011001111110010111111000000000000000000000000000000000000000000000000000000000000000000000000000000000000000000 1 0
16129 25.578 LR999934.1	9383040 ( 0 ) 110001001001001110001001001111100110010100101111100100000010111100011011001111110010111111000000000000000000000000000000000000000000000000000000000000000000000000000000000000000000 0 0
16150 25.578 LR999934.1	9654506 ( 0 ) 110001001001001110001001001111100110010100101111100100000010111100011011001111110010111111000000000000000000000000000000000000000000000000000000000000000000000000000000000000000000 0 0
16114 25.578 LR999934.1	9216688 ( 0 ) 110001001001001110001001001111100110010100101111100100000010111100011011001111110010111111000000000000000000000000000000000000000000000000000000000000000000000000000000000000000000 0 0
16112 25.578 LR999934.1	9216664 ( 0 ) 110001001001001110001001001111100110010100101111100100000010111100011011001111110010111111000000000000000000000000000000000000000000000000000000000000000000000000000000000000000000 0 0
16125 25.578 LR999934.1	9382994 ( 0 ) 110001001001001110001001001111100110010100101111100100000010111100011011001111110010111111000000000000000000000000000000000000000000000000000000000000000000000000000000000000000000 0 0
16111 25.578 LR999934.1	9216656 ( 0 ) 110001001001001110001001001111100110010100101111100100000010111100011011001111110010111111000000000000000000000000000000000000000000000000000000000000000000000000000000000000000000 0 0
16447 27.802 LR999934.1	12273196 ( 0 ) 110001001001001110001001001111100110010100101111100100000010111100011010101111110010111111000000000000000000000000000000000000000000000000000000000000000000000000000000000000000000 2 0
16442 27.802 LR999934.1	12071768 ( 0 ) 110001001001001110001001001111100110010100101111100100000010111100011010101111110010111111000000000000000000000000000000000000000000000000000000000000000000000000000000000000000000 0 0
16443 27.802 LR999934.1	12071774 ( 0 ) 110001001001001110001001001111100110010100101111100100000010111100011010101111110010111111000000000000000000000000000000000000000000000000000000000000000000000000000000000000000000 0 0
16196 28.913 LR999934.1	10047619 ( 0 ) 110001001001001110001001001111100110010101101111100100000010111100011010101111110010111111000000000000000000000000000000000000000000000000000000000000000000000000000000000000000000 1 0
16249 28.913 LR999934.1	10329282 ( 0 ) 110001001001001110001001001111100110010101101111100100000010111100011010101111110010111111000000000000000000000000000000000000000000000000000000000000000000000000000000000000000000 0 0
16266 28.913 LR999934.1	10394822 ( 0 ) 110001001001001110001001001111100110010101101111100100000010111100011010101111110010111111000000000000000000000000000000000000000000000000000000000000000000000000000000000000000000 0 0
16251 28.913 LR999934.1	10329311 ( 0 ) 110001001001001110001001001111100110010101101111100100000010111100011010101111110010111111000000000000000000000000000000000000000000000000000000000000000000000000000000000000000000 0 0
16175 28.913 LR999934.1	9890665 ( 0 ) 110001001001001110001001001111100110010101101111100100000010111100011010101111110010111111000000000000000000000000000000000000000000000000000000000000000000000000000000000000000000 0 0
16198 28.913 LR999934.1	10047807 ( 0 ) 110001001001001110001001001111100110010101101111100100000010111100011010101111110010111111000000000000000000000000000000000000000000000000000000000000000000000000000000000000000000 0 0
16174 28.913 LR999934.1	9890658 ( 0 ) 110001001001001110001001001111100110010101101111100100000010111100011010101111110010111111000000000000000000000000000000000000000000000000000000000000000000000000000000000000000000 0 0
16176 28.913 LR999934.1	9890701 ( 0 ) 110001001001001110001001001111100110010101101111100100000010111100011010101111110010111111000000000000000000000000000000000000000000000000000000000000000000000000000000000000000000 0 0
16250 28.913 LR999934.1	10329284 ( 0 ) 110001001001001110001001001111100110010101101111100100000010111100011010101111110010111111000000000000000000000000000000000000000000000000000000000000000000000000000000000000000000 0 0
16247 28.913 LR999934.1	10329252 ( 0 ) 110001001001001110001001001111100110010101101111100100000010111100011010101111110010111111000000000000000000000000000000000000000000000000000000000000000000000000000000000000000000 0 0
16274 30.025 LR999934.1	10455341 ( 0 ) 110001001001001110001001001111100110010101101111100100000010111100011010100111110010111111000000000000000000000000000000000000000000000000000000000000000000000000000000000000000000 1 0
16224 30.025 LR999934.1	10171677 ( 0 ) 110001001001001110001001001111100110010101101111100100000010111100011010100111110010111111000000000000000000000000000000000000000000000000000000000000000000000000000000000000000000 0 0
16271 30.025 LR999934.1	10455300 ( 0 ) 110001001001001110001001001111100110010101101111100100000010111100011010100111110010111111000000000000000000000000000000000000000000000000000000000000000000000000000000000000000000 0 0
16302 31.136 LR999934.1	10567435 ( 0 ) 110001001001001110001001001111100110010101101111000100000010111100011010100111110010111111000000000000000000000000000000000000000000000000000000000000000000000000000000000000000000 1 0
16299 31.136 LR999934.1	10567408 ( 0 ) 110001001001001110001001001111100110010101101111000100000010111100011010100111110010111111000000000000000000000000000000000000000000000000000000000000000000000000000000000000000000 0 0
16298 31.136 LR999934.1	10567403 ( 0 ) 110001001001001110001001001111100110010101101111000100000010111100011010100111110010111111000000000000000000000000000000000000000000000000000000000000000000000000000000000000000000 0 0
16290 31.136 LR999934.1	10567341 ( 0 ) 110001001001001110001001001111100110010101101111000100000010111100011010100111110010111111000000000000000000000000000000000000000000000000000000000000000000000000000000000000000000 0 0
16297 31.136 LR999934.1	10567398 ( 0 ) 110001001001001110001001001111100110010101101111000100000010111100011010100111110010111111000000000000000000000000000000000000000000000000000000000000000000000000000000000000000000 0 0
16301 31.136 LR999934.1	10567419 ( 0 ) 110001001001001110001001001111100110010101101111000100000010111100011010100111110010111111000000000000000000000000000000000000000000000000000000000000000000000000000000000000000000 0 0
16293 31.136 LR999934.1	10567376 ( 0 ) 110001001001001110001001001111100110010101101111000100000010111100011010100111110010111111000000000000000000000000000000000000000000000000000000000000000000000000000000000000000000 0 0
16397 34.474 LR999934.1	11798093 ( 0 ) 110001000001001110001001001111100111010101101111000100000010111100011010100111110010110111000000000000000000000000000000000000000000000000000000000000000000000000000000000000000000 3 0
16397 34.474 LR999934.1	11798093 ( 0 ) 110001000001001110001001001111100111010101101111000100000010111100011010100111110010110111000000000000000000000000000000000000000000000000000000000000000000000000000000000000000000 0 0
16396 34.474 LR999934.1	11492120 ( 0 ) 110001000001001110001001001111100111010101101111000100000010111100011010100111110010110111000000000000000000000000000000000000000000000000000000000000000000000000000000000000000000 0 0
16389 35.586 LR999934.1	11491744 ( 0 ) 110001000001001110001001001111100111010101101111000100000011111100011010100111110010110111000000000000000000000000000000000000000000000000000000000000000000000000000000000000000000 1 0
16403 35.586 LR999934.1	11875693 ( 0 ) 110001000001001110001001001111100111010101101111000100000011111100011010100111110010110111000000000000000000000000000000000000000000000000000000000000000000000000000000000000000000 0 0
16410 35.586 LR999934.1	11875898 ( 0 ) 110001000001001110001001001111100111010101101111000100000011111100011010100111110010110111000000000000000000000000000000000000000000000000000000000000000000000000000000000000000000 0 0
16384 35.586 LR999934.1	11394823 ( 0 ) 110001000001001110001001001111100111010101101111000100000011111100011010100111110010110111000000000000000000000000000000000000000000000000000000000000000000000000000000000000000000 0 0
16404 35.586 LR999934.1	11875700 ( 0 ) 110001000001001110001001001111100111010101101111000100000011111100011010100111110010110111000000000000000000000000000000000000000000000000000000000000000000000000000000000000000000 0 0
16383 35.586 LR999934.1	11394821 ( 0 ) 110001000001001110001001001111100111010101101111000100000011111100011010100111110010110111000000000000000000000000000000000000000000000000000000000000000000000000000000000000000000 0 0
16387 35.586 LR999934.1	11394907 ( 0 ) 110001000001001110001001001111100111010101101111000100000011111100011010100111110010110111000000000000000000000000000000000000000000000000000000000000000000000000000000000000000000 0 0
16413 35.586 LR999934.1	11923898 ( 0 ) 110001000001001110001001001111100111010101101111000100000011111100011010100111110010110111000000000000000000000000000000000000000000000000000000000000000000000000000000000000000000 0 0
16382 35.586 LR999934.1	11394803 ( 0 ) 110001000001001110001001001111100111010101101111000100000011111100011010100111110010110111000000000000000000000000000000000000000000000000000000000000000000000000000000000000000000 0 0
16379 35.586 LR999934.1	11394718 ( 0 ) 110001000001001110001001001111100111010101101111000100000011111100011010100111110010110111000000000000000000000000000000000000000000000000000000000000000000000000000000000000000000 0 0
16406 35.586 LR999934.1	11875710 ( 0 ) 110001000001001110001001001111100111010101101111000100000011111100011010100111110010110111000000000000000000000000000000000000000000000000000000000000000000000000000000000000000000 0 0
16377 35.586 LR999934.1	11394703 ( 0 ) 110001000001001110001001001111100111010101101111000100000011111100011010100111110010110111000000000000000000000000000000000000000000000000000000000000000000000000000000000000000000 0 0
16388 35.586 LR999934.1	11394918 ( 0 ) 110001000001001110001001001111100111010101101111000100000011111100011010100111110010110111000000000000000000000000000000000000000000000000000000000000000000000000000000000000000000 0 0
16405 35.586 LR999934.1	11875707 ( 0 ) 110001000001001110001001001111100111010101101111000100000011111100011010100111110010110111000000000000000000000000000000000000000000000000000000000000000000000000000000000000000000 0 0
16407 35.586 LR999934.1	11875729 ( 0 ) 110001000001001110001001001111100111010101101111000100000011111100011010100111110010110111000000000000000000000000000000000000000000000000000000000000000000000000000000000000000000 0 0
16411 35.586 LR999934.1	11875953 ( 0 ) 110001000001001110001001001111100111010101101111000100000011111100011010100111110010110111000000000000000000000000000000000000000000000000000000000000000000000000000000000000000000 0 0
16433 35.586 LR999934.1	12026161 ( 0 ) 110001000001001110001001001111100111010101101111000100000011111100011010100111110010110111000000000000000000000000000000000000000000000000000000000000000000000000000000000000000000 0 0
16355 35.586 LR999934.1	11207996 ( 0 ) 110001000001001110001001001111100111010101101111000100000011111100011010100111110010110111000000000000000000000000000000000000000000000000000000000000000000000000000000000000000000 0 0
16378 35.586 LR999934.1	11394716 ( 0 ) 110001000001001110001001001111100111010101101111000100000011111100011010100111110010110111000000000000000000000000000000000000000000000000000000000000000000000000000000000000000000 0 0
16386 35.586 LR999934.1	11394892 ( 0 ) 110001000001001110001001001111100111010101101111000100000011111100011010100111110010110111000000000000000000000000000000000000000000000000000000000000000000000000000000000000000000 0 0
16534 35.586 LR999934.1	13340906 ( 0 ) 110001000001001110001001001111100111010101101111000100000011111100011010100111110010110111000000000000000000000000000000000000000000000000000000000000000000000000000000000000000000 0 0
16533 35.586 LR999934.1	13340905 ( 0 ) 110001000001001110001001001111100111010101101111000100000011111100011010100111110010110111000000000000000000000000000000000000000000000000000000000000000000000000000000000000000000 0 0
16535 35.586 LR999934.1	13340913 ( 0 ) 110001000001001110001001001111100111010101101111000100000011111100011010100111110010110111000000000000000000000000000000000000000000000000000000000000000000000000000000000000000000 0 0
16531 36.697 LR999934.1	13340703 ( 0 ) 110001000001001110001001001111100111010101101111000100000011111100010010100111110010110111000000000000000000000000000000000000000000000000000000000000000000000000000000000000000000 1 0
16475 36.697 LR999934.1	12319371 ( 0 ) 110001000001001110001001001111100111010101101111000100000011111100010010100111110010110111000000000000000000000000000000000000000000000000000000000000000000000000000000000000000000 0 0
16476 36.697 LR999934.1	12319390 ( 0 ) 110001000001001110001001001111100111010101101111000100000011111100010010100111110010110111000000000000000000000000000000000000000000000000000000000000000000000000000000000000000000 0 0
16474 36.697 LR999934.1	12319367 ( 0 ) 110001000001001110001001001111100111010101101111000100000011111100010010100111110010110111000000000000000000000000000000000000000000000000000000000000000000000000000000000000000000 0 0
16359 36.697 LR999934.1	11208159 ( 0 ) 110001000001001110001001001111100111010101101111000100000011111100010010100111110010110111000000000000000000000000000000000000000000000000000000000000000000000000000000000000000000 0 0
16478 36.697 LR999934.1	12319466 ( 0 ) 110001000001001110001001001111100111010101101111000100000011111100010010100111110010110111000000000000000000000000000000000000000000000000000000000000000000000000000000000000000000 0 0
16521 36.697 LR999934.1	13294513 ( 0 ) 110001000001001110001001001111100111010101101111000100000011111100010010100111110010110111000000000000000000000000000000000000000000000000000000000000000000000000000000000000000000 0 0
16473 36.697 LR999934.1	12319362 ( 0 ) 110001000001001110001001001111100111010101101111000100000011111100010010100111110010110111000000000000000000000000000000000000000000000000000000000000000000000000000000000000000000 0 0
16527 36.697 LR999934.1	13340606 ( 0 ) 110001000001001110001001001111100111010101101111000100000011111100010010100111110010110111000000000000000000000000000000000000000000000000000000000000000000000000000000000000000000 0 0
16553 37.808 LR999934.1	13553419 ( 0 ) 110001000001001110001001001111100111010101101111000100000011111100010010100111110000110111000000000000000000000000000000000000000000000000000000000000000000000000000000000000000000 1 0
16554 37.808 LR999934.1	13553420 ( 0 ) 110001000001001110001001001111100111010101101111000100000011111100010010100111110000110111000000000000000000000000000000000000000000000000000000000000000000000000000000000000000000 0 0
16560 37.808 LR999934.1	13553682 ( 0 ) 110001000001001110001001001111100111010101101111000100000011111100010010100111110000110111000000000000000000000000000000000000000000000000000000000000000000000000000000000000000000 0 0
16558 37.808 LR999934.1	13553652 ( 0 ) 110001000001001110001001001111100111010101101111000100000011111100010010100111110000110111000000000000000000000000000000000000000000000000000000000000000000000000000000000000000000 0 0
16580 38.920 LR999934.1	13567372 ( 0 ) 110001000001001110001001001011100111010101101111000100000011111100010010100111110000110111000000000000000000000000000000000000000000000000000000000000000000000000000000000000000000 1 0
16559 38.920 LR999934.1	13553656 ( 0 ) 110001000001001110001001001011100111010101101111000100000011111100010010100111110000110111000000000000000000000000000000000000000000000000000000000000000000000000000000000000000000 0 0
16619 38.920 LR999934.1	14043140 ( 0 ) 110001000001001110001001001011100111010101101111000100000011111100010010100111110000110111000000000000000000000000000000000000000000000000000000000000000000000000000000000000000000 0 0
