#*** LG = 0 likelihood = -2249.8829
#marker_number	male_position	female_position	( 0.0 )[	phased data]
5103 0.000 LR999927.1	15375487 ( 0 ) 001010101001110111110110100011110010010001101011010101101011011011100110100011110100011001000000000000000000000000000000000000000000000000000000000000000000000000000000000000000000 0 0
5104 0.000 LR999927.1	15375540 ( 0 ) 001010101001110111110110100011110010010001101011010101101011011011100110100011110100011001000000000000000000000000000000000000000000000000000000000000000000000000000000000000000000 0 0
5101 0.000 LR999927.1	15375449 ( 0 ) 001010101001110111110110100011110010010001101011010101101011011011100110100011110100011001000000000000000000000000000000000000000000000000000000000000000000000000000000000000000000 0 0
5102 0.000 LR999927.1	15375480 ( 0 ) 001010101001110111110110100011110010010001101011010101101011011011100110100011110100011001000000000000000000000000000000000000000000000000000000000000000000000000000000000000000000 0 0
5104 0.000 LR999927.1	15375540 ( 0 ) 001010101001110111110110100011110010010001101011010101101011011011100110100011110100011001000000000000000000000000000000000000000000000000000000000000000000000000000000000000000000 0 0
4931 1.111 LR999927.1	14434887 ( 0 ) 001010101001110111110110100011110010010001101011010101101011011011100110100111110100011001000000000000000000000000000000000000000000000000000000000000000000000000000000000000000000 1 0
5097 2.223 LR999927.1	15375415 ( 0 ) 001010101011110111110110100011110010010001101011010101101011011011100110100111110100011001000000000000000000000000000000000000000000000000000000000000000000000000000000000000000000 1 0
5125 2.223 LR999927.1	15598815 ( 0 ) 001010101011110111110110100011110010010001101011010101101011011011100110100111110100011001000000000000000000000000000000000000000000000000000000000000000000000000000000000000000000 0 0
5126 2.223 LR999927.1	15598831 ( 0 ) 001010101011110111110110100011110010010001101011010101101011011011100110100111110100011001000000000000000000000000000000000000000000000000000000000000000000000000000000000000000000 0 0
5127 2.223 LR999927.1	15598834 ( 0 ) 001010101011110111110110100011110010010001101011010101101011011011100110100111110100011001000000000000000000000000000000000000000000000000000000000000000000000000000000000000000000 0 0
5119 2.223 LR999927.1	15598635 ( 0 ) 001010101011110111110110100011110010010001101011010101101011011011100110100111110100011001000000000000000000000000000000000000000000000000000000000000000000000000000000000000000000 0 0
5124 2.223 LR999927.1	15598762 ( 0 ) 001010101011110111110110100011110010010001101011010101101011011011100110100111110100011001000000000000000000000000000000000000000000000000000000000000000000000000000000000000000000 0 0
5041 4.446 LR999927.1	15263613 ( 0 ) 001010101011110111110110100011110010010001101011010101101111011111100110100111110100011001000000000000000000000000000000000000000000000000000000000000000000000000000000000000000000 2 0
4991 4.446 LR999927.1	14853071 ( 0 ) 001010101011110111110110100011110010010001101011010101101111011111100110100111110100011001000000000000000000000000000000000000000000000000000000000000000000000000000000000000000000 0 0
5046 4.446 LR999927.1	15263706 ( 0 ) 001010101011110111110110100011110010010001101011010101101111011111100110100111110100011001000000000000000000000000000000000000000000000000000000000000000000000000000000000000000000 0 0
5035 4.446 LR999927.1	15210728 ( 0 ) 001010101011110111110110100011110010010001101011010101101111011111100110100111110100011001000000000000000000000000000000000000000000000000000000000000000000000000000000000000000000 0 0
4990 4.446 LR999927.1	14853054 ( 0 ) 001010101011110111110110100011110010010001101011010101101111011111100110100111110100011001000000000000000000000000000000000000000000000000000000000000000000000000000000000000000000 0 0
4988 4.446 LR999927.1	14852978 ( 0 ) 001010101011110111110110100011110010010001101011010101101111011111100110100111110100011001000000000000000000000000000000000000000000000000000000000000000000000000000000000000000000 0 0
5047 4.446 LR999927.1	15272864 ( 0 ) 001010101011110111110110100011110010010001101011010101101111011111100110100111110100011001000000000000000000000000000000000000000000000000000000000000000000000000000000000000000000 0 0
4987 4.446 LR999927.1	14852955 ( 0 ) 001010101011110111110110100011110010010001101011010101101111011111100110100111110100011001000000000000000000000000000000000000000000000000000000000000000000000000000000000000000000 0 0
4949 5.558 LR999927.1	14462629 ( 0 ) 001010101011110101110110100011110010010001101011010101101111011111100110100111110100011001000000000000000000000000000000000000000000000000000000000000000000000000000000000000000000 1 0
4979 5.558 LR999927.1	14685364 ( 0 ) 001010101011110101110110100011110010010001101011010101101111011111100110100111110100011001000000000000000000000000000000000000000000000000000000000000000000000000000000000000000000 0 0
4950 5.558 LR999927.1	14462674 ( 0 ) 001010101011110101110110100011110010010001101011010101101111011111100110100111110100011001000000000000000000000000000000000000000000000000000000000000000000000000000000000000000000 0 0
4946 5.558 LR999927.1	14462449 ( 0 ) 001010101011110101110110100011110010010001101011010101101111011111100110100111110100011001000000000000000000000000000000000000000000000000000000000000000000000000000000000000000000 0 0
4945 5.558 LR999927.1	14462445 ( 0 ) 001010101011110101110110100011110010010001101011010101101111011111100110100111110100011001000000000000000000000000000000000000000000000000000000000000000000000000000000000000000000 0 0
4891 5.558 LR999927.1	14316908 ( 0 ) 001010101011110101110110100011110010010001101011010101101111011111100110100111110100011001000000000000000000000000000000000000000000000000000000000000000000000000000000000000000000 0 0
4885 5.558 LR999927.1	14316680 ( 0 ) 001010101011110101110110100011110010010001101011010101101111011111100110100111110100011001000000000000000000000000000000000000000000000000000000000000000000000000000000000000000000 0 0
4943 5.558 LR999927.1	14462418 ( 0 ) 001010101011110101110110100011110010010001101011010101101111011111100110100111110100011001000000000000000000000000000000000000000000000000000000000000000000000000000000000000000000 0 0
4889 5.558 LR999927.1	14316729 ( 0 ) 001010101011110101110110100011110010010001101011010101101111011111100110100111110100011001000000000000000000000000000000000000000000000000000000000000000000000000000000000000000000 0 0
4948 5.558 LR999927.1	14462592 ( 0 ) 001010101011110101110110100011110010010001101011010101101111011111100110100111110100011001000000000000000000000000000000000000000000000000000000000000000000000000000000000000000000 0 0
4933 5.558 LR999927.1	14434933 ( 0 ) 001010101011110101110110100011110010010001101011010101101111011111100110100111110100011001000000000000000000000000000000000000000000000000000000000000000000000000000000000000000000 0 0
4981 5.558 LR999927.1	14685450 ( 0 ) 001010101011110101110110100011110010010001101011010101101111011111100110100111110100011001000000000000000000000000000000000000000000000000000000000000000000000000000000000000000000 0 0
4887 5.558 LR999927.1	14316702 ( 0 ) 001010101011110101110110100011110010010001101011010101101111011111100110100111110100011001000000000000000000000000000000000000000000000000000000000000000000000000000000000000000000 0 0
4928 5.558 LR999927.1	14434831 ( 0 ) 001010101011110101110110100011110010010001101011010101101111011111100110100111110100011001000000000000000000000000000000000000000000000000000000000000000000000000000000000000000000 0 0
4919 5.558 LR999927.1	14434753 ( 0 ) 001010101011110101110110100011110010010001101011010101101111011111100110100111110100011001000000000000000000000000000000000000000000000000000000000000000000000000000000000000000000 0 0
4888 5.558 LR999927.1	14316727 ( 0 ) 001010101011110101110110100011110010010001101011010101101111011111100110100111110100011001000000000000000000000000000000000000000000000000000000000000000000000000000000000000000000 0 0
4947 5.558 LR999927.1	14462471 ( 0 ) 001010101011110101110110100011110010010001101011010101101111011111100110100111110100011001000000000000000000000000000000000000000000000000000000000000000000000000000000000000000000 0 0
4866 6.669 LR999927.1	14183748 ( 0 ) 001010101011110001110110100011110010010001101011010101101111011111100110100111110100011001000000000000000000000000000000000000000000000000000000000000000000000000000000000000000000 1 0
4865 6.669 LR999927.1	14183743 ( 0 ) 001010101011110001110110100011110010010001101011010101101111011111100110100111110100011001000000000000000000000000000000000000000000000000000000000000000000000000000000000000000000 0 0
4862 6.669 LR999927.1	14183717 ( 0 ) 001010101011110001110110100011110010010001101011010101101111011111100110100111110100011001000000000000000000000000000000000000000000000000000000000000000000000000000000000000000000 0 0
4867 6.669 LR999927.1	14183749 ( 0 ) 001010101011110001110110100011110010010001101011010101101111011111100110100111110100011001000000000000000000000000000000000000000000000000000000000000000000000000000000000000000000 0 0
4870 6.669 LR999927.1	14183770 ( 0 ) 001010101011110001110110100011110010010001101011010101101111011111100110100111110100011001000000000000000000000000000000000000000000000000000000000000000000000000000000000000000000 0 0
4864 6.669 LR999927.1	14183733 ( 0 ) 001010101011110001110110100011110010010001101011010101101111011111100110100111110100011001000000000000000000000000000000000000000000000000000000000000000000000000000000000000000000 0 0
4869 6.669 LR999927.1	14183762 ( 0 ) 001010101011110001110110100011110010010001101011010101101111011111100110100111110100011001000000000000000000000000000000000000000000000000000000000000000000000000000000000000000000 0 0
4868 6.669 LR999927.1	14183750 ( 0 ) 001010101011110001110110100011110010010001101011010101101111011111100110100111110100011001000000000000000000000000000000000000000000000000000000000000000000000000000000000000000000 0 0
4859 6.669 LR999927.1	13975665 ( 0 ) 001010101011110001110110100011110010010001101011010101101111011111100110100111110100011001000000000000000000000000000000000000000000000000000000000000000000000000000000000000000000 0 0
4863 6.669 LR999927.1	14183720 ( 0 ) 001010101011110001110110100011110010010001101011010101101111011111100110100111110100011001000000000000000000000000000000000000000000000000000000000000000000000000000000000000000000 0 0
4960 7.780 LR999927.1	14495833 ( 0 ) 001010101011110001110110000011110010010001101011010101101111011111100110100111110100011001000000000000000000000000000000000000000000000000000000000000000000000000000000000000000000 1 0
3960 8.891 LR999927.1	7473710 ( 0 ) 001010101011110001110110000011110010010001101011010101101111011111100110101111110100011001000000000000000000000000000000000000000000000000000000000000000000000000000000000000000000 1 0
3673 10.003 LR999927.1	4525016 ( 0 ) 001010101011110001110110000011110000010001101011010101101111011111100110101111110100011001000000000000000000000000000000000000000000000000000000000000000000000000000000000000000000 1 0
5001 11.114 LR999927.1	14991934 ( 0 ) 001010101011110001110110000011110000010001101011010100101111011111100110101111110100011001000000000000000000000000000000000000000000000000000000000000000000000000000000000000000000 1 0
4821 14.452 LR999927.1	13456951 ( 0 ) 011010101011110001110110000011110000010001101011010100101111011111100110101111110110111001000000000000000000000000000000000000000000000000000000000000000000000000000000000000000000 3 0
4805 14.452 LR999927.1	13409621 ( 0 ) 011010101011110001110110000011110000010001101011010100101111011111100110101111110110111001000000000000000000000000000000000000000000000000000000000000000000000000000000000000000000 0 0
4804 14.452 LR999927.1	13409520 ( 0 ) 011010101011110001110110000011110000010001101011010100101111011111100110101111110110111001000000000000000000000000000000000000000000000000000000000000000000000000000000000000000000 0 0
4820 14.452 LR999927.1	13456948 ( 0 ) 011010101011110001110110000011110000010001101011010100101111011111100110101111110110111001000000000000000000000000000000000000000000000000000000000000000000000000000000000000000000 0 0
4810 14.452 LR999927.1	13409693 ( 0 ) 011010101011110001110110000011110000010001101011010100101111011111100110101111110110111001000000000000000000000000000000000000000000000000000000000000000000000000000000000000000000 0 0
4807 14.452 LR999927.1	13409686 ( 0 ) 011010101011110001110110000011110000010001101011010100101111011111100110101111110110111001000000000000000000000000000000000000000000000000000000000000000000000000000000000000000000 0 0
4836 14.452 LR999927.1	13513090 ( 0 ) 011010101011110001110110000011110000010001101011010100101111011111100110101111110110111001000000000000000000000000000000000000000000000000000000000000000000000000000000000000000000 0 0
4802 14.452 LR999927.1	13409493 ( 0 ) 011010101011110001110110000011110000010001101011010100101111011111100110101111110110111001000000000000000000000000000000000000000000000000000000000000000000000000000000000000000000 0 0
4803 14.452 LR999927.1	13409494 ( 0 ) 011010101011110001110110000011110000010001101011010100101111011111100110101111110110111001000000000000000000000000000000000000000000000000000000000000000000000000000000000000000000 0 0
4809 14.452 LR999927.1	13409688 ( 0 ) 011010101011110001110110000011110000010001101011010100101111011111100110101111110110111001000000000000000000000000000000000000000000000000000000000000000000000000000000000000000000 0 0
4785 15.564 LR999927.1	13340131 ( 0 ) 011010101011110001110110000011110000010001101011010100101111011111100110101111110110101001000000000000000000000000000000000000000000000000000000000000000000000000000000000000000000 1 0
4793 15.564 LR999927.1	13373122 ( 0 ) 011010101011110001110110000011110000010001101011010100101111011111100110101111110110101001000000000000000000000000000000000000000000000000000000000000000000000000000000000000000000 0 0
4796 16.675 LR999927.1	13373297 ( 0 ) 011010101011110001110110000011110000010001101011010100101111011111100110101111110110101011000000000000000000000000000000000000000000000000000000000000000000000000000000000000000000 1 0
4721 17.786 LR999927.1	12852543 ( 0 ) 011010101011110000110110000011110000010001101011010100101111011111100110101111110110101011000000000000000000000000000000000000000000000000000000000000000000000000000000000000000000 1 0
4722 18.898 LR999927.1	12852555 ( 0 ) 011010101011110000110110000011110000010001101011010100101111011111100100101111110110101011000000000000000000000000000000000000000000000000000000000000000000000000000000000000000000 1 0
4741 18.898 LR999927.1	12907297 ( 0 ) 011010101011110000110110000011110000010001101011010100101111011111100100101111110110101011000000000000000000000000000000000000000000000000000000000000000000000000000000000000000000 0 0
4726 18.898 LR999927.1	12852769 ( 0 ) 011010101011110000110110000011110000010001101011010100101111011111100100101111110110101011000000000000000000000000000000000000000000000000000000000000000000000000000000000000000000 0 0
4759 18.898 LR999927.1	12907609 ( 0 ) 011010101011110000110110000011110000010001101011010100101111011111100100101111110110101011000000000000000000000000000000000000000000000000000000000000000000000000000000000000000000 0 0
4752 18.898 LR999927.1	12907503 ( 0 ) 011010101011110000110110000011110000010001101011010100101111011111100100101111110110101011000000000000000000000000000000000000000000000000000000000000000000000000000000000000000000 0 0
4754 18.898 LR999927.1	12907534 ( 0 ) 011010101011110000110110000011110000010001101011010100101111011111100100101111110110101011000000000000000000000000000000000000000000000000000000000000000000000000000000000000000000 0 0
4725 18.898 LR999927.1	12852759 ( 0 ) 011010101011110000110110000011110000010001101011010100101111011111100100101111110110101011000000000000000000000000000000000000000000000000000000000000000000000000000000000000000000 0 0
4694 18.898 LR999927.1	12338671 ( 0 ) 011010101011110000110110000011110000010001101011010100101111011111100100101111110110101011000000000000000000000000000000000000000000000000000000000000000000000000000000000000000000 0 0
4742 18.898 LR999927.1	12907300 ( 0 ) 011010101011110000110110000011110000010001101011010100101111011111100100101111110110101011000000000000000000000000000000000000000000000000000000000000000000000000000000000000000000 0 0
4723 18.898 LR999927.1	12852647 ( 0 ) 011010101011110000110110000011110000010001101011010100101111011111100100101111110110101011000000000000000000000000000000000000000000000000000000000000000000000000000000000000000000 0 0
4745 18.898 LR999927.1	12907321 ( 0 ) 011010101011110000110110000011110000010001101011010100101111011111100100101111110110101011000000000000000000000000000000000000000000000000000000000000000000000000000000000000000000 0 0
4727 18.898 LR999927.1	12852860 ( 0 ) 011010101011110000110110000011110000010001101011010100101111011111100100101111110110101011000000000000000000000000000000000000000000000000000000000000000000000000000000000000000000 0 0
4707 18.898 LR999927.1	12653985 ( 0 ) 011010101011110000110110000011110000010001101011010100101111011111100100101111110110101011000000000000000000000000000000000000000000000000000000000000000000000000000000000000000000 0 0
4744 18.898 LR999927.1	12907316 ( 0 ) 011010101011110000110110000011110000010001101011010100101111011111100100101111110110101011000000000000000000000000000000000000000000000000000000000000000000000000000000000000000000 0 0
4755 18.898 LR999927.1	12907587 ( 0 ) 011010101011110000110110000011110000010001101011010100101111011111100100101111110110101011000000000000000000000000000000000000000000000000000000000000000000000000000000000000000000 0 0
4724 18.898 LR999927.1	12852751 ( 0 ) 011010101011110000110110000011110000010001101011010100101111011111100100101111110110101011000000000000000000000000000000000000000000000000000000000000000000000000000000000000000000 0 0
4646 20.009 LR999927.1	11982403 ( 0 ) 011010101011110000110110000011110000010001101011010100111111011111100100101111110110101011000000000000000000000000000000000000000000000000000000000000000000000000000000000000000000 1 0
4672 20.009 LR999927.1	12062378 ( 0 ) 011010101011110000110110000011110000010001101011010100111111011111100100101111110110101011000000000000000000000000000000000000000000000000000000000000000000000000000000000000000000 0 0
4648 20.009 LR999927.1	11982458 ( 0 ) 011010101011110000110110000011110000010001101011010100111111011111100100101111110110101011000000000000000000000000000000000000000000000000000000000000000000000000000000000000000000 0 0
4674 20.009 LR999927.1	12062452 ( 0 ) 011010101011110000110110000011110000010001101011010100111111011111100100101111110110101011000000000000000000000000000000000000000000000000000000000000000000000000000000000000000000 0 0
4665 20.009 LR999927.1	12047854 ( 0 ) 011010101011110000110110000011110000010001101011010100111111011111100100101111110110101011000000000000000000000000000000000000000000000000000000000000000000000000000000000000000000 0 0
4652 20.009 LR999927.1	11982792 ( 0 ) 011010101011110000110110000011110000010001101011010100111111011111100100101111110110101011000000000000000000000000000000000000000000000000000000000000000000000000000000000000000000 0 0
4647 20.009 LR999927.1	11982407 ( 0 ) 011010101011110000110110000011110000010001101011010100111111011111100100101111110110101011000000000000000000000000000000000000000000000000000000000000000000000000000000000000000000 0 0
4680 20.009 LR999927.1	12189106 ( 0 ) 011010101011110000110110000011110000010001101011010100111111011111100100101111110110101011000000000000000000000000000000000000000000000000000000000000000000000000000000000000000000 0 0
4666 20.009 LR999927.1	12048116 ( 0 ) 011010101011110000110110000011110000010001101011010100111111011111100100101111110110101011000000000000000000000000000000000000000000000000000000000000000000000000000000000000000000 0 0
4656 20.009 LR999927.1	12007941 ( 0 ) 011010101011110000110110000011110000010001101011010100111111011111100100101111110110101011000000000000000000000000000000000000000000000000000000000000000000000000000000000000000000 0 0
4347 24.465 LR999927.1	9789179 ( 0 ) 011011101011110000110110000011111000010001101011010100111111011111100100101111100110101111000000000000000000000000000000000000000000000000000000000000000000000000000000000000000000 4 0
4346 24.465 LR999927.1	9789174 ( 0 ) 011011101011110000110110000011111000010001101011010100111111011111100100101111100110101111000000000000000000000000000000000000000000000000000000000000000000000000000000000000000000 0 0
4349 24.465 LR999927.1	9789194 ( 0 ) 011011101011110000110110000011111000010001101011010100111111011111100100101111100110101111000000000000000000000000000000000000000000000000000000000000000000000000000000000000000000 0 0
4348 24.465 LR999927.1	9789185 ( 0 ) 011011101011110000110110000011111000010001101011010100111111011111100100101111100110101111000000000000000000000000000000000000000000000000000000000000000000000000000000000000000000 0 0
4575 25.576 LR999927.1	11517905 ( 0 ) 011011101011110000100110000011111000010001101011010100111111011111100100101111100110101111000000000000000000000000000000000000000000000000000000000000000000000000000000000000000000 1 0
4576 25.576 LR999927.1	11517918 ( 0 ) 011011101011110000100110000011111000010001101011010100111111011111100100101111100110101111000000000000000000000000000000000000000000000000000000000000000000000000000000000000000000 0 0
4573 25.576 LR999927.1	11517896 ( 0 ) 011011101011110000100110000011111000010001101011010100111111011111100100101111100110101111000000000000000000000000000000000000000000000000000000000000000000000000000000000000000000 0 0
4604 26.688 LR999927.1	11810956 ( 0 ) 011011101011110000100110000011111000010001101011010100111111011111100100101111100110100111000000000000000000000000000000000000000000000000000000000000000000000000000000000000000000 1 0
4620 26.688 LR999927.1	11840471 ( 0 ) 011011101011110000100110000011111000010001101011010100111111011111100100101111100110100111000000000000000000000000000000000000000000000000000000000000000000000000000000000000000000 0 0
4585 26.688 LR999927.1	11645898 ( 0 ) 011011101011110000100110000011111000010001101011010100111111011111100100101111100110100111000000000000000000000000000000000000000000000000000000000000000000000000000000000000000000 0 0
4602 26.688 LR999927.1	11810924 ( 0 ) 011011101011110000100110000011111000010001101011010100111111011111100100101111100110100111000000000000000000000000000000000000000000000000000000000000000000000000000000000000000000 0 0
4605 26.688 LR999927.1	11818993 ( 0 ) 011011101011110000100110000011111000010001101011010100111111011111100100101111100110100111000000000000000000000000000000000000000000000000000000000000000000000000000000000000000000 0 0
4621 26.688 LR999927.1	11840636 ( 0 ) 011011101011110000100110000011111000010001101011010100111111011111100100101111100110100111000000000000000000000000000000000000000000000000000000000000000000000000000000000000000000 0 0
22333 26.688 LR999938.1	6375132 ( 0 ) 011011101011110000100110000011111000010001101011010100111111011111100100101111100110100111000000000000000000000000000000000000000000000000000000000000000000000000000000000000000000 0 0
4529 27.799 LR999927.1	10789406 ( 0 ) 011011101011110000100110000011111000010001101011010100111111011111100100101110100110100111000000000000000000000000000000000000000000000000000000000000000000000000000000000000000000 1 0
4524 27.799 LR999927.1	10789345 ( 0 ) 011011101011110000100110000011111000010001101011010100111111011111100100101110100110100111000000000000000000000000000000000000000000000000000000000000000000000000000000000000000000 0 0
4505 27.799 LR999927.1	10686783 ( 0 ) 011011101011110000100110000011111000010001101011010100111111011111100100101110100110100111000000000000000000000000000000000000000000000000000000000000000000000000000000000000000000 0 0
4552 27.799 LR999927.1	11066530 ( 0 ) 011011101011110000100110000011111000010001101011010100111111011111100100101110100110100111000000000000000000000000000000000000000000000000000000000000000000000000000000000000000000 0 0
4491 27.799 LR999927.1	10616987 ( 0 ) 011011101011110000100110000011111000010001101011010100111111011111100100101110100110100111000000000000000000000000000000000000000000000000000000000000000000000000000000000000000000 0 0
4541 27.799 LR999927.1	10796271 ( 0 ) 011011101011110000100110000011111000010001101011010100111111011111100100101110100110100111000000000000000000000000000000000000000000000000000000000000000000000000000000000000000000 0 0
4544 27.799 LR999927.1	10888338 ( 0 ) 011011101011110000100110000011111000010001101011010100111111011111100100101110100110100111000000000000000000000000000000000000000000000000000000000000000000000000000000000000000000 0 0
4528 27.799 LR999927.1	10789397 ( 0 ) 011011101011110000100110000011111000010001101011010100111111011111100100101110100110100111000000000000000000000000000000000000000000000000000000000000000000000000000000000000000000 0 0
4542 27.799 LR999927.1	10888261 ( 0 ) 011011101011110000100110000011111000010001101011010100111111011111100100101110100110100111000000000000000000000000000000000000000000000000000000000000000000000000000000000000000000 0 0
4527 27.799 LR999927.1	10789382 ( 0 ) 011011101011110000100110000011111000010001101011010100111111011111100100101110100110100111000000000000000000000000000000000000000000000000000000000000000000000000000000000000000000 0 0
4504 27.799 LR999927.1	10686769 ( 0 ) 011011101011110000100110000011111000010001101011010100111111011111100100101110100110100111000000000000000000000000000000000000000000000000000000000000000000000000000000000000000000 0 0
4546 27.799 LR999927.1	10888587 ( 0 ) 011011101011110000100110000011111000010001101011010100111111011111100100101110100110100111000000000000000000000000000000000000000000000000000000000000000000000000000000000000000000 0 0
4350 27.799 LR999927.1	9789195 ( 0 ) 011011101011110000100110000011111000010001101011010100111111011111100100101110100110100111000000000000000000000000000000000000000000000000000000000000000000000000000000000000000000 0 0
4545 27.799 LR999927.1	10888474 ( 0 ) 011011101011110000100110000011111000010001101011010100111111011111100100101110100110100111000000000000000000000000000000000000000000000000000000000000000000000000000000000000000000 0 0
4435 28.910 LR999927.1	10318921 ( 0 ) 011011101011110000100110000011111000010001101011010100111111001111100100101110100110100111000000000000000000000000000000000000000000000000000000000000000000000000000000000000000000 1 0
4436 28.910 LR999927.1	10318932 ( 0 ) 011011101011110000100110000011111000010001101011010100111111001111100100101110100110100111000000000000000000000000000000000000000000000000000000000000000000000000000000000000000000 0 0
4437 28.910 LR999927.1	10318951 ( 0 ) 011011101011110000100110000011111000010001101011010100111111001111100100101110100110100111000000000000000000000000000000000000000000000000000000000000000000000000000000000000000000 0 0
4321 28.910 LR999927.1	9782787 ( 0 ) 011011101011110000100110000011111000010001101011010100111111001111100100101110100110100111000000000000000000000000000000000000000000000000000000000000000000000000000000000000000000 0 0
4320 28.910 LR999927.1	9782779 ( 0 ) 011011101011110000100110000011111000010001101011010100111111001111100100101110100110100111000000000000000000000000000000000000000000000000000000000000000000000000000000000000000000 0 0
4434 28.910 LR999927.1	10318920 ( 0 ) 011011101011110000100110000011111000010001101011010100111111001111100100101110100110100111000000000000000000000000000000000000000000000000000000000000000000000000000000000000000000 0 0
4430 28.910 LR999927.1	10318886 ( 0 ) 011011101011110000100110000011111000010001101011010100111111001111100100101110100110100111000000000000000000000000000000000000000000000000000000000000000000000000000000000000000000 0 0
4319 28.910 LR999927.1	9782773 ( 0 ) 011011101011110000100110000011111000010001101011010100111111001111100100101110100110100111000000000000000000000000000000000000000000000000000000000000000000000000000000000000000000 0 0
4302 30.021 LR999927.1	9685895 ( 0 ) 011011101011110000100110000011111100010001101011010100111111001111100100101110100110100111000000000000000000000000000000000000000000000000000000000000000000000000000000000000000000 1 0
15942 30.021 LR999934.1	7446336 ( 0 ) 011011101011110000100110000011111100010001101011010100111111001111100100101110100110100111000000000000000000000000000000000000000000000000000000000000000000000000000000000000000000 0 0
4284 30.021 LR999927.1	9594315 ( 0 ) 011011101011110000100110000011111100010001101011010100111111001111100100101110100110100111000000000000000000000000000000000000000000000000000000000000000000000000000000000000000000 0 0
4165 30.021 LR999927.1	8773777 ( 0 ) 011011101011110000100110000011111100010001101011010100111111001111100100101110100110100111000000000000000000000000000000000000000000000000000000000000000000000000000000000000000000 0 0
4392 30.021 LR999927.1	10068219 ( 0 ) 011011101011110000100110000011111100010001101011010100111111001111100100101110100110100111000000000000000000000000000000000000000000000000000000000000000000000000000000000000000000 0 0
4288 30.021 LR999927.1	9594705 ( 0 ) 011011101011110000100110000011111100010001101011010100111111001111100100101110100110100111000000000000000000000000000000000000000000000000000000000000000000000000000000000000000000 0 0
4415 30.021 LR999927.1	10079745 ( 0 ) 011011101011110000100110000011111100010001101011010100111111001111100100101110100110100111000000000000000000000000000000000000000000000000000000000000000000000000000000000000000000 0 0
4397 30.021 LR999927.1	10074564 ( 0 ) 011011101011110000100110000011111100010001101011010100111111001111100100101110100110100111000000000000000000000000000000000000000000000000000000000000000000000000000000000000000000 0 0
4285 30.021 LR999927.1	9594410 ( 0 ) 011011101011110000100110000011111100010001101011010100111111001111100100101110100110100111000000000000000000000000000000000000000000000000000000000000000000000000000000000000000000 0 0
4387 30.021 LR999927.1	10068188 ( 0 ) 011011101011110000100110000011111100010001101011010100111111001111100100101110100110100111000000000000000000000000000000000000000000000000000000000000000000000000000000000000000000 0 0
4329 30.021 LR999927.1	9786551 ( 0 ) 011011101011110000100110000011111100010001101011010100111111001111100100101110100110100111000000000000000000000000000000000000000000000000000000000000000000000000000000000000000000 0 0
4310 30.021 LR999927.1	9739913 ( 0 ) 011011101011110000100110000011111100010001101011010100111111001111100100101110100110100111000000000000000000000000000000000000000000000000000000000000000000000000000000000000000000 0 0
15941 30.021 LR999934.1	7446318 ( 0 ) 011011101011110000100110000011111100010001101011010100111111001111100100101110100110100111000000000000000000000000000000000000000000000000000000000000000000000000000000000000000000 0 0
15950 30.021 LR999934.1	7446454 ( 0 ) 011011101011110000100110000011111100010001101011010100111111001111100100101110100110100111000000000000000000000000000000000000000000000000000000000000000000000000000000000000000000 0 0
4366 30.021 LR999927.1	9962384 ( 0 ) 011011101011110000100110000011111100010001101011010100111111001111100100101110100110100111000000000000000000000000000000000000000000000000000000000000000000000000000000000000000000 0 0
4330 30.021 LR999927.1	9786557 ( 0 ) 011011101011110000100110000011111100010001101011010100111111001111100100101110100110100111000000000000000000000000000000000000000000000000000000000000000000000000000000000000000000 0 0
4396 30.021 LR999927.1	10074557 ( 0 ) 011011101011110000100110000011111100010001101011010100111111001111100100101110100110100111000000000000000000000000000000000000000000000000000000000000000000000000000000000000000000 0 0
4398 30.021 LR999927.1	10074593 ( 0 ) 011011101011110000100110000011111100010001101011010100111111001111100100101110100110100111000000000000000000000000000000000000000000000000000000000000000000000000000000000000000000 0 0
4279 30.021 LR999927.1	9574359 ( 0 ) 011011101011110000100110000011111100010001101011010100111111001111100100101110100110100111000000000000000000000000000000000000000000000000000000000000000000000000000000000000000000 0 0
15954 30.021 LR999934.1	7446496 ( 0 ) 011011101011110000100110000011111100010001101011010100111111001111100100101110100110100111000000000000000000000000000000000000000000000000000000000000000000000000000000000000000000 0 0
4383 30.021 LR999927.1	10068167 ( 0 ) 011011101011110000100110000011111100010001101011010100111111001111100100101110100110100111000000000000000000000000000000000000000000000000000000000000000000000000000000000000000000 0 0
4395 30.021 LR999927.1	10074347 ( 0 ) 011011101011110000100110000011111100010001101011010100111111001111100100101110100110100111000000000000000000000000000000000000000000000000000000000000000000000000000000000000000000 0 0
4164 30.021 LR999927.1	8773767 ( 0 ) 011011101011110000100110000011111100010001101011010100111111001111100100101110100110100111000000000000000000000000000000000000000000000000000000000000000000000000000000000000000000 0 0
4162 30.021 LR999927.1	8773763 ( 0 ) 011011101011110000100110000011111100010001101011010100111111001111100100101110100110100111000000000000000000000000000000000000000000000000000000000000000000000000000000000000000000 0 0
4299 30.021 LR999927.1	9685881 ( 0 ) 011011101011110000100110000011111100010001101011010100111111001111100100101110100110100111000000000000000000000000000000000000000000000000000000000000000000000000000000000000000000 0 0
4359 30.021 LR999927.1	9845876 ( 0 ) 011011101011110000100110000011111100010001101011010100111111001111100100101110100110100111000000000000000000000000000000000000000000000000000000000000000000000000000000000000000000 0 0
4163 31.133 LR999927.1	8773765 ( 0 ) 011011101011110000100110000011111100010001101011010100111111001111100100101110100010100111000000000000000000000000000000000000000000000000000000000000000000000000000000000000000000 1 0
4126 31.133 LR999927.1	8727654 ( 0 ) 011011101011110000100110000011111100010001101011010100111111001111100100101110100010100111000000000000000000000000000000000000000000000000000000000000000000000000000000000000000000 0 0
4149 31.133 LR999927.1	8737930 ( 0 ) 011011101011110000100110000011111100010001101011010100111111001111100100101110100010100111000000000000000000000000000000000000000000000000000000000000000000000000000000000000000000 0 0
4148 31.133 LR999927.1	8737913 ( 0 ) 011011101011110000100110000011111100010001101011010100111111001111100100101110100010100111000000000000000000000000000000000000000000000000000000000000000000000000000000000000000000 0 0
4158 31.133 LR999927.1	8738153 ( 0 ) 011011101011110000100110000011111100010001101011010100111111001111100100101110100010100111000000000000000000000000000000000000000000000000000000000000000000000000000000000000000000 0 0
4221 31.133 LR999927.1	9143264 ( 0 ) 011011101011110000100110000011111100010001101011010100111111001111100100101110100010100111000000000000000000000000000000000000000000000000000000000000000000000000000000000000000000 0 0
4110 31.133 LR999927.1	8632647 ( 0 ) 011011101011110000100110000011111100010001101011010100111111001111100100101110100010100111000000000000000000000000000000000000000000000000000000000000000000000000000000000000000000 0 0
4191 31.133 LR999927.1	8933395 ( 0 ) 011011101011110000100110000011111100010001101011010100111111001111100100101110100010100111000000000000000000000000000000000000000000000000000000000000000000000000000000000000000000 0 0
4136 31.133 LR999927.1	8727988 ( 0 ) 011011101011110000100110000011111100010001101011010100111111001111100100101110100010100111000000000000000000000000000000000000000000000000000000000000000000000000000000000000000000 0 0
4216 31.133 LR999927.1	9120276 ( 0 ) 011011101011110000100110000011111100010001101011010100111111001111100100101110100010100111000000000000000000000000000000000000000000000000000000000000000000000000000000000000000000 0 0
4275 31.133 LR999927.1	9402715 ( 0 ) 011011101011110000100110000011111100010001101011010100111111001111100100101110100010100111000000000000000000000000000000000000000000000000000000000000000000000000000000000000000000 0 0
4143 31.133 LR999927.1	8737543 ( 0 ) 011011101011110000100110000011111100010001101011010100111111001111100100101110100010100111000000000000000000000000000000000000000000000000000000000000000000000000000000000000000000 0 0
4147 31.133 LR999927.1	8737908 ( 0 ) 011011101011110000100110000011111100010001101011010100111111001111100100101110100010100111000000000000000000000000000000000000000000000000000000000000000000000000000000000000000000 0 0
4222 31.133 LR999927.1	9143277 ( 0 ) 011011101011110000100110000011111100010001101011010100111111001111100100101110100010100111000000000000000000000000000000000000000000000000000000000000000000000000000000000000000000 0 0
4112 31.133 LR999927.1	8632656 ( 0 ) 011011101011110000100110000011111100010001101011010100111111001111100100101110100010100111000000000000000000000000000000000000000000000000000000000000000000000000000000000000000000 0 0
4127 31.133 LR999927.1	8727657 ( 0 ) 011011101011110000100110000011111100010001101011010100111111001111100100101110100010100111000000000000000000000000000000000000000000000000000000000000000000000000000000000000000000 0 0
4121 31.133 LR999927.1	8695359 ( 0 ) 011011101011110000100110000011111100010001101011010100111111001111100100101110100010100111000000000000000000000000000000000000000000000000000000000000000000000000000000000000000000 0 0
4211 31.133 LR999927.1	9120228 ( 0 ) 011011101011110000100110000011111100010001101011010100111111001111100100101110100010100111000000000000000000000000000000000000000000000000000000000000000000000000000000000000000000 0 0
4241 31.133 LR999927.1	9172715 ( 0 ) 011011101011110000100110000011111100010001101011010100111111001111100100101110100010100111000000000000000000000000000000000000000000000000000000000000000000000000000000000000000000 0 0
4150 31.133 LR999927.1	8737935 ( 0 ) 011011101011110000100110000011111100010001101011010100111111001111100100101110100010100111000000000000000000000000000000000000000000000000000000000000000000000000000000000000000000 0 0
4101 33.356 LR999927.1	8491125 ( 0 ) 011011101011100000100110000011111100010001101011010100011111001111100100101110100010100111000000000000000000000000000000000000000000000000000000000000000000000000000000000000000000 2 0
4055 33.356 LR999927.1	8349693 ( 0 ) 011011101011100000100110000011111100010001101011010100011111001111100100101110100010100111000000000000000000000000000000000000000000000000000000000000000000000000000000000000000000 0 0
4052 33.356 LR999927.1	8250705 ( 0 ) 011011101011100000100110000011111100010001101011010100011111001111100100101110100010100111000000000000000000000000000000000000000000000000000000000000000000000000000000000000000000 0 0
4069 33.356 LR999927.1	8361950 ( 0 ) 011011101011100000100110000011111100010001101011010100011111001111100100101110100010100111000000000000000000000000000000000000000000000000000000000000000000000000000000000000000000 0 0
4068 33.356 LR999927.1	8361948 ( 0 ) 011011101011100000100110000011111100010001101011010100011111001111100100101110100010100111000000000000000000000000000000000000000000000000000000000000000000000000000000000000000000 0 0
4070 33.356 LR999927.1	8361956 ( 0 ) 011011101011100000100110000011111100010001101011010100011111001111100100101110100010100111000000000000000000000000000000000000000000000000000000000000000000000000000000000000000000 0 0
4067 33.356 LR999927.1	8361947 ( 0 ) 011011101011100000100110000011111100010001101011010100011111001111100100101110100010100111000000000000000000000000000000000000000000000000000000000000000000000000000000000000000000 0 0
3947 35.580 LR999927.1	7263705 ( 0 ) 011011101011100000100110000011111100110001101011010100010111001111100100101110100010100111000000000000000000000000000000000000000000000000000000000000000000000000000000000000000000 2 0
3913 35.580 LR999927.1	7032988 ( 0 ) 011011101011100000100110000011111100110001101011010100010111001111100100101110100010100111000000000000000000000000000000000000000000000000000000000000000000000000000000000000000000 0 0
3912 35.580 LR999927.1	7032969 ( 0 ) 011011101011100000100110000011111100110001101011010100010111001111100100101110100010100111000000000000000000000000000000000000000000000000000000000000000000000000000000000000000000 0 0
3914 35.580 LR999927.1	7033031 ( 0 ) 011011101011100000100110000011111100110001101011010100010111001111100100101110100010100111000000000000000000000000000000000000000000000000000000000000000000000000000000000000000000 0 0
3910 35.580 LR999927.1	7032947 ( 0 ) 011011101011100000100110000011111100110001101011010100010111001111100100101110100010100111000000000000000000000000000000000000000000000000000000000000000000000000000000000000000000 0 0
3972 35.580 LR999927.1	7477823 ( 0 ) 011011101011100000100110000011111100110001101011010100010111001111100100101110100010100111000000000000000000000000000000000000000000000000000000000000000000000000000000000000000000 0 0
3915 35.580 LR999927.1	7033037 ( 0 ) 011011101011100000100110000011111100110001101011010100010111001111100100101110100010100111000000000000000000000000000000000000000000000000000000000000000000000000000000000000000000 0 0
3967 35.580 LR999927.1	7477796 ( 0 ) 011011101011100000100110000011111100110001101011010100010111001111100100101110100010100111000000000000000000000000000000000000000000000000000000000000000000000000000000000000000000 0 0
3944 35.580 LR999927.1	7263456 ( 0 ) 011011101011100000100110000011111100110001101011010100010111001111100100101110100010100111000000000000000000000000000000000000000000000000000000000000000000000000000000000000000000 0 0
3908 35.580 LR999927.1	7032932 ( 0 ) 011011101011100000100110000011111100110001101011010100010111001111100100101110100010100111000000000000000000000000000000000000000000000000000000000000000000000000000000000000000000 0 0
3976 35.580 LR999927.1	7477834 ( 0 ) 011011101011100000100110000011111100110001101011010100010111001111100100101110100010100111000000000000000000000000000000000000000000000000000000000000000000000000000000000000000000 0 0
3975 35.580 LR999927.1	7477832 ( 0 ) 011011101011100000100110000011111100110001101011010100010111001111100100101110100010100111000000000000000000000000000000000000000000000000000000000000000000000000000000000000000000 0 0
3911 35.580 LR999927.1	7032963 ( 0 ) 011011101011100000100110000011111100110001101011010100010111001111100100101110100010100111000000000000000000000000000000000000000000000000000000000000000000000000000000000000000000 0 0
3909 35.580 LR999927.1	7032944 ( 0 ) 011011101011100000100110000011111100110001101011010100010111001111100100101110100010100111000000000000000000000000000000000000000000000000000000000000000000000000000000000000000000 0 0
3993 35.580 LR999927.1	7603473 ( 0 ) 011011101011100000100110000011111100110001101011010100010111001111100100101110100010100111000000000000000000000000000000000000000000000000000000000000000000000000000000000000000000 0 0
3971 35.580 LR999927.1	7477822 ( 0 ) 011011101011100000100110000011111100110001101011010100010111001111100100101110100010100111000000000000000000000000000000000000000000000000000000000000000000000000000000000000000000 0 0
3979 35.580 LR999927.1	7477876 ( 0 ) 011011101011100000100110000011111100110001101011010100010111001111100100101110100010100111000000000000000000000000000000000000000000000000000000000000000000000000000000000000000000 0 0
4045 36.691 LR999927.1	8147630 ( 0 ) 011011101011100000100110000011111100110001101011010100010111001111100100001110100010100111000000000000000000000000000000000000000000000000000000000000000000000000000000000000000000 1 0
4043 36.691 LR999927.1	8147628 ( 0 ) 011011101011100000100110000011111100110001101011010100010111001111100100001110100010100111000000000000000000000000000000000000000000000000000000000000000000000000000000000000000000 0 0
3876 36.691 LR999927.1	6510816 ( 0 ) 011011101011100000100110000011111100110001101011010100010111001111100100001110100010100111000000000000000000000000000000000000000000000000000000000000000000000000000000000000000000 0 0
4046 36.691 LR999927.1	8147644 ( 0 ) 011011101011100000100110000011111100110001101011010100010111001111100100001110100010100111000000000000000000000000000000000000000000000000000000000000000000000000000000000000000000 0 0
3877 36.691 LR999927.1	6510831 ( 0 ) 011011101011100000100110000011111100110001101011010100010111001111100100001110100010100111000000000000000000000000000000000000000000000000000000000000000000000000000000000000000000 0 0
3864 37.803 LR999927.1	6419559 ( 0 ) 011011101011101000100110000011111100110001101011010100010111001111100100001110100010100111000000000000000000000000000000000000000000000000000000000000000000000000000000000000000000 1 0
3748 37.803 LR999927.1	5461421 ( 0 ) 011011101011101000100110000011111100110001101011010100010111001111100100001110100010100111000000000000000000000000000000000000000000000000000000000000000000000000000000000000000000 0 0
3861 37.803 LR999927.1	6419523 ( 0 ) 011011101011101000100110000011111100110001101011010100010111001111100100001110100010100111000000000000000000000000000000000000000000000000000000000000000000000000000000000000000000 0 0
3736 37.803 LR999927.1	5461112 ( 0 ) 011011101011101000100110000011111100110001101011010100010111001111100100001110100010100111000000000000000000000000000000000000000000000000000000000000000000000000000000000000000000 0 0
3831 37.803 LR999927.1	6383386 ( 0 ) 011011101011101000100110000011111100110001101011010100010111001111100100001110100010100111000000000000000000000000000000000000000000000000000000000000000000000000000000000000000000 0 0
3749 37.803 LR999927.1	5461425 ( 0 ) 011011101011101000100110000011111100110001101011010100010111001111100100001110100010100111000000000000000000000000000000000000000000000000000000000000000000000000000000000000000000 0 0
3747 37.803 LR999927.1	5461378 ( 0 ) 011011101011101000100110000011111100110001101011010100010111001111100100001110100010100111000000000000000000000000000000000000000000000000000000000000000000000000000000000000000000 0 0
3862 37.803 LR999927.1	6419549 ( 0 ) 011011101011101000100110000011111100110001101011010100010111001111100100001110100010100111000000000000000000000000000000000000000000000000000000000000000000000000000000000000000000 0 0
3730 37.803 LR999927.1	5460846 ( 0 ) 011011101011101000100110000011111100110001101011010100010111001111100100001110100010100111000000000000000000000000000000000000000000000000000000000000000000000000000000000000000000 0 0
3740 37.803 LR999927.1	5461138 ( 0 ) 011011101011101000100110000011111100110001101011010100010111001111100100001110100010100111000000000000000000000000000000000000000000000000000000000000000000000000000000000000000000 0 0
3781 37.803 LR999927.1	6062583 ( 0 ) 011011101011101000100110000011111100110001101011010100010111001111100100001110100010100111000000000000000000000000000000000000000000000000000000000000000000000000000000000000000000 0 0
3865 37.803 LR999927.1	6419573 ( 0 ) 011011101011101000100110000011111100110001101011010100010111001111100100001110100010100111000000000000000000000000000000000000000000000000000000000000000000000000000000000000000000 0 0
3789 37.803 LR999927.1	6066346 ( 0 ) 011011101011101000100110000011111100110001101011010100010111001111100100001110100010100111000000000000000000000000000000000000000000000000000000000000000000000000000000000000000000 0 0
3866 37.803 LR999927.1	6419666 ( 0 ) 011011101011101000100110000011111100110001101011010100010111001111100100001110100010100111000000000000000000000000000000000000000000000000000000000000000000000000000000000000000000 0 0
3739 37.803 LR999927.1	5461125 ( 0 ) 011011101011101000100110000011111100110001101011010100010111001111100100001110100010100111000000000000000000000000000000000000000000000000000000000000000000000000000000000000000000 0 0
3838 37.803 LR999927.1	6392535 ( 0 ) 011011101011101000100110000011111100110001101011010100010111001111100100001110100010100111000000000000000000000000000000000000000000000000000000000000000000000000000000000000000000 0 0
3825 37.803 LR999927.1	6279801 ( 0 ) 011011101011101000100110000011111100110001101011010100010111001111100100001110100010100111000000000000000000000000000000000000000000000000000000000000000000000000000000000000000000 0 0
3863 37.803 LR999927.1	6419551 ( 0 ) 011011101011101000100110000011111100110001101011010100010111001111100100001110100010100111000000000000000000000000000000000000000000000000000000000000000000000000000000000000000000 0 0
3832 37.803 LR999927.1	6383443 ( 0 ) 011011101011101000100110000011111100110001101011010100010111001111100100001110100010100111000000000000000000000000000000000000000000000000000000000000000000000000000000000000000000 0 0
3833 37.803 LR999927.1	6383527 ( 0 ) 011011101011101000100110000011111100110001101011010100010111001111100100001110100010100111000000000000000000000000000000000000000000000000000000000000000000000000000000000000000000 0 0
3703 38.914 LR999927.1	5418042 ( 0 ) 011011101011101000100110000011111100110001101011010100010111001111110100001110100010100111000000000000000000000000000000000000000000000000000000000000000000000000000000000000000000 1 0
3783 38.914 LR999927.1	6062663 ( 0 ) 011011101011101000100110000011111100110001101011010100010111001111110100001110100010100111000000000000000000000000000000000000000000000000000000000000000000000000000000000000000000 0 0
3810 38.914 LR999927.1	6248613 ( 0 ) 011011101011101000100110000011111100110001101011010100010111001111110100001110100010100111000000000000000000000000000000000000000000000000000000000000000000000000000000000000000000 0 0
3867 38.914 LR999927.1	6419679 ( 0 ) 011011101011101000100110000011111100110001101011010100010111001111110100001110100010100111000000000000000000000000000000000000000000000000000000000000000000000000000000000000000000 0 0
3812 38.914 LR999927.1	6248656 ( 0 ) 011011101011101000100110000011111100110001101011010100010111001111110100001110100010100111000000000000000000000000000000000000000000000000000000000000000000000000000000000000000000 0 0
3738 38.914 LR999927.1	5461124 ( 0 ) 011011101011101000100110000011111100110001101011010100010111001111110100001110100010100111000000000000000000000000000000000000000000000000000000000000000000000000000000000000000000 0 0
3841 38.914 LR999927.1	6392543 ( 0 ) 011011101011101000100110000011111100110001101011010100010111001111110100001110100010100111000000000000000000000000000000000000000000000000000000000000000000000000000000000000000000 0 0
3809 38.914 LR999927.1	6248516 ( 0 ) 011011101011101000100110000011111100110001101011010100010111001111110100001110100010100111000000000000000000000000000000000000000000000000000000000000000000000000000000000000000000 0 0
3845 38.914 LR999927.1	6392793 ( 0 ) 011011101011101000100110000011111100110001101011010100010111001111110100001110100010100111000000000000000000000000000000000000000000000000000000000000000000000000000000000000000000 0 0
3737 38.914 LR999927.1	5461116 ( 0 ) 011011101011101000100110000011111100110001101011010100010111001111110100001110100010100111000000000000000000000000000000000000000000000000000000000000000000000000000000000000000000 0 0
3735 38.914 LR999927.1	5461094 ( 0 ) 011011101011101000100110000011111100110001101011010100010111001111110100001110100010100111000000000000000000000000000000000000000000000000000000000000000000000000000000000000000000 0 0
3774 38.914 LR999927.1	5984341 ( 0 ) 011011101011101000100110000011111100110001101011010100010111001111110100001110100010100111000000000000000000000000000000000000000000000000000000000000000000000000000000000000000000 0 0
3811 38.914 LR999927.1	6248651 ( 0 ) 011011101011101000100110000011111100110001101011010100010111001111110100001110100010100111000000000000000000000000000000000000000000000000000000000000000000000000000000000000000000 0 0
3684 40.025 LR999927.1	4854009 ( 0 ) 011011101011101000000110000011111100110001101011010100010111001111110100001110100010100111000000000000000000000000000000000000000000000000000000000000000000000000000000000000000000 1 0
3683 40.025 LR999927.1	4853893 ( 0 ) 011011101011101000000110000011111100110001101011010100010111001111110100001110100010100111000000000000000000000000000000000000000000000000000000000000000000000000000000000000000000 0 0
1987 40.025 LR999926.1	1943789 ( 0 ) 011011101011101000000110000011111100110001101011010100010111001111110100001110100010100111000000000000000000000000000000000000000000000000000000000000000000000000000000000000000000 0 0
4594 41.137 LR999927.1	11788964 ( 0 ) 011011101011101000000110000011111100110001101011010000010111001111110100001110100010100111000000000000000000000000000000000000000000000000000000000000000000000000000000000000000000 1 0
4010 41.137 LR999927.1	7672246 ( 0 ) 011011101011101000000110000011111100110001101011010000010111001111110100001110100010100111000000000000000000000000000000000000000000000000000000000000000000000000000000000000000000 0 0
3992 41.137 LR999927.1	7603449 ( 0 ) 011011101011101000000110000011111100110001101011010000010111001111110100001110100010100111000000000000000000000000000000000000000000000000000000000000000000000000000000000000000000 0 0
3795 41.137 LR999927.1	6130637 ( 0 ) 011011101011101000000110000011111100110001101011010000010111001111110100001110100010100111000000000000000000000000000000000000000000000000000000000000000000000000000000000000000000 0 0
4009 41.137 LR999927.1	7672244 ( 0 ) 011011101011101000000110000011111100110001101011010000010111001111110100001110100010100111000000000000000000000000000000000000000000000000000000000000000000000000000000000000000000 0 0
3546 41.137 LR999927.1	1365461 ( 0 ) 011011101011101000000110000011111100110001101011010000010111001111110100001110100010100111000000000000000000000000000000000000000000000000000000000000000000000000000000000000000000 0 0
3547 41.137 LR999927.1	1365476 ( 0 ) 011011101011101000000110000011111100110001101011010000010111001111110100001110100010100111000000000000000000000000000000000000000000000000000000000000000000000000000000000000000000 0 0
1983 42.248 LR999926.1	1943515 ( 0 ) 011011100011101000000110000011111100110001101011010000010111001111110100001110100010100111000000000000000000000000000000000000000000000000000000000000000000000000000000000000000000 1 0
3626 43.359 LR999927.1	2645984 ( 0 ) 011011100011101000000110000011111100110001101011010000010110001111110100001110100010100111000000000000000000000000000000000000000000000000000000000000000000000000000000000000000000 1 0
3617 43.359 LR999927.1	2255163 ( 0 ) 011011100011101000000110000011111100110001101011010000010110001111110100001110100010100111000000000000000000000000000000000000000000000000000000000000000000000000000000000000000000 0 0
3627 43.359 LR999927.1	2646127 ( 0 ) 011011100011101000000110000011111100110001101011010000010110001111110100001110100010100111000000000000000000000000000000000000000000000000000000000000000000000000000000000000000000 0 0
3619 45.583 LR999927.1	2255331 ( 0 ) 011011100011101000000110000011111100110001101010010000010110001111110000001110100010100111000000000000000000000000000000000000000000000000000000000000000000000000000000000000000000 2 0
3618 45.583 LR999927.1	2255237 ( 0 ) 011011100011101000000110000011111100110001101010010000010110001111110000001110100010100111000000000000000000000000000000000000000000000000000000000000000000000000000000000000000000 0 0
3553 46.694 LR999927.1	1429251 ( 0 ) 011011100011101000000110000011111100110001101010010000010100001111110000001110100010100111000000000000000000000000000000000000000000000000000000000000000000000000000000000000000000 1 0
3529 46.694 LR999927.1	663834 ( 0 ) 011011100011101000000110000011111100110001101010010000010100001111110000001110100010100111000000000000000000000000000000000000000000000000000000000000000000000000000000000000000000 0 0
3552 46.694 LR999927.1	1429158 ( 0 ) 011011100011101000000110000011111100110001101010010000010100001111110000001110100010100111000000000000000000000000000000000000000000000000000000000000000000000000000000000000000000 0 0
3550 46.694 LR999927.1	1429127 ( 0 ) 011011100011101000000110000011111100110001101010010000010100001111110000001110100010100111000000000000000000000000000000000000000000000000000000000000000000000000000000000000000000 0 0
3517 47.805 LR999927.1	496650 ( 0 ) 011011100011101000000110000111111100110001101010010000010100001111110000001110100010100111000000000000000000000000000000000000000000000000000000000000000000000000000000000000000000 1 0
3516 48.917 LR999927.1	496617 ( 0 ) 011011100011101000000110000111111100110001101010010000010100001111111000001110100010100111000000000000000000000000000000000000000000000000000000000000000000000000000000000000000000 1 0
3576 48.917 LR999927.1	1835197 ( 0 ) 011011100011101000000110000111111100110001101010010000010100001111111000001110100010100111000000000000000000000000000000000000000000000000000000000000000000000000000000000000000000 0 0
3577 48.917 LR999927.1	1835318 ( 0 ) 011011100011101000000110000111111100110001101010010000010100001111111000001110100010100111000000000000000000000000000000000000000000000000000000000000000000000000000000000000000000 0 0
3518 48.917 LR999927.1	496678 ( 0 ) 011011100011101000000110000111111100110001101010010000010100001111111000001110100010100111000000000000000000000000000000000000000000000000000000000000000000000000000000000000000000 0 0
3578 48.917 LR999927.1	1835376 ( 0 ) 011011100011101000000110000111111100110001101010010000010100001111111000001110100010100111000000000000000000000000000000000000000000000000000000000000000000000000000000000000000000 0 0
3574 48.917 LR999927.1	1835146 ( 0 ) 011011100011101000000110000111111100110001101010010000010100001111111000001110100010100111000000000000000000000000000000000000000000000000000000000000000000000000000000000000000000 0 0
3575 48.917 LR999927.1	1835164 ( 0 ) 011011100011101000000110000111111100110001101010010000010100001111111000001110100010100111000000000000000000000000000000000000000000000000000000000000000000000000000000000000000000 0 0
