#*** LG = 0 likelihood = -1706.5864
#marker_number	male_position	female_position	( 0.0 )[	phased data]
26191 0.000 LR999941.1	12630502 ( 0 ) 101100100011000000011100100111111001001110111101000110001011001000000101001011000100011100000000000000000000000000000000000000000000000000000000000000000000000000000000000000000000 0 0
26170 0.000 LR999941.1	12619792 ( 0 ) 101100100011000000011100100111111001001110111101000110001011001000000101001011000100011100000000000000000000000000000000000000000000000000000000000000000000000000000000000000000000 0 0
26175 0.000 LR999941.1	12619874 ( 0 ) 101100100011000000011100100111111001001110111101000110001011001000000101001011000100011100000000000000000000000000000000000000000000000000000000000000000000000000000000000000000000 0 0
26190 0.000 LR999941.1	12630498 ( 0 ) 101100100011000000011100100111111001001110111101000110001011001000000101001011000100011100000000000000000000000000000000000000000000000000000000000000000000000000000000000000000000 0 0
26281 0.000 LR999941.1	13682507 ( 0 ) 101100100011000000011100100111111001001110111101000110001011001000000101001011000100011100000000000000000000000000000000000000000000000000000000000000000000000000000000000000000000 0 0
26189 0.000 LR999941.1	12630495 ( 0 ) 101100100011000000011100100111111001001110111101000110001011001000000101001011000100011100000000000000000000000000000000000000000000000000000000000000000000000000000000000000000000 0 0
26176 0.000 LR999941.1	12619990 ( 0 ) 101100100011000000011100100111111001001110111101000110001011001000000101001011000100011100000000000000000000000000000000000000000000000000000000000000000000000000000000000000000000 0 0
26199 0.000 LR999941.1	12630725 ( 0 ) 101100100011000000011100100111111001001110111101000110001011001000000101001011000100011100000000000000000000000000000000000000000000000000000000000000000000000000000000000000000000 0 0
26193 0.000 LR999941.1	12630516 ( 0 ) 101100100011000000011100100111111001001110111101000110001011001000000101001011000100011100000000000000000000000000000000000000000000000000000000000000000000000000000000000000000000 0 0
26178 0.000 LR999941.1	12620029 ( 0 ) 101100100011000000011100100111111001001110111101000110001011001000000101001011000100011100000000000000000000000000000000000000000000000000000000000000000000000000000000000000000000 0 0
26192 0.000 LR999941.1	12630507 ( 0 ) 101100100011000000011100100111111001001110111101000110001011001000000101001011000100011100000000000000000000000000000000000000000000000000000000000000000000000000000000000000000000 0 0
26177 0.000 LR999941.1	12619991 ( 0 ) 101100100011000000011100100111111001001110111101000110001011001000000101001011000100011100000000000000000000000000000000000000000000000000000000000000000000000000000000000000000000 0 0
26216 0.000 LR999941.1	13023691 ( 0 ) 101100100011000000011100100111111001001110111101000110001011001000000101001011000100011100000000000000000000000000000000000000000000000000000000000000000000000000000000000000000000 0 0
26171 0.000 LR999941.1	12619838 ( 0 ) 101100100011000000011100100111111001001110111101000110001011001000000101001011000100011100000000000000000000000000000000000000000000000000000000000000000000000000000000000000000000 0 0
26179 0.000 LR999941.1	12620046 ( 0 ) 101100100011000000011100100111111001001110111101000110001011001000000101001011000100011100000000000000000000000000000000000000000000000000000000000000000000000000000000000000000000 0 0
26281 0.000 LR999941.1	13682507 ( 0 ) 101100100011000000011100100111111001001110111101000110001011001000000101001011000100011100000000000000000000000000000000000000000000000000000000000000000000000000000000000000000000 0 0
26088 1.111 LR999941.1	11932503 ( 0 ) 101100100011000000011100100111111001001110111101000110001011001000000101001011010100011100000000000000000000000000000000000000000000000000000000000000000000000000000000000000000000 1 0
26094 1.111 LR999941.1	11932547 ( 0 ) 101100100011000000011100100111111001001110111101000110001011001000000101001011010100011100000000000000000000000000000000000000000000000000000000000000000000000000000000000000000000 0 0
26127 1.111 LR999941.1	12193709 ( 0 ) 101100100011000000011100100111111001001110111101000110001011001000000101001011010100011100000000000000000000000000000000000000000000000000000000000000000000000000000000000000000000 0 0
26070 1.111 LR999941.1	11784527 ( 0 ) 101100100011000000011100100111111001001110111101000110001011001000000101001011010100011100000000000000000000000000000000000000000000000000000000000000000000000000000000000000000000 0 0
26091 1.111 LR999941.1	11932511 ( 0 ) 101100100011000000011100100111111001001110111101000110001011001000000101001011010100011100000000000000000000000000000000000000000000000000000000000000000000000000000000000000000000 0 0
26071 1.111 LR999941.1	11932186 ( 0 ) 101100100011000000011100100111111001001110111101000110001011001000000101001011010100011100000000000000000000000000000000000000000000000000000000000000000000000000000000000000000000 0 0
26096 1.111 LR999941.1	11932604 ( 0 ) 101100100011000000011100100111111001001110111101000110001011001000000101001011010100011100000000000000000000000000000000000000000000000000000000000000000000000000000000000000000000 0 0
26128 1.111 LR999941.1	12211979 ( 0 ) 101100100011000000011100100111111001001110111101000110001011001000000101001011010100011100000000000000000000000000000000000000000000000000000000000000000000000000000000000000000000 0 0
26069 1.111 LR999941.1	11784506 ( 0 ) 101100100011000000011100100111111001001110111101000110001011001000000101001011010100011100000000000000000000000000000000000000000000000000000000000000000000000000000000000000000000 0 0
26079 1.111 LR999941.1	11932327 ( 0 ) 101100100011000000011100100111111001001110111101000110001011001000000101001011010100011100000000000000000000000000000000000000000000000000000000000000000000000000000000000000000000 0 0
26126 1.111 LR999941.1	12193703 ( 0 ) 101100100011000000011100100111111001001110111101000110001011001000000101001011010100011100000000000000000000000000000000000000000000000000000000000000000000000000000000000000000000 0 0
26086 1.111 LR999941.1	11932343 ( 0 ) 101100100011000000011100100111111001001110111101000110001011001000000101001011010100011100000000000000000000000000000000000000000000000000000000000000000000000000000000000000000000 0 0
26125 1.111 LR999941.1	12193701 ( 0 ) 101100100011000000011100100111111001001110111101000110001011001000000101001011010100011100000000000000000000000000000000000000000000000000000000000000000000000000000000000000000000 0 0
26087 2.223 LR999941.1	11932379 ( 0 ) 101100100011000000011100100111111101001110111101000110001011001000000101001011010100011100000000000000000000000000000000000000000000000000000000000000000000000000000000000000000000 1 0
26027 4.446 LR999941.1	11469814 ( 0 ) 101100100011000000001100100111111101001110111101000110001011001000000101001011010000011100000000000000000000000000000000000000000000000000000000000000000000000000000000000000000000 2 0
25980 4.446 LR999941.1	11064295 ( 0 ) 101100100011000000001100100111111101001110111101000110001011001000000101001011010000011100000000000000000000000000000000000000000000000000000000000000000000000000000000000000000000 0 0
26028 4.446 LR999941.1	11469853 ( 0 ) 101100100011000000001100100111111101001110111101000110001011001000000101001011010000011100000000000000000000000000000000000000000000000000000000000000000000000000000000000000000000 0 0
25914 5.558 LR999941.1	10710206 ( 0 ) 101100100011000000001100100111111101001110111101000110000011001000000101001011010000011100000000000000000000000000000000000000000000000000000000000000000000000000000000000000000000 1 0
25731 6.669 LR999941.1	9135354 ( 0 ) 101100000011000000001100100111111101001110111101000110000011001000000101001011010000011100000000000000000000000000000000000000000000000000000000000000000000000000000000000000000000 1 0
25847 6.669 LR999941.1	9653868 ( 0 ) 101100000011000000001100100111111101001110111101000110000011001000000101001011010000011100000000000000000000000000000000000000000000000000000000000000000000000000000000000000000000 0 0
26063 6.669 LR999941.1	11754080 ( 0 ) 101100000011000000001100100111111101001110111101000110000011001000000101001011010000011100000000000000000000000000000000000000000000000000000000000000000000000000000000000000000000 0 0
25842 7.780 LR999941.1	9617409 ( 0 ) 101100000011000000001100100111111101001110111101001110000011001000000101001011010000011100000000000000000000000000000000000000000000000000000000000000000000000000000000000000000000 1 0
25870 7.780 LR999941.1	9788412 ( 0 ) 101100000011000000001100100111111101001110111101001110000011001000000101001011010000011100000000000000000000000000000000000000000000000000000000000000000000000000000000000000000000 0 0
25871 7.780 LR999941.1	9788415 ( 0 ) 101100000011000000001100100111111101001110111101001110000011001000000101001011010000011100000000000000000000000000000000000000000000000000000000000000000000000000000000000000000000 0 0
25869 7.780 LR999941.1	9788394 ( 0 ) 101100000011000000001100100111111101001110111101001110000011001000000101001011010000011100000000000000000000000000000000000000000000000000000000000000000000000000000000000000000000 0 0
25872 8.891 LR999941.1	9788418 ( 0 ) 101100000011000000001100100111111101001110111101001110000011001000000101001111010000011100000000000000000000000000000000000000000000000000000000000000000000000000000000000000000000 1 0
25893 8.891 LR999941.1	10242822 ( 0 ) 101100000011000000001100100111111101001110111101001110000011001000000101001111010000011100000000000000000000000000000000000000000000000000000000000000000000000000000000000000000000 0 0
25734 8.891 LR999941.1	9135374 ( 0 ) 101100000011000000001100100111111101001110111101001110000011001000000101001111010000011100000000000000000000000000000000000000000000000000000000000000000000000000000000000000000000 0 0
25772 8.891 LR999941.1	9199715 ( 0 ) 101100000011000000001100100111111101001110111101001110000011001000000101001111010000011100000000000000000000000000000000000000000000000000000000000000000000000000000000000000000000 0 0
25728 8.891 LR999941.1	9135335 ( 0 ) 101100000011000000001100100111111101001110111101001110000011001000000101001111010000011100000000000000000000000000000000000000000000000000000000000000000000000000000000000000000000 0 0
25735 8.891 LR999941.1	9135385 ( 0 ) 101100000011000000001100100111111101001110111101001110000011001000000101001111010000011100000000000000000000000000000000000000000000000000000000000000000000000000000000000000000000 0 0
25777 8.891 LR999941.1	9280734 ( 0 ) 101100000011000000001100100111111101001110111101001110000011001000000101001111010000011100000000000000000000000000000000000000000000000000000000000000000000000000000000000000000000 0 0
25787 8.891 LR999941.1	9281024 ( 0 ) 101100000011000000001100100111111101001110111101001110000011001000000101001111010000011100000000000000000000000000000000000000000000000000000000000000000000000000000000000000000000 0 0
25798 8.891 LR999941.1	9498694 ( 0 ) 101100000011000000001100100111111101001110111101001110000011001000000101001111010000011100000000000000000000000000000000000000000000000000000000000000000000000000000000000000000000 0 0
25805 8.891 LR999941.1	9498764 ( 0 ) 101100000011000000001100100111111101001110111101001110000011001000000101001111010000011100000000000000000000000000000000000000000000000000000000000000000000000000000000000000000000 0 0
25785 8.891 LR999941.1	9281001 ( 0 ) 101100000011000000001100100111111101001110111101001110000011001000000101001111010000011100000000000000000000000000000000000000000000000000000000000000000000000000000000000000000000 0 0
25811 8.891 LR999941.1	9498858 ( 0 ) 101100000011000000001100100111111101001110111101001110000011001000000101001111010000011100000000000000000000000000000000000000000000000000000000000000000000000000000000000000000000 0 0
25739 8.891 LR999941.1	9135419 ( 0 ) 101100000011000000001100100111111101001110111101001110000011001000000101001111010000011100000000000000000000000000000000000000000000000000000000000000000000000000000000000000000000 0 0
25846 8.891 LR999941.1	9653866 ( 0 ) 101100000011000000001100100111111101001110111101001110000011001000000101001111010000011100000000000000000000000000000000000000000000000000000000000000000000000000000000000000000000 0 0
25778 8.891 LR999941.1	9280740 ( 0 ) 101100000011000000001100100111111101001110111101001110000011001000000101001111010000011100000000000000000000000000000000000000000000000000000000000000000000000000000000000000000000 0 0
25740 8.891 LR999941.1	9135436 ( 0 ) 101100000011000000001100100111111101001110111101001110000011001000000101001111010000011100000000000000000000000000000000000000000000000000000000000000000000000000000000000000000000 0 0
25736 8.891 LR999941.1	9135392 ( 0 ) 101100000011000000001100100111111101001110111101001110000011001000000101001111010000011100000000000000000000000000000000000000000000000000000000000000000000000000000000000000000000 0 0
25817 8.891 LR999941.1	9498915 ( 0 ) 101100000011000000001100100111111101001110111101001110000011001000000101001111010000011100000000000000000000000000000000000000000000000000000000000000000000000000000000000000000000 0 0
25788 8.891 LR999941.1	9281033 ( 0 ) 101100000011000000001100100111111101001110111101001110000011001000000101001111010000011100000000000000000000000000000000000000000000000000000000000000000000000000000000000000000000 0 0
25737 8.891 LR999941.1	9135412 ( 0 ) 101100000011000000001100100111111101001110111101001110000011001000000101001111010000011100000000000000000000000000000000000000000000000000000000000000000000000000000000000000000000 0 0
25781 8.891 LR999941.1	9280748 ( 0 ) 101100000011000000001100100111111101001110111101001110000011001000000101001111010000011100000000000000000000000000000000000000000000000000000000000000000000000000000000000000000000 0 0
25779 8.891 LR999941.1	9280743 ( 0 ) 101100000011000000001100100111111101001110111101001110000011001000000101001111010000011100000000000000000000000000000000000000000000000000000000000000000000000000000000000000000000 0 0
25820 10.003 LR999941.1	9498931 ( 0 ) 101101000011000000001100100111111101001110111101001110000011001000000101001111010000011100000000000000000000000000000000000000000000000000000000000000000000000000000000000000000000 1 0
25814 10.003 LR999941.1	9498899 ( 0 ) 101101000011000000001100100111111101001110111101001110000011001000000101001111010000011100000000000000000000000000000000000000000000000000000000000000000000000000000000000000000000 0 0
25818 10.003 LR999941.1	9498920 ( 0 ) 101101000011000000001100100111111101001110111101001110000011001000000101001111010000011100000000000000000000000000000000000000000000000000000000000000000000000000000000000000000000 0 0
25815 10.003 LR999941.1	9498903 ( 0 ) 101101000011000000001100100111111101001110111101001110000011001000000101001111010000011100000000000000000000000000000000000000000000000000000000000000000000000000000000000000000000 0 0
25576 11.114 LR999941.1	7815216 ( 0 ) 101101000011000000001100100111111101001110111101001110000111001000000101001111010000011100000000000000000000000000000000000000000000000000000000000000000000000000000000000000000000 1 0
25809 11.114 LR999941.1	9498838 ( 0 ) 101101000011000000001100100111111101001110111101001110000111001000000101001111010000011100000000000000000000000000000000000000000000000000000000000000000000000000000000000000000000 0 0
25596 11.114 LR999941.1	7914382 ( 0 ) 101101000011000000001100100111111101001110111101001110000111001000000101001111010000011100000000000000000000000000000000000000000000000000000000000000000000000000000000000000000000 0 0
25621 11.114 LR999941.1	8181981 ( 0 ) 101101000011000000001100100111111101001110111101001110000111001000000101001111010000011100000000000000000000000000000000000000000000000000000000000000000000000000000000000000000000 0 0
25581 11.114 LR999941.1	7815242 ( 0 ) 101101000011000000001100100111111101001110111101001110000111001000000101001111010000011100000000000000000000000000000000000000000000000000000000000000000000000000000000000000000000 0 0
7576 11.114 LR999929.1	4871264 ( 0 ) 101101000011000000001100100111111101001110111101001110000111001000000101001111010000011100000000000000000000000000000000000000000000000000000000000000000000000000000000000000000000 0 0
25579 11.114 LR999941.1	7815235 ( 0 ) 101101000011000000001100100111111101001110111101001110000111001000000101001111010000011100000000000000000000000000000000000000000000000000000000000000000000000000000000000000000000 0 0
25681 11.114 LR999941.1	8794292 ( 0 ) 101101000011000000001100100111111101001110111101001110000111001000000101001111010000011100000000000000000000000000000000000000000000000000000000000000000000000000000000000000000000 0 0
25676 11.114 LR999941.1	8602132 ( 0 ) 101101000011000000001100100111111101001110111101001110000111001000000101001111010000011100000000000000000000000000000000000000000000000000000000000000000000000000000000000000000000 0 0
25531 11.114 LR999941.1	7517297 ( 0 ) 101101000011000000001100100111111101001110111101001110000111001000000101001111010000011100000000000000000000000000000000000000000000000000000000000000000000000000000000000000000000 0 0
25614 11.114 LR999941.1	8170902 ( 0 ) 101101000011000000001100100111111101001110111101001110000111001000000101001111010000011100000000000000000000000000000000000000000000000000000000000000000000000000000000000000000000 0 0
25573 11.114 LR999941.1	7815196 ( 0 ) 101101000011000000001100100111111101001110111101001110000111001000000101001111010000011100000000000000000000000000000000000000000000000000000000000000000000000000000000000000000000 0 0
25572 12.225 LR999941.1	7815178 ( 0 ) 101101000011000000001100100111111101001110111101001110000111001000000101001111010000011110000000000000000000000000000000000000000000000000000000000000000000000000000000000000000000 1 0
25585 12.225 LR999941.1	7815280 ( 0 ) 101101000011000000001100100111111101001110111101001110000111001000000101001111010000011110000000000000000000000000000000000000000000000000000000000000000000000000000000000000000000 0 0
25584 12.225 LR999941.1	7815277 ( 0 ) 101101000011000000001100100111111101001110111101001110000111001000000101001111010000011110000000000000000000000000000000000000000000000000000000000000000000000000000000000000000000 0 0
25583 12.225 LR999941.1	7815271 ( 0 ) 101101000011000000001100100111111101001110111101001110000111001000000101001111010000011110000000000000000000000000000000000000000000000000000000000000000000000000000000000000000000 0 0
25513 13.337 LR999941.1	7284472 ( 0 ) 101101000011000000001100101111111101001110111101001110000111001000000101001111010000011110000000000000000000000000000000000000000000000000000000000000000000000000000000000000000000 1 0
25505 13.337 LR999941.1	7284270 ( 0 ) 101101000011000000001100101111111101001110111101001110000111001000000101001111010000011110000000000000000000000000000000000000000000000000000000000000000000000000000000000000000000 0 0
25496 13.337 LR999941.1	7210023 ( 0 ) 101101000011000000001100101111111101001110111101001110000111001000000101001111010000011110000000000000000000000000000000000000000000000000000000000000000000000000000000000000000000 0 0
25507 13.337 LR999941.1	7284283 ( 0 ) 101101000011000000001100101111111101001110111101001110000111001000000101001111010000011110000000000000000000000000000000000000000000000000000000000000000000000000000000000000000000 0 0
25512 14.448 LR999941.1	7284447 ( 0 ) 101101000011000000001100101111111101001110111101101110000111001000000101001111010000011110000000000000000000000000000000000000000000000000000000000000000000000000000000000000000000 1 0
25433 15.559 LR999941.1	6077099 ( 0 ) 101101000111000000001100101111111101001110111101101110000111001000000101001111010000011110000000000000000000000000000000000000000000000000000000000000000000000000000000000000000000 1 0
25428 15.559 LR999941.1	6077054 ( 0 ) 101101000111000000001100101111111101001110111101101110000111001000000101001111010000011110000000000000000000000000000000000000000000000000000000000000000000000000000000000000000000 0 0
25431 15.559 LR999941.1	6077086 ( 0 ) 101101000111000000001100101111111101001110111101101110000111001000000101001111010000011110000000000000000000000000000000000000000000000000000000000000000000000000000000000000000000 0 0
25429 15.559 LR999941.1	6077055 ( 0 ) 101101000111000000001100101111111101001110111101101110000111001000000101001111010000011110000000000000000000000000000000000000000000000000000000000000000000000000000000000000000000 0 0
25432 15.559 LR999941.1	6077087 ( 0 ) 101101000111000000001100101111111101001110111101101110000111001000000101001111010000011110000000000000000000000000000000000000000000000000000000000000000000000000000000000000000000 0 0
25434 15.559 LR999941.1	6077105 ( 0 ) 101101000111000000001100101111111101001110111101101110000111001000000101001111010000011110000000000000000000000000000000000000000000000000000000000000000000000000000000000000000000 0 0
25430 15.559 LR999941.1	6077082 ( 0 ) 101101000111000000001100101111111101001110111101101110000111001000000101001111010000011110000000000000000000000000000000000000000000000000000000000000000000000000000000000000000000 0 0
25426 17.783 LR999941.1	6076998 ( 0 ) 101101000111000001001100101111111101001110111101101111000111001000000101001111010000011110000000000000000000000000000000000000000000000000000000000000000000000000000000000000000000 2 0
25404 18.894 LR999941.1	5942875 ( 0 ) 101101000111000001001100101111111101001110111101101111000111001000010101001111010000011110000000000000000000000000000000000000000000000000000000000000000000000000000000000000000000 1 0
25480 18.894 LR999941.1	6426807 ( 0 ) 101101000111000001001100101111111101001110111101101111000111001000010101001111010000011110000000000000000000000000000000000000000000000000000000000000000000000000000000000000000000 0 0
25399 18.894 LR999941.1	5942694 ( 0 ) 101101000111000001001100101111111101001110111101101111000111001000010101001111010000011110000000000000000000000000000000000000000000000000000000000000000000000000000000000000000000 0 0
25398 18.894 LR999941.1	5942686 ( 0 ) 101101000111000001001100101111111101001110111101101111000111001000010101001111010000011110000000000000000000000000000000000000000000000000000000000000000000000000000000000000000000 0 0
25363 18.894 LR999941.1	5805892 ( 0 ) 101101000111000001001100101111111101001110111101101111000111001000010101001111010000011110000000000000000000000000000000000000000000000000000000000000000000000000000000000000000000 0 0
25392 18.894 LR999941.1	5942651 ( 0 ) 101101000111000001001100101111111101001110111101101111000111001000010101001111010000011110000000000000000000000000000000000000000000000000000000000000000000000000000000000000000000 0 0
25345 18.894 LR999941.1	5775516 ( 0 ) 101101000111000001001100101111111101001110111101101111000111001000010101001111010000011110000000000000000000000000000000000000000000000000000000000000000000000000000000000000000000 0 0
25403 18.894 LR999941.1	5942827 ( 0 ) 101101000111000001001100101111111101001110111101101111000111001000010101001111010000011110000000000000000000000000000000000000000000000000000000000000000000000000000000000000000000 0 0
25391 18.894 LR999941.1	5942646 ( 0 ) 101101000111000001001100101111111101001110111101101111000111001000010101001111010000011110000000000000000000000000000000000000000000000000000000000000000000000000000000000000000000 0 0
25357 18.894 LR999941.1	5793673 ( 0 ) 101101000111000001001100101111111101001110111101101111000111001000010101001111010000011110000000000000000000000000000000000000000000000000000000000000000000000000000000000000000000 0 0
25395 18.894 LR999941.1	5942664 ( 0 ) 101101000111000001001100101111111101001110111101101111000111001000010101001111010000011110000000000000000000000000000000000000000000000000000000000000000000000000000000000000000000 0 0
25400 18.894 LR999941.1	5942790 ( 0 ) 101101000111000001001100101111111101001110111101101111000111001000010101001111010000011110000000000000000000000000000000000000000000000000000000000000000000000000000000000000000000 0 0
25301 20.005 LR999941.1	5245806 ( 0 ) 101101000111001001001100101111111101001110111101101111000111001000010101001111010000011110000000000000000000000000000000000000000000000000000000000000000000000000000000000000000000 1 0
25283 20.005 LR999941.1	5090378 ( 0 ) 101101000111001001001100101111111101001110111101101111000111001000010101001111010000011110000000000000000000000000000000000000000000000000000000000000000000000000000000000000000000 0 0
25302 20.005 LR999941.1	5245807 ( 0 ) 101101000111001001001100101111111101001110111101101111000111001000010101001111010000011110000000000000000000000000000000000000000000000000000000000000000000000000000000000000000000 0 0
25307 21.117 LR999941.1	5245850 ( 0 ) 101101000111001001001100101111111101101110111101101111000111001000010101001111010000011110000000000000000000000000000000000000000000000000000000000000000000000000000000000000000000 1 0
25955 23.340 LR999941.1	10948523 ( 0 ) 101101000111001001001110101111111101101110111101101111000111101000010101001111010000011110000000000000000000000000000000000000000000000000000000000000000000000000000000000000000000 2 0
25954 23.340 LR999941.1	10948490 ( 0 ) 101101000111001001001110101111111101101110111101101111000111101000010101001111010000011110000000000000000000000000000000000000000000000000000000000000000000000000000000000000000000 0 0
25950 23.340 LR999941.1	10948471 ( 0 ) 101101000111001001001110101111111101101110111101101111000111101000010101001111010000011110000000000000000000000000000000000000000000000000000000000000000000000000000000000000000000 0 0
25951 23.340 LR999941.1	10948474 ( 0 ) 101101000111001001001110101111111101101110111101101111000111101000010101001111010000011110000000000000000000000000000000000000000000000000000000000000000000000000000000000000000000 0 0
25953 23.340 LR999941.1	10948486 ( 0 ) 101101000111001001001110101111111101101110111101101111000111101000010101001111010000011110000000000000000000000000000000000000000000000000000000000000000000000000000000000000000000 0 0
25374 25.564 LR999941.1	5854293 ( 0 ) 101101000111001001001110101111111101101110111101101111000111101000010101001111011000011111000000000000000000000000000000000000000000000000000000000000000000000000000000000000000000 2 0
26080 25.564 LR999941.1	11932331 ( 0 ) 101101000111001001001110101111111101101110111101101111000111101000010101001111011000011111000000000000000000000000000000000000000000000000000000000000000000000000000000000000000000 0 0
25975 25.564 LR999941.1	11064221 ( 0 ) 101101000111001001001110101111111101101110111101101111000111101000010101001111011000011111000000000000000000000000000000000000000000000000000000000000000000000000000000000000000000 0 0
26195 25.564 LR999941.1	12630522 ( 0 ) 101101000111001001001110101111111101101110111101101111000111101000010101001111011000011111000000000000000000000000000000000000000000000000000000000000000000000000000000000000000000 0 0
25720 25.564 LR999941.1	9081446 ( 0 ) 101101000111001001001110101111111101101110111101101111000111101000010101001111011000011111000000000000000000000000000000000000000000000000000000000000000000000000000000000000000000 0 0
25239 27.788 LR999941.1	4029917 ( 0 ) 111101000111001001001110101111111101101110111101101101000111101000010101001111011000011111000000000000000000000000000000000000000000000000000000000000000000000000000000000000000000 2 0
25246 31.126 LR999941.1	4362789 ( 0 ) 111101000111001001001110101111111101101010011101101101000111101000010101000111011000011111000000000000000000000000000000000000000000000000000000000000000000000000000000000000000000 3 0
25221 31.126 LR999941.1	3842032 ( 0 ) 111101000111001001001110101111111101101010011101101101000111101000010101000111011000011111000000000000000000000000000000000000000000000000000000000000000000000000000000000000000000 0 0
25198 31.126 LR999941.1	3826921 ( 0 ) 111101000111001001001110101111111101101010011101101101000111101000010101000111011000011111000000000000000000000000000000000000000000000000000000000000000000000000000000000000000000 0 0
25204 31.126 LR999941.1	3841915 ( 0 ) 111101000111001001001110101111111101101010011101101101000111101000010101000111011000011111000000000000000000000000000000000000000000000000000000000000000000000000000000000000000000 0 0
25235 31.126 LR999941.1	4025455 ( 0 ) 111101000111001001001110101111111101101010011101101101000111101000010101000111011000011111000000000000000000000000000000000000000000000000000000000000000000000000000000000000000000 0 0
25244 31.126 LR999941.1	4347701 ( 0 ) 111101000111001001001110101111111101101010011101101101000111101000010101000111011000011111000000000000000000000000000000000000000000000000000000000000000000000000000000000000000000 0 0
25222 31.126 LR999941.1	3842050 ( 0 ) 111101000111001001001110101111111101101010011101101101000111101000010101000111011000011111000000000000000000000000000000000000000000000000000000000000000000000000000000000000000000 0 0
25212 31.126 LR999941.1	3841981 ( 0 ) 111101000111001001001110101111111101101010011101101101000111101000010101000111011000011111000000000000000000000000000000000000000000000000000000000000000000000000000000000000000000 0 0
25236 31.126 LR999941.1	4025680 ( 0 ) 111101000111001001001110101111111101101010011101101101000111101000010101000111011000011111000000000000000000000000000000000000000000000000000000000000000000000000000000000000000000 0 0
25247 31.126 LR999941.1	4362795 ( 0 ) 111101000111001001001110101111111101101010011101101101000111101000010101000111011000011111000000000000000000000000000000000000000000000000000000000000000000000000000000000000000000 0 0
25216 31.126 LR999941.1	3841998 ( 0 ) 111101000111001001001110101111111101101010011101101101000111101000010101000111011000011111000000000000000000000000000000000000000000000000000000000000000000000000000000000000000000 0 0
25202 31.126 LR999941.1	3841887 ( 0 ) 111101000111001001001110101111111101101010011101101101000111101000010101000111011000011111000000000000000000000000000000000000000000000000000000000000000000000000000000000000000000 0 0
25215 31.126 LR999941.1	3841990 ( 0 ) 111101000111001001001110101111111101101010011101101101000111101000010101000111011000011111000000000000000000000000000000000000000000000000000000000000000000000000000000000000000000 0 0
25224 31.126 LR999941.1	3842064 ( 0 ) 111101000111001001001110101111111101101010011101101101000111101000010101000111011000011111000000000000000000000000000000000000000000000000000000000000000000000000000000000000000000 0 0
25217 31.126 LR999941.1	3841999 ( 0 ) 111101000111001001001110101111111101101010011101101101000111101000010101000111011000011111000000000000000000000000000000000000000000000000000000000000000000000000000000000000000000 0 0
25094 32.237 LR999941.1	3407733 ( 0 ) 111101000111001001001110101111111101101010011101101101000101101000010101000111011000011111000000000000000000000000000000000000000000000000000000000000000000000000000000000000000000 1 0
25109 32.237 LR999941.1	3544391 ( 0 ) 111101000111001001001110101111111101101010011101101101000101101000010101000111011000011111000000000000000000000000000000000000000000000000000000000000000000000000000000000000000000 0 0
25098 32.237 LR999941.1	3509880 ( 0 ) 111101000111001001001110101111111101101010011101101101000101101000010101000111011000011111000000000000000000000000000000000000000000000000000000000000000000000000000000000000000000 0 0
25125 32.237 LR999941.1	3544806 ( 0 ) 111101000111001001001110101111111101101010011101101101000101101000010101000111011000011111000000000000000000000000000000000000000000000000000000000000000000000000000000000000000000 0 0
25110 32.237 LR999941.1	3544425 ( 0 ) 111101000111001001001110101111111101101010011101101101000101101000010101000111011000011111000000000000000000000000000000000000000000000000000000000000000000000000000000000000000000 0 0
25105 32.237 LR999941.1	3531599 ( 0 ) 111101000111001001001110101111111101101010011101101101000101101000010101000111011000011111000000000000000000000000000000000000000000000000000000000000000000000000000000000000000000 0 0
25111 32.237 LR999941.1	3544431 ( 0 ) 111101000111001001001110101111111101101010011101101101000101101000010101000111011000011111000000000000000000000000000000000000000000000000000000000000000000000000000000000000000000 0 0
25116 32.237 LR999941.1	3544733 ( 0 ) 111101000111001001001110101111111101101010011101101101000101101000010101000111011000011111000000000000000000000000000000000000000000000000000000000000000000000000000000000000000000 0 0
25078 33.349 LR999941.1	3177554 ( 0 ) 111101000111001001001110101111111101101010011101101101000101111000010101000111011000011111000000000000000000000000000000000000000000000000000000000000000000000000000000000000000000 1 0
25083 33.349 LR999941.1	3177716 ( 0 ) 111101000111001001001110101111111101101010011101101101000101111000010101000111011000011111000000000000000000000000000000000000000000000000000000000000000000000000000000000000000000 0 0
25086 33.349 LR999941.1	3177803 ( 0 ) 111101000111001001001110101111111101101010011101101101000101111000010101000111011000011111000000000000000000000000000000000000000000000000000000000000000000000000000000000000000000 0 0
25056 36.687 LR999941.1	2935052 ( 0 ) 111101000111001001001110111111111101101010011101101001000101110000010101000111011000011111000000000000000000000000000000000000000000000000000000000000000000000000000000000000000000 3 0
25039 37.798 LR999941.1	2741649 ( 0 ) 111101000111001001001110111111111101101010011101101001000101110000010101000101011000011111000000000000000000000000000000000000000000000000000000000000000000000000000000000000000000 1 0
25033 38.910 LR999941.1	2479757 ( 0 ) 111101001111001001001110111111111101101010011101101001000101110000010101000101011000011111000000000000000000000000000000000000000000000000000000000000000000000000000000000000000000 1 0
24988 38.910 LR999941.1	1993357 ( 0 ) 111101001111001001001110111111111101101010011101101001000101110000010101000101011000011111000000000000000000000000000000000000000000000000000000000000000000000000000000000000000000 0 0
25016 38.910 LR999941.1	2240836 ( 0 ) 111101001111001001001110111111111101101010011101101001000101110000010101000101011000011111000000000000000000000000000000000000000000000000000000000000000000000000000000000000000000 0 0
24980 40.021 LR999941.1	1924851 ( 0 ) 111101001111001001001110111111110101101010011101101001000101110000010101000101011000011111000000000000000000000000000000000000000000000000000000000000000000000000000000000000000000 1 0
24946 46.727 LR999941.1	1421714 ( 0 ) 111101001111001001001110011111100101101010011001101001000101110010110101100101011000011111000000000000000000000000000000000000000000000000000000000000000000000000000000000000000000 6 0
24947 46.727 LR999941.1	1421731 ( 0 ) 111101001111001001001110011111100101101010011001101001000101110010110101100101011000011111000000000000000000000000000000000000000000000000000000000000000000000000000000000000000000 0 0
24965 46.727 LR999941.1	1520562 ( 0 ) 111101001111001001001110011111100101101010011001101001000101110010110101100101011000011111000000000000000000000000000000000000000000000000000000000000000000000000000000000000000000 0 0
24962 46.727 LR999941.1	1520341 ( 0 ) 111101001111001001001110011111100101101010011001101001000101110010110101100101011000011111000000000000000000000000000000000000000000000000000000000000000000000000000000000000000000 0 0
24961 46.727 LR999941.1	1520317 ( 0 ) 111101001111001001001110011111100101101010011001101001000101110010110101100101011000011111000000000000000000000000000000000000000000000000000000000000000000000000000000000000000000 0 0
24938 46.727 LR999941.1	1421630 ( 0 ) 111101001111001001001110011111100101101010011001101001000101110010110101100101011000011111000000000000000000000000000000000000000000000000000000000000000000000000000000000000000000 0 0
24939 46.727 LR999941.1	1421654 ( 0 ) 111101001111001001001110011111100101101010011001101001000101110010110101100101011000011111000000000000000000000000000000000000000000000000000000000000000000000000000000000000000000 0 0
24940 46.727 LR999941.1	1421659 ( 0 ) 111101001111001001001110011111100101101010011001101001000101110010110101100101011000011111000000000000000000000000000000000000000000000000000000000000000000000000000000000000000000 0 0
24959 46.727 LR999941.1	1520302 ( 0 ) 111101001111001001001110011111100101101010011001101001000101110010110101100101011000011111000000000000000000000000000000000000000000000000000000000000000000000000000000000000000000 0 0
24941 46.727 LR999941.1	1421660 ( 0 ) 111101001111001001001110011111100101101010011001101001000101110010110101100101011000011111000000000000000000000000000000000000000000000000000000000000000000000000000000000000000000 0 0
24966 46.727 LR999941.1	1520576 ( 0 ) 111101001111001001001110011111100101101010011001101001000101110010110101100101011000011111000000000000000000000000000000000000000000000000000000000000000000000000000000000000000000 0 0
24908 52.306 LR999941.1	1018731 ( 0 ) 110111001111001001001110011110100101101010011001101001010101110011110101100101011000011111000000000000000000000000000000000000000000000000000000000000000000000000000000000000000000 5 0
24909 52.306 LR999941.1	1018742 ( 0 ) 110111001111001001001110011110100101101010011001101001010101110011110101100101011000011111000000000000000000000000000000000000000000000000000000000000000000000000000000000000000000 0 0
24898 52.306 LR999941.1	1018395 ( 0 ) 110111001111001001001110011110100101101010011001101001010101110011110101100101011000011111000000000000000000000000000000000000000000000000000000000000000000000000000000000000000000 0 0
24901 52.306 LR999941.1	1018675 ( 0 ) 110111001111001001001110011110100101101010011001101001010101110011110101100101011000011111000000000000000000000000000000000000000000000000000000000000000000000000000000000000000000 0 0
24883 53.417 LR999941.1	808164 ( 0 ) 110111001111001001001110011110000101101010011001101001010101110011110101100101011000011111000000000000000000000000000000000000000000000000000000000000000000000000000000000000000000 1 0
24853 53.417 LR999941.1	690639 ( 0 ) 110111001111001001001110011110000101101010011001101001010101110011110101100101011000011111000000000000000000000000000000000000000000000000000000000000000000000000000000000000000000 0 0
24851 53.417 LR999941.1	690610 ( 0 ) 110111001111001001001110011110000101101010011001101001010101110011110101100101011000011111000000000000000000000000000000000000000000000000000000000000000000000000000000000000000000 0 0
24871 53.417 LR999941.1	735839 ( 0 ) 110111001111001001001110011110000101101010011001101001010101110011110101100101011000011111000000000000000000000000000000000000000000000000000000000000000000000000000000000000000000 0 0
24849 53.417 LR999941.1	690602 ( 0 ) 110111001111001001001110011110000101101010011001101001010101110011110101100101011000011111000000000000000000000000000000000000000000000000000000000000000000000000000000000000000000 0 0
24852 53.417 LR999941.1	690613 ( 0 ) 110111001111001001001110011110000101101010011001101001010101110011110101100101011000011111000000000000000000000000000000000000000000000000000000000000000000000000000000000000000000 0 0
24850 53.417 LR999941.1	690603 ( 0 ) 110111001111001001001110011110000101101010011001101001010101110011110101100101011000011111000000000000000000000000000000000000000000000000000000000000000000000000000000000000000000 0 0
24885 53.417 LR999941.1	808364 ( 0 ) 110111001111001001001110011110000101101010011001101001010101110011110101100101011000011111000000000000000000000000000000000000000000000000000000000000000000000000000000000000000000 0 0
24855 53.417 LR999941.1	690848 ( 0 ) 110111001111001001001110011110000101101010011001101001010101110011110101100101011000011111000000000000000000000000000000000000000000000000000000000000000000000000000000000000000000 0 0
24886 53.417 LR999941.1	808383 ( 0 ) 110111001111001001001110011110000101101010011001101001010101110011110101100101011000011111000000000000000000000000000000000000000000000000000000000000000000000000000000000000000000 0 0
24823 55.641 LR999941.1	367603 ( 0 ) 110111001111001001001110011110000101101001011001101001010101110011110101100101011000011111000000000000000000000000000000000000000000000000000000000000000000000000000000000000000000 2 0
24822 55.641 LR999941.1	367600 ( 0 ) 110111001111001001001110011110000101101001011001101001010101110011110101100101011000011111000000000000000000000000000000000000000000000000000000000000000000000000000000000000000000 0 0
24826 55.641 LR999941.1	645518 ( 0 ) 110111001111001001001110011110000101101001011001101001010101110011110101100101011000011111000000000000000000000000000000000000000000000000000000000000000000000000000000000000000000 0 0
