#*** LG = 0 likelihood = -2618.5373
#marker_number	male_position	female_position	( 0.0 )[	phased data]
41267 14.868 LR999924.1	1026042 ( 0 ) 100110111110010110010001010000010101001000101001011001000001110100110001011000001011011110000000000000000000000000000000000000000000000000000000000000000000000000000000000000000000 13 0
41263 14.868 LR999924.1	1025845* ( 0 ) 100110111110010110010001010000010101001000101001011001000001110100110001011000001011011110000000000000000000000000000000000000000000000000000000000000000000000000000000000000000000 0 0
41205 14.868 LR999924.1	406648* ( 0 ) 100110111110010110010001010000010101001000101001011001000001110100110001011000001011011110000000000000000000000000000000000000000000000000000000000000000000000000000000000000000000 0 0
41265 14.868 LR999924.1	1025857* ( 0 ) 100110111110010110010001010000010101001000101001011001000001110100110001011000001011011110000000000000000000000000000000000000000000000000000000000000000000000000000000000000000000 0 0
41236 14.868 LR999924.1	860172* ( 0 ) 100110111110010110010001010000010101001000101001011001000001110100110001011000001011011110000000000000000000000000000000000000000000000000000000000000000000000000000000000000000000 0 0
41312 14.868 LR999924.1	1368716 ( 0 ) 100110111110010110010001010000010101001000101001011001000001110100110001011000001011011110000000000000000000000000000000000000000000000000000000000000000000000000000000000000000000 0 0
41264 14.868 LR999924.1	1025855* ( 0 ) 100110111110010110010001010000010101001000101001011001000001110100110001011000001011011110000000000000000000000000000000000000000000000000000000000000000000000000000000000000000000 0 0
41276 15.979 LR999924.1	1080483 ( 0 ) 100110111110010110010001010000010101001000101001011001000001110100100001011000001011011110000000000000000000000000000000000000000000000000000000000000000000000000000000000000000000 1 0
41237 15.979 LR999924.1	860177 ( 0 ) 100110111110010110010001010000010101001000101001011001000001110100100001011000001011011110000000000000000000000000000000000000000000000000000000000000000000000000000000000000000000 0 0
41266 15.979 LR999924.1	1025858* ( 0 ) 100110111110010110010001010000010101001000101001011001000001110100100001011000001011011110000000000000000000000000000000000000000000000000000000000000000000000000000000000000000000 0 0
41206 15.979 LR999924.1	406682 ( 0 ) 100110111110010110010001010000010101001000101001011001000001110100100001011000001011011110000000000000000000000000000000000000000000000000000000000000000000000000000000000000000000 0 0
41203 15.979 LR999924.1	406387* ( 0 ) 100110111110010110010001010000010101001000101001011001000001110100100001011000001011011110000000000000000000000000000000000000000000000000000000000000000000000000000000000000000000 0 0
41230 15.979 LR999924.1	702834 ( 0 ) 100110111110010110010001010000010101001000101001011001000001110100100001011000001011011110000000000000000000000000000000000000000000000000000000000000000000000000000000000000000000 0 0
41242 15.979 LR999924.1	860316* ( 0 ) 100110111110010110010001010000010101001000101001011001000001110100100001011000001011011110000000000000000000000000000000000000000000000000000000000000000000000000000000000000000000 0 0
41199 15.979 LR999924.1	377201 ( 0 ) 100110111110010110010001010000010101001000101001011001000001110100100001011000001011011110000000000000000000000000000000000000000000000000000000000000000000000000000000000000000000 0 0
41246 15.979 LR999924.1	942878 ( 0 ) 100110111110010110010001010000010101001000101001011001000001110100100001011000001011011110000000000000000000000000000000000000000000000000000000000000000000000000000000000000000000 0 0
41258 15.979 LR999924.1	943321* ( 0 ) 100110111110010110010001010000010101001000101001011001000001110100100001011000001011011110000000000000000000000000000000000000000000000000000000000000000000000000000000000000000000 0 0
41202 15.979 LR999924.1	406369* ( 0 ) 100110111110010110010001010000010101001000101001011001000001110100100001011000001011011110000000000000000000000000000000000000000000000000000000000000000000000000000000000000000000 0 0
41243 15.979 LR999924.1	860327* ( 0 ) 100110111110010110010001010000010101001000101001011001000001110100100001011000001011011110000000000000000000000000000000000000000000000000000000000000000000000000000000000000000000 0 0
41259 15.979 LR999924.1	943339 ( 0 ) 100110111110010110010001010000010101001000101001011001000001110100100001011000001011011110000000000000000000000000000000000000000000000000000000000000000000000000000000000000000000 0 0
41256 15.979 LR999924.1	943232* ( 0 ) 100110111110010110010001010000010101001000101001011001000001110100100001011000001011011110000000000000000000000000000000000000000000000000000000000000000000000000000000000000000000 0 0
41241 15.979 LR999924.1	860304* ( 0 ) 100110111110010110010001010000010101001000101001011001000001110100100001011000001011011110000000000000000000000000000000000000000000000000000000000000000000000000000000000000000000 0 0
41357 17.090 LR999924.1	1535895 ( 0 ) 100110111110010110010000010000010101001000101001011001000001110100100001011000001011011110000000000000000000000000000000000000000000000000000000000000000000000000000000000000000000 1 0
41304 17.090 LR999924.1	1356024 ( 0 ) 100110111110010110010000010000010101001000101001011001000001110100100001011000001011011110000000000000000000000000000000000000000000000000000000000000000000000000000000000000000000 0 0
41317 17.090 LR999924.1	1368725 ( 0 ) 100110111110010110010000010000010101001000101001011001000001110100100001011000001011011110000000000000000000000000000000000000000000000000000000000000000000000000000000000000000000 0 0
41339 17.090 LR999924.1	1413677 ( 0 ) 100110111110010110010000010000010101001000101001011001000001110100100001011000001011011110000000000000000000000000000000000000000000000000000000000000000000000000000000000000000000 0 0
41356 17.090 LR999924.1	1535701* ( 0 ) 100110111110010110010000010000010101001000101001011001000001110100100001011000001011011110000000000000000000000000000000000000000000000000000000000000000000000000000000000000000000 0 0
41338 17.090 LR999924.1	1413655* ( 0 ) 100110111110010110010000010000010101001000101001011001000001110100100001011000001011011110000000000000000000000000000000000000000000000000000000000000000000000000000000000000000000 0 0
41335 17.090 LR999924.1	1413499* ( 0 ) 100110111110010110010000010000010101001000101001011001000001110100100001011000001011011110000000000000000000000000000000000000000000000000000000000000000000000000000000000000000000 0 0
41350 18.202 LR999924.1	1432298 ( 0 ) 100110111110010110010000010000010101001000101001011001000001110100100001001000001011011110000000000000000000000000000000000000000000000000000000000000000000000000000000000000000000 1 0
41344 18.202 LR999924.1	1432090* ( 0 ) 100110111110010110010000010000010101001000101001011001000001110100100001001000001011011110000000000000000000000000000000000000000000000000000000000000000000000000000000000000000000 0 0
41365 18.202 LR999924.1	1759601* ( 0 ) 100110111110010110010000010000010101001000101001011001000001110100100001001000001011011110000000000000000000000000000000000000000000000000000000000000000000000000000000000000000000 0 0
41434 18.202 LR999924.1	2544264* ( 0 ) 100110111110010110010000010000010101001000101001011001000001110100100001001000001011011110000000000000000000000000000000000000000000000000000000000000000000000000000000000000000000 0 0
41232 18.202 LR999924.1	702948 ( 0 ) 100110111110010110010000010000010101001000101001011001000001110100100001001000001011011110000000000000000000000000000000000000000000000000000000000000000000000000000000000000000000 0 0
41384 18.202 LR999924.1	2038988* ( 0 ) 100110111110010110010000010000010101001000101001011001000001110100100001001000001011011110000000000000000000000000000000000000000000000000000000000000000000000000000000000000000000 0 0
41422 18.202 LR999924.1	2394148* ( 0 ) 100110111110010110010000010000010101001000101001011001000001110100100001001000001011011110000000000000000000000000000000000000000000000000000000000000000000000000000000000000000000 0 0
41447 18.202 LR999924.1	2684109* ( 0 ) 100110111110010110010000010000010101001000101001011001000001110100100001001000001011011110000000000000000000000000000000000000000000000000000000000000000000000000000000000000000000 0 0
41449 18.202 LR999924.1	2684189 ( 0 ) 100110111110010110010000010000010101001000101001011001000001110100100001001000001011011110000000000000000000000000000000000000000000000000000000000000000000000000000000000000000000 0 0
41366 18.202 LR999924.1	1759636 ( 0 ) 100110111110010110010000010000010101001000101001011001000001110100100001001000001011011110000000000000000000000000000000000000000000000000000000000000000000000000000000000000000000 0 0
41381 18.202 LR999924.1	2038858* ( 0 ) 100110111110010110010000010000010101001000101001011001000001110100100001001000001011011110000000000000000000000000000000000000000000000000000000000000000000000000000000000000000000 0 0
41382 18.202 LR999924.1	2038877* ( 0 ) 100110111110010110010000010000010101001000101001011001000001110100100001001000001011011110000000000000000000000000000000000000000000000000000000000000000000000000000000000000000000 0 0
41436 18.202 LR999924.1	2544496 ( 0 ) 100110111110010110010000010000010101001000101001011001000001110100100001001000001011011110000000000000000000000000000000000000000000000000000000000000000000000000000000000000000000 0 0
41439 18.202 LR999924.1	2568454* ( 0 ) 100110111110010110010000010000010101001000101001011001000001110100100001001000001011011110000000000000000000000000000000000000000000000000000000000000000000000000000000000000000000 0 0
41441 18.202 LR999924.1	2643147 ( 0 ) 100110111110010110010000010000010101001000101001011001000001110100100001001000001011011110000000000000000000000000000000000000000000000000000000000000000000000000000000000000000000 0 0
41363 18.202 LR999924.1	1759540* ( 0 ) 100110111110010110010000010000010101001000101001011001000001110100100001001000001011011110000000000000000000000000000000000000000000000000000000000000000000000000000000000000000000 0 0
41401 18.202 LR999924.1	2183815 ( 0 ) 100110111110010110010000010000010101001000101001011001000001110100100001001000001011011110000000000000000000000000000000000000000000000000000000000000000000000000000000000000000000 0 0
41377 18.202 LR999924.1	1957634 ( 0 ) 100110111110010110010000010000010101001000101001011001000001110100100001001000001011011110000000000000000000000000000000000000000000000000000000000000000000000000000000000000000000 0 0
41385 18.202 LR999924.1	2039012* ( 0 ) 100110111110010110010000010000010101001000101001011001000001110100100001001000001011011110000000000000000000000000000000000000000000000000000000000000000000000000000000000000000000 0 0
41383 18.202 LR999924.1	2038946* ( 0 ) 100110111110010110010000010000010101001000101001011001000001110100100001001000001011011110000000000000000000000000000000000000000000000000000000000000000000000000000000000000000000 0 0
41446 18.202 LR999924.1	2683879* ( 0 ) 100110111110010110010000010000010101001000101001011001000001110100100001001000001011011110000000000000000000000000000000000000000000000000000000000000000000000000000000000000000000 0 0
41364 18.202 LR999924.1	1759558* ( 0 ) 100110111110010110010000010000010101001000101001011001000001110100100001001000001011011110000000000000000000000000000000000000000000000000000000000000000000000000000000000000000000 0 0
41435 18.202 LR999924.1	2544418* ( 0 ) 100110111110010110010000010000010101001000101001011001000001110100100001001000001011011110000000000000000000000000000000000000000000000000000000000000000000000000000000000000000000 0 0
41430 18.202 LR999924.1	2449557 ( 0 ) 100110111110010110010000010000010101001000101001011001000001110100100001001000001011011110000000000000000000000000000000000000000000000000000000000000000000000000000000000000000000 0 0
41386 18.202 LR999924.1	2039103 ( 0 ) 100110111110010110010000010000010101001000101001011001000001110100100001001000001011011110000000000000000000000000000000000000000000000000000000000000000000000000000000000000000000 0 0
41345 19.313 LR999924.1	1432093* ( 0 ) 100110111110010110010000010000010101001000101001011001000001110100100001001000000011011110000000000000000000000000000000000000000000000000000000000000000000000000000000000000000000 1 0
41349 19.313 LR999924.1	1432197* ( 0 ) 100110111110010110010000010000010101001000101001011001000001110100100001001000000011011110000000000000000000000000000000000000000000000000000000000000000000000000000000000000000000 0 0
40825 19.313 LR999940.1	350778 ( 0 ) 100110111110010110010000010000010101001000101001011001000001110100100001001000000011011110000000000000000000000000000000000000000000000000000000000000000000000000000000000000000000 0 0
41348 19.313 LR999924.1	1432186* ( 0 ) 100110111110010110010000010000010101001000101001011001000001110100100001001000000011011110000000000000000000000000000000000000000000000000000000000000000000000000000000000000000000 0 0
41347 19.313 LR999924.1	1432154* ( 0 ) 100110111110010110010000010000010101001000101001011001000001110100100001001000000011011110000000000000000000000000000000000000000000000000000000000000000000000000000000000000000000 0 0
41346 19.313 LR999924.1	1432138* ( 0 ) 100110111110010110010000010000010101001000101001011001000001110100100001001000000011011110000000000000000000000000000000000000000000000000000000000000000000000000000000000000000000 0 0
41177 20.424 LR999940.1	13809338 ( 0 ) 100110111110010110010000010000110101001000101001011001000001110100100001001000000011011110000000000000000000000000000000000000000000000000000000000000000000000000000000000000000000 1 0
41145 21.535 LR999940.1	12249227 ( 0 ) 100110111110010110010000010000110101001000101001011001000011110100100001001000000011011110000000000000000000000000000000000000000000000000000000000000000000000000000000000000000000 1 0
41343 21.535 LR999924.1	1432079* ( 0 ) 100110111110010110010000010000110101001000101001011001000011110100100001001000000011011110000000000000000000000000000000000000000000000000000000000000000000000000000000000000000000 0 0
41133 21.535 LR999940.1	12167066 ( 0 ) 100110111110010110010000010000110101001000101001011001000011110100100001001000000011011110000000000000000000000000000000000000000000000000000000000000000000000000000000000000000000 0 0
41132 21.535 LR999940.1	11807823 ( 0 ) 100110111110010110010000010000110101001000101001011001000011110100100001001000000011011110000000000000000000000000000000000000000000000000000000000000000000000000000000000000000000 0 0
42353 21.535 LR999924.1	13719740 ( 0 ) 100110111110010110010000010000110101001000101001011001000011110100100001001000000011011110000000000000000000000000000000000000000000000000000000000000000000000000000000000000000000 0 0
41642 22.647 LR999924.1	4740195 ( 0 ) 100110111110000110010000010000110101001000101001011001000011110100100001001000000011011110000000000000000000000000000000000000000000000000000000000000000000000000000000000000000000 1 0
41143 22.647 LR999940.1	12249177* ( 0 ) 100110111110000110010000010000110101001000101001011001000011110100100001001000000011011110000000000000000000000000000000000000000000000000000000000000000000000000000000000000000000 0 0
41535 24.870 LR999924.1	4062578 ( 0 ) 100110111110000110010110010000110101001000101001011001000011110100100001001000000011011110000000000000000000000000000000000000000000000000000000000000000000000000000000000000000000 2 0
41459 24.870 LR999924.1	3066453 ( 0 ) 100110111110000110010110010000110101001000101001011001000011110100100001001000000011011110000000000000000000000000000000000000000000000000000000000000000000000000000000000000000000 0 0
41584 25.982 LR999924.1	4412986 ( 0 ) 100110111110100110010110010000110101001000101001011001000011110100100001001000000011011110000000000000000000000000000000000000000000000000000000000000000000000000000000000000000000 1 0
41602 25.982 LR999924.1	4678297* ( 0 ) 100110111110100110010110010000110101001000101001011001000011110100100001001000000011011110000000000000000000000000000000000000000000000000000000000000000000000000000000000000000000 0 0
41618 25.982 LR999924.1	4702484* ( 0 ) 100110111110100110010110010000110101001000101001011001000011110100100001001000000011011110000000000000000000000000000000000000000000000000000000000000000000000000000000000000000000 0 0
41609 25.982 LR999924.1	4678579 ( 0 ) 100110111110100110010110010000110101001000101001011001000011110100100001001000000011011110000000000000000000000000000000000000000000000000000000000000000000000000000000000000000000 0 0
41500 25.982 LR999924.1	3516967* ( 0 ) 100110111110100110010110010000110101001000101001011001000011110100100001001000000011011110000000000000000000000000000000000000000000000000000000000000000000000000000000000000000000 0 0
41603 25.982 LR999924.1	4678309* ( 0 ) 100110111110100110010110010000110101001000101001011001000011110100100001001000000011011110000000000000000000000000000000000000000000000000000000000000000000000000000000000000000000 0 0
41465 25.982 LR999924.1	3149386* ( 0 ) 100110111110100110010110010000110101001000101001011001000011110100100001001000000011011110000000000000000000000000000000000000000000000000000000000000000000000000000000000000000000 0 0
41516 25.982 LR999924.1	3695571* ( 0 ) 100110111110100110010110010000110101001000101001011001000011110100100001001000000011011110000000000000000000000000000000000000000000000000000000000000000000000000000000000000000000 0 0
41634 25.982 LR999924.1	4711009* ( 0 ) 100110111110100110010110010000110101001000101001011001000011110100100001001000000011011110000000000000000000000000000000000000000000000000000000000000000000000000000000000000000000 0 0
41551 25.982 LR999924.1	4133320* ( 0 ) 100110111110100110010110010000110101001000101001011001000011110100100001001000000011011110000000000000000000000000000000000000000000000000000000000000000000000000000000000000000000 0 0
41467 25.982 LR999924.1	3149452 ( 0 ) 100110111110100110010110010000110101001000101001011001000011110100100001001000000011011110000000000000000000000000000000000000000000000000000000000000000000000000000000000000000000 0 0
41496 25.982 LR999924.1	3516890 ( 0 ) 100110111110100110010110010000110101001000101001011001000011110100100001001000000011011110000000000000000000000000000000000000000000000000000000000000000000000000000000000000000000 0 0
41517 25.982 LR999924.1	3695609* ( 0 ) 100110111110100110010110010000110101001000101001011001000011110100100001001000000011011110000000000000000000000000000000000000000000000000000000000000000000000000000000000000000000 0 0
41513 25.982 LR999924.1	3695380* ( 0 ) 100110111110100110010110010000110101001000101001011001000011110100100001001000000011011110000000000000000000000000000000000000000000000000000000000000000000000000000000000000000000 0 0
41614 25.982 LR999924.1	4702335* ( 0 ) 100110111110100110010110010000110101001000101001011001000011110100100001001000000011011110000000000000000000000000000000000000000000000000000000000000000000000000000000000000000000 0 0
41633 25.982 LR999924.1	4710997* ( 0 ) 100110111110100110010110010000110101001000101001011001000011110100100001001000000011011110000000000000000000000000000000000000000000000000000000000000000000000000000000000000000000 0 0
41556 25.982 LR999924.1	4133620 ( 0 ) 100110111110100110010110010000110101001000101001011001000011110100100001001000000011011110000000000000000000000000000000000000000000000000000000000000000000000000000000000000000000 0 0
41555 25.982 LR999924.1	4133548* ( 0 ) 100110111110100110010110010000110101001000101001011001000011110100100001001000000011011110000000000000000000000000000000000000000000000000000000000000000000000000000000000000000000 0 0
41617 25.982 LR999924.1	4702483* ( 0 ) 100110111110100110010110010000110101001000101001011001000011110100100001001000000011011110000000000000000000000000000000000000000000000000000000000000000000000000000000000000000000 0 0
41515 25.982 LR999924.1	3695555* ( 0 ) 100110111110100110010110010000110101001000101001011001000011110100100001001000000011011110000000000000000000000000000000000000000000000000000000000000000000000000000000000000000000 0 0
41605 25.982 LR999924.1	4678317* ( 0 ) 100110111110100110010110010000110101001000101001011001000011110100100001001000000011011110000000000000000000000000000000000000000000000000000000000000000000000000000000000000000000 0 0
41464 25.982 LR999924.1	3149371* ( 0 ) 100110111110100110010110010000110101001000101001011001000011110100100001001000000011011110000000000000000000000000000000000000000000000000000000000000000000000000000000000000000000 0 0
41601 25.982 LR999924.1	4678293* ( 0 ) 100110111110100110010110010000110101001000101001011001000011110100100001001000000011011110000000000000000000000000000000000000000000000000000000000000000000000000000000000000000000 0 0
41616 25.982 LR999924.1	4702375* ( 0 ) 100110111110100110010110010000110101001000101001011001000011110100100001001000000011011110000000000000000000000000000000000000000000000000000000000000000000000000000000000000000000 0 0
41607 25.982 LR999924.1	4678339* ( 0 ) 100110111110100110010110010000110101001000101001011001000011110100100001001000000011011110000000000000000000000000000000000000000000000000000000000000000000000000000000000000000000 0 0
41652 25.982 LR999924.1	4960898* ( 0 ) 100110111110100110010110010000110101001000101001011001000011110100100001001000000011011110000000000000000000000000000000000000000000000000000000000000000000000000000000000000000000 0 0
41604 25.982 LR999924.1	4678315* ( 0 ) 100110111110100110010110010000110101001000101001011001000011110100100001001000000011011110000000000000000000000000000000000000000000000000000000000000000000000000000000000000000000 0 0
41608 25.982 LR999924.1	4678530* ( 0 ) 100110111110100110010110010000110101001000101001011001000011110100100001001000000011011110000000000000000000000000000000000000000000000000000000000000000000000000000000000000000000 0 0
41606 25.982 LR999924.1	4678319* ( 0 ) 100110111110100110010110010000110101001000101001011001000011110100100001001000000011011110000000000000000000000000000000000000000000000000000000000000000000000000000000000000000000 0 0
41477 25.982 LR999924.1	3376835* ( 0 ) 100110111110100110010110010000110101001000101001011001000011110100100001001000000011011110000000000000000000000000000000000000000000000000000000000000000000000000000000000000000000 0 0
41506 25.982 LR999924.1	3517285 ( 0 ) 100110111110100110010110010000110101001000101001011001000011110100100001001000000011011110000000000000000000000000000000000000000000000000000000000000000000000000000000000000000000 0 0
41510 25.982 LR999924.1	3517337* ( 0 ) 100110111110100110010110010000110101001000101001011001000011110100100001001000000011011110000000000000000000000000000000000000000000000000000000000000000000000000000000000000000000 0 0
41553 25.982 LR999924.1	4133329 ( 0 ) 100110111110100110010110010000110101001000101001011001000011110100100001001000000011011110000000000000000000000000000000000000000000000000000000000000000000000000000000000000000000 0 0
41613 25.982 LR999924.1	4702332* ( 0 ) 100110111110100110010110010000110101001000101001011001000011110100100001001000000011011110000000000000000000000000000000000000000000000000000000000000000000000000000000000000000000 0 0
41635 25.982 LR999924.1	4711013* ( 0 ) 100110111110100110010110010000110101001000101001011001000011110100100001001000000011011110000000000000000000000000000000000000000000000000000000000000000000000000000000000000000000 0 0
41651 25.982 LR999924.1	4740500 ( 0 ) 100110111110100110010110010000110101001000101001011001000011110100100001001000000011011110000000000000000000000000000000000000000000000000000000000000000000000000000000000000000000 0 0
41619 25.982 LR999924.1	4702506* ( 0 ) 100110111110100110010110010000110101001000101001011001000011110100100001001000000011011110000000000000000000000000000000000000000000000000000000000000000000000000000000000000000000 0 0
41622 25.982 LR999924.1	4710674 ( 0 ) 100110111110100110010110010000110101001000101001011001000011110100100001001000000011011110000000000000000000000000000000000000000000000000000000000000000000000000000000000000000000 0 0
41554 28.205 LR999924.1	4133357* ( 0 ) 100110111110100110010110010100110101001000101001011001000011110100101001001000000011011110000000000000000000000000000000000000000000000000000000000000000000000000000000000000000000 2 0
41492 28.205 LR999924.1	3401382 ( 0 ) 100110111110100110010110010100110101001000101001011001000011110100101001001000000011011110000000000000000000000000000000000000000000000000000000000000000000000000000000000000000000 0 0
41653 30.429 LR999924.1	4960910* ( 0 ) 100110111110100110010110010100110101001000001001011001000111110100101001001000000011011110000000000000000000000000000000000000000000000000000000000000000000000000000000000000000000 2 0
41654 30.429 LR999924.1	4960913* ( 0 ) 100110111110100110010110010100110101001000001001011001000111110100101001001000000011011110000000000000000000000000000000000000000000000000000000000000000000000000000000000000000000 0 0
41810 31.540 LR999924.1	6925481 ( 0 ) 100110111110100110010110010100110101001000001001011001000111110100101001001000000011011111000000000000000000000000000000000000000000000000000000000000000000000000000000000000000000 1 0
41659 33.764 LR999924.1	5288566* ( 0 ) 100110111110100110010110010100110101001000001001011001000111110100101001100000000011011111000000000000000000000000000000000000000000000000000000000000000000000000000000000000000000 2 0
41666 33.764 LR999924.1	5290648 ( 0 ) 100110111110100110010110010100110101001000001001011001000111110100101001100000000011011111000000000000000000000000000000000000000000000000000000000000000000000000000000000000000000 0 0
41665 33.764 LR999924.1	5290606* ( 0 ) 100110111110100110010110010100110101001000001001011001000111110100101001100000000011011111000000000000000000000000000000000000000000000000000000000000000000000000000000000000000000 0 0
41658 33.764 LR999924.1	5288565* ( 0 ) 100110111110100110010110010100110101001000001001011001000111110100101001100000000011011111000000000000000000000000000000000000000000000000000000000000000000000000000000000000000000 0 0
41664 33.764 LR999924.1	5290549* ( 0 ) 100110111110100110010110010100110101001000001001011001000111110100101001100000000011011111000000000000000000000000000000000000000000000000000000000000000000000000000000000000000000 0 0
41660 33.764 LR999924.1	5288654 ( 0 ) 100110111110100110010110010100110101001000001001011001000111110100101001100000000011011111000000000000000000000000000000000000000000000000000000000000000000000000000000000000000000 0 0
41657 33.764 LR999924.1	5288440* ( 0 ) 100110111110100110010110010100110101001000001001011001000111110100101001100000000011011111000000000000000000000000000000000000000000000000000000000000000000000000000000000000000000 0 0
41786 35.988 LR999924.1	6765981* ( 0 ) 100110111110100110010110010101110101001000011001011001000111110100101001100000000011011111000000000000000000000000000000000000000000000000000000000000000000000000000000000000000000 2 0
41785 35.988 LR999924.1	6765971* ( 0 ) 100110111110100110010110010101110101001000011001011001000111110100101001100000000011011111000000000000000000000000000000000000000000000000000000000000000000000000000000000000000000 0 0
41737 35.988 LR999924.1	6257327* ( 0 ) 100110111110100110010110010101110101001000011001011001000111110100101001100000000011011111000000000000000000000000000000000000000000000000000000000000000000000000000000000000000000 0 0
41796 35.988 LR999924.1	6777316* ( 0 ) 100110111110100110010110010101110101001000011001011001000111110100101001100000000011011111000000000000000000000000000000000000000000000000000000000000000000000000000000000000000000 0 0
41781 35.988 LR999924.1	6765956* ( 0 ) 100110111110100110010110010101110101001000011001011001000111110100101001100000000011011111000000000000000000000000000000000000000000000000000000000000000000000000000000000000000000 0 0
41733 35.988 LR999924.1	6257054 ( 0 ) 100110111110100110010110010101110101001000011001011001000111110100101001100000000011011111000000000000000000000000000000000000000000000000000000000000000000000000000000000000000000 0 0
41784 35.988 LR999924.1	6765969* ( 0 ) 100110111110100110010110010101110101001000011001011001000111110100101001100000000011011111000000000000000000000000000000000000000000000000000000000000000000000000000000000000000000 0 0
41691 35.988 LR999924.1	5711189 ( 0 ) 100110111110100110010110010101110101001000011001011001000111110100101001100000000011011111000000000000000000000000000000000000000000000000000000000000000000000000000000000000000000 0 0
41715 35.988 LR999924.1	6151229* ( 0 ) 100110111110100110010110010101110101001000011001011001000111110100101001100000000011011111000000000000000000000000000000000000000000000000000000000000000000000000000000000000000000 0 0
41689 35.988 LR999924.1	5711130* ( 0 ) 100110111110100110010110010101110101001000011001011001000111110100101001100000000011011111000000000000000000000000000000000000000000000000000000000000000000000000000000000000000000 0 0
41787 35.988 LR999924.1	6765991 ( 0 ) 100110111110100110010110010101110101001000011001011001000111110100101001100000000011011111000000000000000000000000000000000000000000000000000000000000000000000000000000000000000000 0 0
41777 35.988 LR999924.1	6765924 ( 0 ) 100110111110100110010110010101110101001000011001011001000111110100101001100000000011011111000000000000000000000000000000000000000000000000000000000000000000000000000000000000000000 0 0
41735 35.988 LR999924.1	6257108* ( 0 ) 100110111110100110010110010101110101001000011001011001000111110100101001100000000011011111000000000000000000000000000000000000000000000000000000000000000000000000000000000000000000 0 0
41716 35.988 LR999924.1	6151231* ( 0 ) 100110111110100110010110010101110101001000011001011001000111110100101001100000000011011111000000000000000000000000000000000000000000000000000000000000000000000000000000000000000000 0 0
41776 35.988 LR999924.1	6765826* ( 0 ) 100110111110100110010110010101110101001000011001011001000111110100101001100000000011011111000000000000000000000000000000000000000000000000000000000000000000000000000000000000000000 0 0
41732 35.988 LR999924.1	6257050 ( 0 ) 100110111110100110010110010101110101001000011001011001000111110100101001100000000011011111000000000000000000000000000000000000000000000000000000000000000000000000000000000000000000 0 0
41753 35.988 LR999924.1	6378381* ( 0 ) 100110111110100110010110010101110101001000011001011001000111110100101001100000000011011111000000000000000000000000000000000000000000000000000000000000000000000000000000000000000000 0 0
41688 35.988 LR999924.1	5711128* ( 0 ) 100110111110100110010110010101110101001000011001011001000111110100101001100000000011011111000000000000000000000000000000000000000000000000000000000000000000000000000000000000000000 0 0
41736 35.988 LR999924.1	6257278* ( 0 ) 100110111110100110010110010101110101001000011001011001000111110100101001100000000011011111000000000000000000000000000000000000000000000000000000000000000000000000000000000000000000 0 0
41708 35.988 LR999924.1	5869443* ( 0 ) 100110111110100110010110010101110101001000011001011001000111110100101001100000000011011111000000000000000000000000000000000000000000000000000000000000000000000000000000000000000000 0 0
41794 35.988 LR999924.1	6777305* ( 0 ) 100110111110100110010110010101110101001000011001011001000111110100101001100000000011011111000000000000000000000000000000000000000000000000000000000000000000000000000000000000000000 0 0
41771 35.988 LR999924.1	6765791* ( 0 ) 100110111110100110010110010101110101001000011001011001000111110100101001100000000011011111000000000000000000000000000000000000000000000000000000000000000000000000000000000000000000 0 0
41793 35.988 LR999924.1	6777296* ( 0 ) 100110111110100110010110010101110101001000011001011001000111110100101001100000000011011111000000000000000000000000000000000000000000000000000000000000000000000000000000000000000000 0 0
41797 35.988 LR999924.1	6777330* ( 0 ) 100110111110100110010110010101110101001000011001011001000111110100101001100000000011011111000000000000000000000000000000000000000000000000000000000000000000000000000000000000000000 0 0
41783 35.988 LR999924.1	6765965* ( 0 ) 100110111110100110010110010101110101001000011001011001000111110100101001100000000011011111000000000000000000000000000000000000000000000000000000000000000000000000000000000000000000 0 0
41705 35.988 LR999924.1	5869331* ( 0 ) 100110111110100110010110010101110101001000011001011001000111110100101001100000000011011111000000000000000000000000000000000000000000000000000000000000000000000000000000000000000000 0 0
41734 35.988 LR999924.1	6257056 ( 0 ) 100110111110100110010110010101110101001000011001011001000111110100101001100000000011011111000000000000000000000000000000000000000000000000000000000000000000000000000000000000000000 0 0
41780 35.988 LR999924.1	6765937* ( 0 ) 100110111110100110010110010101110101001000011001011001000111110100101001100000000011011111000000000000000000000000000000000000000000000000000000000000000000000000000000000000000000 0 0
41709 35.988 LR999924.1	5944142 ( 0 ) 100110111110100110010110010101110101001000011001011001000111110100101001100000000011011111000000000000000000000000000000000000000000000000000000000000000000000000000000000000000000 0 0
41739 35.988 LR999924.1	6257335* ( 0 ) 100110111110100110010110010101110101001000011001011001000111110100101001100000000011011111000000000000000000000000000000000000000000000000000000000000000000000000000000000000000000 0 0
41683 35.988 LR999924.1	5710877* ( 0 ) 100110111110100110010110010101110101001000011001011001000111110100101001100000000011011111000000000000000000000000000000000000000000000000000000000000000000000000000000000000000000 0 0
41772 35.988 LR999924.1	6765800* ( 0 ) 100110111110100110010110010101110101001000011001011001000111110100101001100000000011011111000000000000000000000000000000000000000000000000000000000000000000000000000000000000000000 0 0
41741 35.988 LR999924.1	6257360* ( 0 ) 100110111110100110010110010101110101001000011001011001000111110100101001100000000011011111000000000000000000000000000000000000000000000000000000000000000000000000000000000000000000 0 0
41685 35.988 LR999924.1	5710958* ( 0 ) 100110111110100110010110010101110101001000011001011001000111110100101001100000000011011111000000000000000000000000000000000000000000000000000000000000000000000000000000000000000000 0 0
41775 35.988 LR999924.1	6765820* ( 0 ) 100110111110100110010110010101110101001000011001011001000111110100101001100000000011011111000000000000000000000000000000000000000000000000000000000000000000000000000000000000000000 0 0
41742 35.988 LR999924.1	6261788 ( 0 ) 100110111110100110010110010101110101001000011001011001000111110100101001100000000011011111000000000000000000000000000000000000000000000000000000000000000000000000000000000000000000 0 0
41684 35.988 LR999924.1	5710951* ( 0 ) 100110111110100110010110010101110101001000011001011001000111110100101001100000000011011111000000000000000000000000000000000000000000000000000000000000000000000000000000000000000000 0 0
41756 35.988 LR999924.1	6378436 ( 0 ) 100110111110100110010110010101110101001000011001011001000111110100101001100000000011011111000000000000000000000000000000000000000000000000000000000000000000000000000000000000000000 0 0
41755 35.988 LR999924.1	6378417* ( 0 ) 100110111110100110010110010101110101001000011001011001000111110100101001100000000011011111000000000000000000000000000000000000000000000000000000000000000000000000000000000000000000 0 0
41686 35.988 LR999924.1	5711104 ( 0 ) 100110111110100110010110010101110101001000011001011001000111110100101001100000000011011111000000000000000000000000000000000000000000000000000000000000000000000000000000000000000000 0 0
41707 35.988 LR999924.1	5869403* ( 0 ) 100110111110100110010110010101110101001000011001011001000111110100101001100000000011011111000000000000000000000000000000000000000000000000000000000000000000000000000000000000000000 0 0
41774 35.988 LR999924.1	6765815* ( 0 ) 100110111110100110010110010101110101001000011001011001000111110100101001100000000011011111000000000000000000000000000000000000000000000000000000000000000000000000000000000000000000 0 0
41717 35.988 LR999924.1	6151282 ( 0 ) 100110111110100110010110010101110101001000011001011001000111110100101001100000000011011111000000000000000000000000000000000000000000000000000000000000000000000000000000000000000000 0 0
41740 35.988 LR999924.1	6257359 ( 0 ) 100110111110100110010110010101110101001000011001011001000111110100101001100000000011011111000000000000000000000000000000000000000000000000000000000000000000000000000000000000000000 0 0
41799 35.988 LR999924.1	6777555 ( 0 ) 100110111110100110010110010101110101001000011001011001000111110100101001100000000011011111000000000000000000000000000000000000000000000000000000000000000000000000000000000000000000 0 0
41821 35.988 LR999924.1	6958489* ( 0 ) 100110111110100110010110010101110101001000011001011001000111110100101001100000000011011111000000000000000000000000000000000000000000000000000000000000000000000000000000000000000000 0 0
41795 35.988 LR999924.1	6777309* ( 0 ) 100110111110100110010110010101110101001000011001011001000111110100101001100000000011011111000000000000000000000000000000000000000000000000000000000000000000000000000000000000000000 0 0
41798 35.988 LR999924.1	6777358* ( 0 ) 100110111110100110010110010101110101001000011001011001000111110100101001100000000011011111000000000000000000000000000000000000000000000000000000000000000000000000000000000000000000 0 0
41714 35.988 LR999924.1	6151050* ( 0 ) 100110111110100110010110010101110101001000011001011001000111110100101001100000000011011111000000000000000000000000000000000000000000000000000000000000000000000000000000000000000000 0 0
41773 35.988 LR999924.1	6765813* ( 0 ) 100110111110100110010110010101110101001000011001011001000111110100101001100000000011011111000000000000000000000000000000000000000000000000000000000000000000000000000000000000000000 0 0
41782 35.988 LR999924.1	6765959* ( 0 ) 100110111110100110010110010101110101001000011001011001000111110100101001100000000011011111000000000000000000000000000000000000000000000000000000000000000000000000000000000000000000 0 0
41779 37.099 LR999924.1	6765934* ( 0 ) 100110111110100110010110010101110101011000011001011001000111110100101001100000000011011111000000000000000000000000000000000000000000000000000000000000000000000000000000000000000000 1 0
41921 37.099 LR999924.1	8451461 ( 0 ) 100110111110100110010110010101110101011000011001011001000111110100101001100000000011011111000000000000000000000000000000000000000000000000000000000000000000000000000000000000000000 0 0
41831 38.210 LR999924.1	7077878* ( 0 ) 100010111110100110010110010101110101011000011001011001000111110100101001100000000011011111000000000000000000000000000000000000000000000000000000000000000000000000000000000000000000 1 0
41871 38.210 LR999924.1	7471388 ( 0 ) 100010111110100110010110010101110101011000011001011001000111110100101001100000000011011111000000000000000000000000000000000000000000000000000000000000000000000000000000000000000000 0 0
41838 38.210 LR999924.1	7129111* ( 0 ) 100010111110100110010110010101110101011000011001011001000111110100101001100000000011011111000000000000000000000000000000000000000000000000000000000000000000000000000000000000000000 0 0
41881 38.210 LR999924.1	7539874* ( 0 ) 100010111110100110010110010101110101011000011001011001000111110100101001100000000011011111000000000000000000000000000000000000000000000000000000000000000000000000000000000000000000 0 0
41863 38.210 LR999924.1	7439298* ( 0 ) 100010111110100110010110010101110101011000011001011001000111110100101001100000000011011111000000000000000000000000000000000000000000000000000000000000000000000000000000000000000000 0 0
41822 38.210 LR999924.1	6976098 ( 0 ) 100010111110100110010110010101110101011000011001011001000111110100101001100000000011011111000000000000000000000000000000000000000000000000000000000000000000000000000000000000000000 0 0
41840 38.210 LR999924.1	7129131* ( 0 ) 100010111110100110010110010101110101011000011001011001000111110100101001100000000011011111000000000000000000000000000000000000000000000000000000000000000000000000000000000000000000 0 0
41839 38.210 LR999924.1	7129114* ( 0 ) 100010111110100110010110010101110101011000011001011001000111110100101001100000000011011111000000000000000000000000000000000000000000000000000000000000000000000000000000000000000000 0 0
41858 38.210 LR999924.1	7439031 ( 0 ) 100010111110100110010110010101110101011000011001011001000111110100101001100000000011011111000000000000000000000000000000000000000000000000000000000000000000000000000000000000000000 0 0
41832 38.210 LR999924.1	7077901* ( 0 ) 100010111110100110010110010101110101011000011001011001000111110100101001100000000011011111000000000000000000000000000000000000000000000000000000000000000000000000000000000000000000 0 0
41843 38.210 LR999924.1	7129146 ( 0 ) 100010111110100110010110010101110101011000011001011001000111110100101001100000000011011111000000000000000000000000000000000000000000000000000000000000000000000000000000000000000000 0 0
41875 38.210 LR999924.1	7539526* ( 0 ) 100010111110100110010110010101110101011000011001011001000111110100101001100000000011011111000000000000000000000000000000000000000000000000000000000000000000000000000000000000000000 0 0
41833 38.210 LR999924.1	7078045 ( 0 ) 100010111110100110010110010101110101011000011001011001000111110100101001100000000011011111000000000000000000000000000000000000000000000000000000000000000000000000000000000000000000 0 0
41841 38.210 LR999924.1	7129132* ( 0 ) 100010111110100110010110010101110101011000011001011001000111110100101001100000000011011111000000000000000000000000000000000000000000000000000000000000000000000000000000000000000000 0 0
41857 38.210 LR999924.1	7438947* ( 0 ) 100010111110100110010110010101110101011000011001011001000111110100101001100000000011011111000000000000000000000000000000000000000000000000000000000000000000000000000000000000000000 0 0
41877 38.210 LR999924.1	7539612 ( 0 ) 100010111110100110010110010101110101011000011001011001000111110100101001100000000011011111000000000000000000000000000000000000000000000000000000000000000000000000000000000000000000 0 0
41870 38.210 LR999924.1	7471337* ( 0 ) 100010111110100110010110010101110101011000011001011001000111110100101001100000000011011111000000000000000000000000000000000000000000000000000000000000000000000000000000000000000000 0 0
41874 38.210 LR999924.1	7539520* ( 0 ) 100010111110100110010110010101110101011000011001011001000111110100101001100000000011011111000000000000000000000000000000000000000000000000000000000000000000000000000000000000000000 0 0
41820 38.210 LR999924.1	6958460* ( 0 ) 100010111110100110010110010101110101011000011001011001000111110100101001100000000011011111000000000000000000000000000000000000000000000000000000000000000000000000000000000000000000 0 0
41864 38.210 LR999924.1	7439316 ( 0 ) 100010111110100110010110010101110101011000011001011001000111110100101001100000000011011111000000000000000000000000000000000000000000000000000000000000000000000000000000000000000000 0 0
41862 38.210 LR999924.1	7439147* ( 0 ) 100010111110100110010110010101110101011000011001011001000111110100101001100000000011011111000000000000000000000000000000000000000000000000000000000000000000000000000000000000000000 0 0
41880 38.210 LR999924.1	7539847* ( 0 ) 100010111110100110010110010101110101011000011001011001000111110100101001100000000011011111000000000000000000000000000000000000000000000000000000000000000000000000000000000000000000 0 0
41901 39.322 LR999924.1	7885342 ( 0 ) 100010111010100110010110010101110101011000011001011001000111110100101001100000000011011111000000000000000000000000000000000000000000000000000000000000000000000000000000000000000000 1 0
41899 39.322 LR999924.1	7885208* ( 0 ) 100010111010100110010110010101110101011000011001011001000111110100101001100000000011011111000000000000000000000000000000000000000000000000000000000000000000000000000000000000000000 0 0
41904 39.322 LR999924.1	7938761* ( 0 ) 100010111010100110010110010101110101011000011001011001000111110100101001100000000011011111000000000000000000000000000000000000000000000000000000000000000000000000000000000000000000 0 0
41894 39.322 LR999924.1	7792643 ( 0 ) 100010111010100110010110010101110101011000011001011001000111110100101001100000000011011111000000000000000000000000000000000000000000000000000000000000000000000000000000000000000000 0 0
41923 40.433 LR999924.1	8462214* ( 0 ) 100010111010100110010110010101110101011000011001011001000111010100101001100000000011011111000000000000000000000000000000000000000000000000000000000000000000000000000000000000000000 1 0
41924 40.433 LR999924.1	8496778* ( 0 ) 100010111010100110010110010101110101011000011001011001000111010100101001100000000011011111000000000000000000000000000000000000000000000000000000000000000000000000000000000000000000 0 0
41993 41.544 LR999924.1	8825311* ( 0 ) 100010111010100110010110010101110101011000011001011001000111010100101001100000000001011111000000000000000000000000000000000000000000000000000000000000000000000000000000000000000000 1 0
41989 41.544 LR999924.1	8825033* ( 0 ) 100010111010100110010110010101110101011000011001011001000111010100101001100000000001011111000000000000000000000000000000000000000000000000000000000000000000000000000000000000000000 0 0
41994 41.544 LR999924.1	8877484* ( 0 ) 100010111010100110010110010101110101011000011001011001000111010100101001100000000001011111000000000000000000000000000000000000000000000000000000000000000000000000000000000000000000 0 0
41990 41.544 LR999924.1	8825209 ( 0 ) 100010111010100110010110010101110101011000011001011001000111010100101001100000000001011111000000000000000000000000000000000000000000000000000000000000000000000000000000000000000000 0 0
41973 41.544 LR999924.1	8522390 ( 0 ) 100010111010100110010110010101110101011000011001011001000111010100101001100000000001011111000000000000000000000000000000000000000000000000000000000000000000000000000000000000000000 0 0
41968 41.544 LR999924.1	8522106 ( 0 ) 100010111010100110010110010101110101011000011001011001000111010100101001100000000001011111000000000000000000000000000000000000000000000000000000000000000000000000000000000000000000 0 0
42005 42.656 LR999924.1	8930978* ( 0 ) 100010111010100110010110010101110101011000011001011001000111000100101001100000000001011111000000000000000000000000000000000000000000000000000000000000000000000000000000000000000000 1 0
42018 42.656 LR999924.1	9016521* ( 0 ) 100010111010100110010110010101110101011000011001011001000111000100101001100000000001011111000000000000000000000000000000000000000000000000000000000000000000000000000000000000000000 0 0
42019 42.656 LR999924.1	9080237 ( 0 ) 100010111010100110010110010101110101011000011001011001000111000100101001100000000001011111000000000000000000000000000000000000000000000000000000000000000000000000000000000000000000 0 0
42013 42.656 LR999924.1	9016513* ( 0 ) 100010111010100110010110010101110101011000011001011001000111000100101001100000000001011111000000000000000000000000000000000000000000000000000000000000000000000000000000000000000000 0 0
42002 42.656 LR999924.1	8930944* ( 0 ) 100010111010100110010110010101110101011000011001011001000111000100101001100000000001011111000000000000000000000000000000000000000000000000000000000000000000000000000000000000000000 0 0
42007 42.656 LR999924.1	8931055 ( 0 ) 100010111010100110010110010101110101011000011001011001000111000100101001100000000001011111000000000000000000000000000000000000000000000000000000000000000000000000000000000000000000 0 0
42006 42.656 LR999924.1	8931014* ( 0 ) 100010111010100110010110010101110101011000011001011001000111000100101001100000000001011111000000000000000000000000000000000000000000000000000000000000000000000000000000000000000000 0 0
42027 42.656 LR999924.1	9212202 ( 0 ) 100010111010100110010110010101110101011000011001011001000111000100101001100000000001011111000000000000000000000000000000000000000000000000000000000000000000000000000000000000000000 0 0
42001 42.656 LR999924.1	8930770* ( 0 ) 100010111010100110010110010101110101011000011001011001000111000100101001100000000001011111000000000000000000000000000000000000000000000000000000000000000000000000000000000000000000 0 0
42014 42.656 LR999924.1	9016514* ( 0 ) 100010111010100110010110010101110101011000011001011001000111000100101001100000000001011111000000000000000000000000000000000000000000000000000000000000000000000000000000000000000000 0 0
41995 42.656 LR999924.1	8877517 ( 0 ) 100010111010100110010110010101110101011000011001011001000111000100101001100000000001011111000000000000000000000000000000000000000000000000000000000000000000000000000000000000000000 0 0
42041 42.656 LR999924.1	9537225 ( 0 ) 100010111010100110010110010101110101011000011001011001000111000100101001100000000001011111000000000000000000000000000000000000000000000000000000000000000000000000000000000000000000 0 0
42000 42.656 LR999924.1	8930765* ( 0 ) 100010111010100110010110010101110101011000011001011001000111000100101001100000000001011111000000000000000000000000000000000000000000000000000000000000000000000000000000000000000000 0 0
42031 42.656 LR999924.1	9307684* ( 0 ) 100010111010100110010110010101110101011000011001011001000111000100101001100000000001011111000000000000000000000000000000000000000000000000000000000000000000000000000000000000000000 0 0
42004 42.656 LR999924.1	8930970* ( 0 ) 100010111010100110010110010101110101011000011001011001000111000100101001100000000001011111000000000000000000000000000000000000000000000000000000000000000000000000000000000000000000 0 0
42030 42.656 LR999924.1	9307605* ( 0 ) 100010111010100110010110010101110101011000011001011001000111000100101001100000000001011111000000000000000000000000000000000000000000000000000000000000000000000000000000000000000000 0 0
42021 42.656 LR999924.1	9080567 ( 0 ) 100010111010100110010110010101110101011000011001011001000111000100101001100000000001011111000000000000000000000000000000000000000000000000000000000000000000000000000000000000000000 0 0
42043 42.656 LR999924.1	9537461* ( 0 ) 100010111010100110010110010101110101011000011001011001000111000100101001100000000001011111000000000000000000000000000000000000000000000000000000000000000000000000000000000000000000 0 0
42035 43.767 LR999924.1	9405930* ( 0 ) 100010111010100110010110010101110101011000011001011001000111000100101001100000000000011111000000000000000000000000000000000000000000000000000000000000000000000000000000000000000000 1 0
41987 43.767 LR999924.1	8672229 ( 0 ) 100010111010100110010110010101110101011000011001011001000111000100101001100000000000011111000000000000000000000000000000000000000000000000000000000000000000000000000000000000000000 0 0
42037 43.767 LR999924.1	9406214* ( 0 ) 100010111010100110010110010101110101011000011001011001000111000100101001100000000000011111000000000000000000000000000000000000000000000000000000000000000000000000000000000000000000 0 0
42032 43.767 LR999924.1	9307690* ( 0 ) 100010111010100110010110010101110101011000011001011001000111000100101001100000000000011111000000000000000000000000000000000000000000000000000000000000000000000000000000000000000000 0 0
42044 43.767 LR999924.1	9537557 ( 0 ) 100010111010100110010110010101110101011000011001011001000111000100101001100000000000011111000000000000000000000000000000000000000000000000000000000000000000000000000000000000000000 0 0
42038 43.767 LR999924.1	9526013 ( 0 ) 100010111010100110010110010101110101011000011001011001000111000100101001100000000000011111000000000000000000000000000000000000000000000000000000000000000000000000000000000000000000 0 0
42072 44.878 LR999924.1	9955480 ( 0 ) 100010111010100110010110010101110101011000011001011001000111000100101011100000000000011111000000000000000000000000000000000000000000000000000000000000000000000000000000000000000000 1 0
42087 44.878 LR999924.1	10204756* ( 0 ) 100010111010100110010110010101110101011000011001011001000111000100101011100000000000011111000000000000000000000000000000000000000000000000000000000000000000000000000000000000000000 0 0
42088 44.878 LR999924.1	10253423 ( 0 ) 100010111010100110010110010101110101011000011001011001000111000100101011100000000000011111000000000000000000000000000000000000000000000000000000000000000000000000000000000000000000 0 0
42071 44.878 LR999924.1	9955467* ( 0 ) 100010111010100110010110010101110101011000011001011001000111000100101011100000000000011111000000000000000000000000000000000000000000000000000000000000000000000000000000000000000000 0 0
42062 44.878 LR999924.1	9730931* ( 0 ) 100010111010100110010110010101110101011000011001011001000111000100101011100000000000011111000000000000000000000000000000000000000000000000000000000000000000000000000000000000000000 0 0
42075 44.878 LR999924.1	9955534* ( 0 ) 100010111010100110010110010101110101011000011001011001000111000100101011100000000000011111000000000000000000000000000000000000000000000000000000000000000000000000000000000000000000 0 0
42078 44.878 LR999924.1	9993576 ( 0 ) 100010111010100110010110010101110101011000011001011001000111000100101011100000000000011111000000000000000000000000000000000000000000000000000000000000000000000000000000000000000000 0 0
42070 44.878 LR999924.1	9955462* ( 0 ) 100010111010100110010110010101110101011000011001011001000111000100101011100000000000011111000000000000000000000000000000000000000000000000000000000000000000000000000000000000000000 0 0
42066 44.878 LR999924.1	9955420* ( 0 ) 100010111010100110010110010101110101011000011001011001000111000100101011100000000000011111000000000000000000000000000000000000000000000000000000000000000000000000000000000000000000 0 0
42069 44.878 LR999924.1	9955443* ( 0 ) 100010111010100110010110010101110101011000011001011001000111000100101011100000000000011111000000000000000000000000000000000000000000000000000000000000000000000000000000000000000000 0 0
42086 44.878 LR999924.1	10204524* ( 0 ) 100010111010100110010110010101110101011000011001011001000111000100101011100000000000011111000000000000000000000000000000000000000000000000000000000000000000000000000000000000000000 0 0
42076 44.878 LR999924.1	9955544* ( 0 ) 100010111010100110010110010101110101011000011001011001000111000100101011100000000000011111000000000000000000000000000000000000000000000000000000000000000000000000000000000000000000 0 0
42085 44.878 LR999924.1	10204515* ( 0 ) 100010111010100110010110010101110101011000011001011001000111000100101011100000000000011111000000000000000000000000000000000000000000000000000000000000000000000000000000000000000000 0 0
42068 44.878 LR999924.1	9955435* ( 0 ) 100010111010100110010110010101110101011000011001011001000111000100101011100000000000011111000000000000000000000000000000000000000000000000000000000000000000000000000000000000000000 0 0
42056 44.878 LR999924.1	9730835* ( 0 ) 100010111010100110010110010101110101011000011001011001000111000100101011100000000000011111000000000000000000000000000000000000000000000000000000000000000000000000000000000000000000 0 0
42077 44.878 LR999924.1	9955583* ( 0 ) 100010111010100110010110010101110101011000011001011001000111000100101011100000000000011111000000000000000000000000000000000000000000000000000000000000000000000000000000000000000000 0 0
42067 44.878 LR999924.1	9955432* ( 0 ) 100010111010100110010110010101110101011000011001011001000111000100101011100000000000011111000000000000000000000000000000000000000000000000000000000000000000000000000000000000000000 0 0
42074 44.878 LR999924.1	9955492* ( 0 ) 100010111010100110010110010101110101011000011001011001000111000100101011100000000000011111000000000000000000000000000000000000000000000000000000000000000000000000000000000000000000 0 0
42098 45.989 LR999924.1	10308026 ( 0 ) 100010111010100110010110000101110101011000011001011001000111000100101011100000000000011111000000000000000000000000000000000000000000000000000000000000000000000000000000000000000000 1 0
42116 45.989 LR999924.1	10728570 ( 0 ) 100010111010100110010110000101110101011000011001011001000111000100101011100000000000011111000000000000000000000000000000000000000000000000000000000000000000000000000000000000000000 0 0
42124 45.989 LR999924.1	10948233* ( 0 ) 100010111010100110010110000101110101011000011001011001000111000100101011100000000000011111000000000000000000000000000000000000000000000000000000000000000000000000000000000000000000 0 0
42114 45.989 LR999924.1	10690417* ( 0 ) 100010111010100110010110000101110101011000011001011001000111000100101011100000000000011111000000000000000000000000000000000000000000000000000000000000000000000000000000000000000000 0 0
42095 45.989 LR999924.1	10307845* ( 0 ) 100010111010100110010110000101110101011000011001011001000111000100101011100000000000011111000000000000000000000000000000000000000000000000000000000000000000000000000000000000000000 0 0
42107 45.989 LR999924.1	10349870* ( 0 ) 100010111010100110010110000101110101011000011001011001000111000100101011100000000000011111000000000000000000000000000000000000000000000000000000000000000000000000000000000000000000 0 0
42126 45.989 LR999924.1	10948345* ( 0 ) 100010111010100110010110000101110101011000011001011001000111000100101011100000000000011111000000000000000000000000000000000000000000000000000000000000000000000000000000000000000000 0 0
42115 45.989 LR999924.1	10690452* ( 0 ) 100010111010100110010110000101110101011000011001011001000111000100101011100000000000011111000000000000000000000000000000000000000000000000000000000000000000000000000000000000000000 0 0
42097 45.989 LR999924.1	10307960* ( 0 ) 100010111010100110010110000101110101011000011001011001000111000100101011100000000000011111000000000000000000000000000000000000000000000000000000000000000000000000000000000000000000 0 0
42094 45.989 LR999924.1	10307810* ( 0 ) 100010111010100110010110000101110101011000011001011001000111000100101011100000000000011111000000000000000000000000000000000000000000000000000000000000000000000000000000000000000000 0 0
42106 45.989 LR999924.1	10349805* ( 0 ) 100010111010100110010110000101110101011000011001011001000111000100101011100000000000011111000000000000000000000000000000000000000000000000000000000000000000000000000000000000000000 0 0
42125 45.989 LR999924.1	10948342* ( 0 ) 100010111010100110010110000101110101011000011001011001000111000100101011100000000000011111000000000000000000000000000000000000000000000000000000000000000000000000000000000000000000 0 0
42169 47.101 LR999924.1	11458038* ( 0 ) 100010111010100110010110000101110101011000011011011001000111000100101011100000000000011111000000000000000000000000000000000000000000000000000000000000000000000000000000000000000000 1 0
42171 47.101 LR999924.1	11458074* ( 0 ) 100010111010100110010110000101110101011000011011011001000111000100101011100000000000011111000000000000000000000000000000000000000000000000000000000000000000000000000000000000000000 0 0
42170 47.101 LR999924.1	11458046* ( 0 ) 100010111010100110010110000101110101011000011011011001000111000100101011100000000000011111000000000000000000000000000000000000000000000000000000000000000000000000000000000000000000 0 0
42177 47.101 LR999924.1	11458252 ( 0 ) 100010111010100110010110000101110101011000011011011001000111000100101011100000000000011111000000000000000000000000000000000000000000000000000000000000000000000000000000000000000000 0 0
42176 47.101 LR999924.1	11458197 ( 0 ) 100010111010100110010110000101110101011000011011011001000111000100101011100000000000011111000000000000000000000000000000000000000000000000000000000000000000000000000000000000000000 0 0
42172 47.101 LR999924.1	11458147 ( 0 ) 100010111010100110010110000101110101011000011011011001000111000100101011100000000000011111000000000000000000000000000000000000000000000000000000000000000000000000000000000000000000 0 0
42215 48.212 LR999924.1	12107617* ( 0 ) 100010011010100110010110000101110101011000011011011001000111000100101011100000000000011111000000000000000000000000000000000000000000000000000000000000000000000000000000000000000000 1 0
42226 48.212 LR999924.1	12174753* ( 0 ) 100010011010100110010110000101110101011000011011011001000111000100101011100000000000011111000000000000000000000000000000000000000000000000000000000000000000000000000000000000000000 0 0
42219 48.212 LR999924.1	12107892 ( 0 ) 100010011010100110010110000101110101011000011011011001000111000100101011100000000000011111000000000000000000000000000000000000000000000000000000000000000000000000000000000000000000 0 0
42222 48.212 LR999924.1	12161631* ( 0 ) 100010011010100110010110000101110101011000011011011001000111000100101011100000000000011111000000000000000000000000000000000000000000000000000000000000000000000000000000000000000000 0 0
42223 48.212 LR999924.1	12168428 ( 0 ) 100010011010100110010110000101110101011000011011011001000111000100101011100000000000011111000000000000000000000000000000000000000000000000000000000000000000000000000000000000000000 0 0
42227 48.212 LR999924.1	12174762 ( 0 ) 100010011010100110010110000101110101011000011011011001000111000100101011100000000000011111000000000000000000000000000000000000000000000000000000000000000000000000000000000000000000 0 0
42216 48.212 LR999924.1	12107662* ( 0 ) 100010011010100110010110000101110101011000011011011001000111000100101011100000000000011111000000000000000000000000000000000000000000000000000000000000000000000000000000000000000000 0 0
42252 49.323 LR999924.1	12542975 ( 0 ) 100010011010100110010110000101110101011010011011011001000111000100101011100000000000011111000000000000000000000000000000000000000000000000000000000000000000000000000000000000000000 1 0
42286 49.323 LR999924.1	12764362* ( 0 ) 100010011010100110010110000101110101011010011011011001000111000100101011100000000000011111000000000000000000000000000000000000000000000000000000000000000000000000000000000000000000 0 0
42292 49.323 LR999924.1	12764582 ( 0 ) 100010011010100110010110000101110101011010011011011001000111000100101011100000000000011111000000000000000000000000000000000000000000000000000000000000000000000000000000000000000000 0 0
42296 49.323 LR999924.1	12927724* ( 0 ) 100010011010100110010110000101110101011010011011011001000111000100101011100000000000011111000000000000000000000000000000000000000000000000000000000000000000000000000000000000000000 0 0
42287 49.323 LR999924.1	12764466 ( 0 ) 100010011010100110010110000101110101011010011011011001000111000100101011100000000000011111000000000000000000000000000000000000000000000000000000000000000000000000000000000000000000 0 0
42267 49.323 LR999924.1	12558502 ( 0 ) 100010011010100110010110000101110101011010011011011001000111000100101011100000000000011111000000000000000000000000000000000000000000000000000000000000000000000000000000000000000000 0 0
42247 49.323 LR999924.1	12536953 ( 0 ) 100010011010100110010110000101110101011010011011011001000111000100101011100000000000011111000000000000000000000000000000000000000000000000000000000000000000000000000000000000000000 0 0
42291 49.323 LR999924.1	12764573* ( 0 ) 100010011010100110010110000101110101011010011011011001000111000100101011100000000000011111000000000000000000000000000000000000000000000000000000000000000000000000000000000000000000 0 0
42251 49.323 LR999924.1	12542962* ( 0 ) 100010011010100110010110000101110101011010011011011001000111000100101011100000000000011111000000000000000000000000000000000000000000000000000000000000000000000000000000000000000000 0 0
42295 49.323 LR999924.1	12927658* ( 0 ) 100010011010100110010110000101110101011010011011011001000111000100101011100000000000011111000000000000000000000000000000000000000000000000000000000000000000000000000000000000000000 0 0
42246 49.323 LR999924.1	12536652* ( 0 ) 100010011010100110010110000101110101011010011011011001000111000100101011100000000000011111000000000000000000000000000000000000000000000000000000000000000000000000000000000000000000 0 0
42336 49.323 LR999924.1	13302485 ( 0 ) 100010011010100110010110000101110101011010011011011001000111000100101011100000000000011111000000000000000000000000000000000000000000000000000000000000000000000000000000000000000000 0 0
42290 49.323 LR999924.1	12764521* ( 0 ) 100010011010100110010110000101110101011010011011011001000111000100101011100000000000011111000000000000000000000000000000000000000000000000000000000000000000000000000000000000000000 0 0
42306 50.435 LR999924.1	13121092 ( 0 ) 100010011010100110010110000101110101011010011011011001000111000100101011100001000000011111000000000000000000000000000000000000000000000000000000000000000000000000000000000000000000 1 0
42335 50.435 LR999924.1	13302322* ( 0 ) 100010011010100110010110000101110101011010011011011001000111000100101011100001000000011111000000000000000000000000000000000000000000000000000000000000000000000000000000000000000000 0 0
42328 50.435 LR999924.1	13158040 ( 0 ) 100010011010100110010110000101110101011010011011011001000111000100101011100001000000011111000000000000000000000000000000000000000000000000000000000000000000000000000000000000000000 0 0
42334 50.435 LR999924.1	13302260* ( 0 ) 100010011010100110010110000101110101011010011011011001000111000100101011100001000000011111000000000000000000000000000000000000000000000000000000000000000000000000000000000000000000 0 0
42303 50.435 LR999924.1	12998667* ( 0 ) 100010011010100110010110000101110101011010011011011001000111000100101011100001000000011111000000000000000000000000000000000000000000000000000000000000000000000000000000000000000000 0 0
42319 50.435 LR999924.1	13124076* ( 0 ) 100010011010100110010110000101110101011010011011011001000111000100101011100001000000011111000000000000000000000000000000000000000000000000000000000000000000000000000000000000000000 0 0
42327 50.435 LR999924.1	13157796* ( 0 ) 100010011010100110010110000101110101011010011011011001000111000100101011100001000000011111000000000000000000000000000000000000000000000000000000000000000000000000000000000000000000 0 0
42312 50.435 LR999924.1	13121331* ( 0 ) 100010011010100110010110000101110101011010011011011001000111000100101011100001000000011111000000000000000000000000000000000000000000000000000000000000000000000000000000000000000000 0 0
42313 50.435 LR999924.1	13121347* ( 0 ) 100010011010100110010110000101110101011010011011011001000111000100101011100001000000011111000000000000000000000000000000000000000000000000000000000000000000000000000000000000000000 0 0
42323 50.435 LR999924.1	13151680 ( 0 ) 100010011010100110010110000101110101011010011011011001000111000100101011100001000000011111000000000000000000000000000000000000000000000000000000000000000000000000000000000000000000 0 0
42310 50.435 LR999924.1	13121137* ( 0 ) 100010011010100110010110000101110101011010011011011001000111000100101011100001000000011111000000000000000000000000000000000000000000000000000000000000000000000000000000000000000000 0 0
42314 50.435 LR999924.1	13121397 ( 0 ) 100010011010100110010110000101110101011010011011011001000111000100101011100001000000011111000000000000000000000000000000000000000000000000000000000000000000000000000000000000000000 0 0
42311 50.435 LR999924.1	13121163* ( 0 ) 100010011010100110010110000101110101011010011011011001000111000100101011100001000000011111000000000000000000000000000000000000000000000000000000000000000000000000000000000000000000 0 0
42301 50.435 LR999924.1	12998627* ( 0 ) 100010011010100110010110000101110101011010011011011001000111000100101011100001000000011111000000000000000000000000000000000000000000000000000000000000000000000000000000000000000000 0 0
42333 50.435 LR999924.1	13302252* ( 0 ) 100010011010100110010110000101110101011010011011011001000111000100101011100001000000011111000000000000000000000000000000000000000000000000000000000000000000000000000000000000000000 0 0
42302 50.435 LR999924.1	12998650* ( 0 ) 100010011010100110010110000101110101011010011011011001000111000100101011100001000000011111000000000000000000000000000000000000000000000000000000000000000000000000000000000000000000 0 0
42377 51.546 LR999924.1	13849391* ( 0 ) 100010011010100110010110000101110101011010011011011001000111000101101011100001000000011111000000000000000000000000000000000000000000000000000000000000000000000000000000000000000000 1 0
42373 51.546 LR999924.1	13849150* ( 0 ) 100010011010100110010110000101110101011010011011011001000111000101101011100001000000011111000000000000000000000000000000000000000000000000000000000000000000000000000000000000000000 0 0
42376 51.546 LR999924.1	13849346* ( 0 ) 100010011010100110010110000101110101011010011011011001000111000101101011100001000000011111000000000000000000000000000000000000000000000000000000000000000000000000000000000000000000 0 0
42374 51.546 LR999924.1	13849169* ( 0 ) 100010011010100110010110000101110101011010011011011001000111000101101011100001000000011111000000000000000000000000000000000000000000000000000000000000000000000000000000000000000000 0 0
42375 51.546 LR999924.1	13849188* ( 0 ) 100010011010100110010110000101110101011010011011011001000111000101101011100001000000011111000000000000000000000000000000000000000000000000000000000000000000000000000000000000000000 0 0
42354 52.657 LR999924.1	13719979 ( 0 ) 100010011010100110010110000101110101011010011111011001000111000101101011100001000000011111000000000000000000000000000000000000000000000000000000000000000000000000000000000000000000 1 0
42389 52.657 LR999924.1	14250926* ( 0 ) 100010011010100110010110000101110101011010011111011001000111000101101011100001000000011111000000000000000000000000000000000000000000000000000000000000000000000000000000000000000000 0 0
42289 52.657 LR999924.1	12764480* ( 0 ) 100010011010100110010110000101110101011010011111011001000111000101101011100001000000011111000000000000000000000000000000000000000000000000000000000000000000000000000000000000000000 0 0
42388 52.657 LR999924.1	14250873* ( 0 ) 100010011010100110010110000101110101011010011111011001000111000101101011100001000000011111000000000000000000000000000000000000000000000000000000000000000000000000000000000000000000 0 0
42288 52.657 LR999924.1	12764467 ( 0 ) 100010011010100110010110000101110101011010011111011001000111000101101011100001000000011111000000000000000000000000000000000000000000000000000000000000000000000000000000000000000000 0 0
42387 52.657 LR999924.1	14250871* ( 0 ) 100010011010100110010110000101110101011010011111011001000111000101101011100001000000011111000000000000000000000000000000000000000000000000000000000000000000000000000000000000000000 0 0
42422 53.768 LR999924.1	14794981* ( 0 ) 100010011010100110010110000101110101011010011111011000000111000101101011100001000000011111000000000000000000000000000000000000000000000000000000000000000000000000000000000000000000 1 0
42421 53.768 LR999924.1	14794868* ( 0 ) 100010011010100110010110000101110101011010011111011000000111000101101011100001000000011111000000000000000000000000000000000000000000000000000000000000000000000000000000000000000000 0 0
42418 54.880 LR999924.1	14784741 ( 0 ) 100010011000100110010110000101110101011010011111011000000111000101101011100001000000011111000000000000000000000000000000000000000000000000000000000000000000000000000000000000000000 1 0
42417 54.880 LR999924.1	14784640* ( 0 ) 100010011000100110010110000101110101011010011111011000000111000101101011100001000000011111000000000000000000000000000000000000000000000000000000000000000000000000000000000000000000 0 0
42402 54.880 LR999924.1	14661948 ( 0 ) 100010011000100110010110000101110101011010011111011000000111000101101011100001000000011111000000000000000000000000000000000000000000000000000000000000000000000000000000000000000000 0 0
42469 55.991 LR999924.1	16014426* ( 0 ) 100010011000100110010110000101110101011010011111011000000111000101101011100001000100011111000000000000000000000000000000000000000000000000000000000000000000000000000000000000000000 1 0
42518 55.991 LR999924.1	16942479* ( 0 ) 100010011000100110010110000101110101011010011111011000000111000101101011100001000100011111000000000000000000000000000000000000000000000000000000000000000000000000000000000000000000 0 0
42465 55.991 LR999924.1	16014287* ( 0 ) 100010011000100110010110000101110101011010011111011000000111000101101011100001000100011111000000000000000000000000000000000000000000000000000000000000000000000000000000000000000000 0 0
42466 55.991 LR999924.1	16014324* ( 0 ) 100010011000100110010110000101110101011010011111011000000111000101101011100001000100011111000000000000000000000000000000000000000000000000000000000000000000000000000000000000000000 0 0
42355 55.991 LR999924.1	13720020 ( 0 ) 100010011000100110010110000101110101011010011111011000000111000101101011100001000100011111000000000000000000000000000000000000000000000000000000000000000000000000000000000000000000 0 0
42468 55.991 LR999924.1	16014425* ( 0 ) 100010011000100110010110000101110101011010011111011000000111000101101011100001000100011111000000000000000000000000000000000000000000000000000000000000000000000000000000000000000000 0 0
42467 55.991 LR999924.1	16014369* ( 0 ) 100010011000100110010110000101110101011010011111011000000111000101101011100001000100011111000000000000000000000000000000000000000000000000000000000000000000000000000000000000000000 0 0
42470 55.991 LR999924.1	16014434 ( 0 ) 100010011000100110010110000101110101011010011111011000000111000101101011100001000100011111000000000000000000000000000000000000000000000000000000000000000000000000000000000000000000 0 0
42448 57.102 LR999924.1	15951737* ( 0 ) 100010011000100110010110000101110101011010011111011000000111000101101011100101000100011111000000000000000000000000000000000000000000000000000000000000000000000000000000000000000000 1 0
42456 57.102 LR999924.1	15951842 ( 0 ) 100010011000100110010110000101110101011010011111011000000111000101101011100101000100011111000000000000000000000000000000000000000000000000000000000000000000000000000000000000000000 0 0
42506 57.102 LR999924.1	16497270* ( 0 ) 100010011000100110010110000101110101011010011111011000000111000101101011100101000100011111000000000000000000000000000000000000000000000000000000000000000000000000000000000000000000 0 0
42504 57.102 LR999924.1	16497041* ( 0 ) 100010011000100110010110000101110101011010011111011000000111000101101011100101000100011111000000000000000000000000000000000000000000000000000000000000000000000000000000000000000000 0 0
42520 57.102 LR999956.1	10550 ( 0 ) 100010011000100110010110000101110101011010011111011000000111000101101011100101000100011111000000000000000000000000000000000000000000000000000000000000000000000000000000000000000000 0 0
42514 57.102 LR999924.1	16880584 ( 0 ) 100010011000100110010110000101110101011010011111011000000111000101101011100101000100011111000000000000000000000000000000000000000000000000000000000000000000000000000000000000000000 0 0
42481 57.102 LR999924.1	16210821* ( 0 ) 100010011000100110010110000101110101011010011111011000000111000101101011100101000100011111000000000000000000000000000000000000000000000000000000000000000000000000000000000000000000 0 0
42452 57.102 LR999924.1	15951777* ( 0 ) 100010011000100110010110000101110101011010011111011000000111000101101011100101000100011111000000000000000000000000000000000000000000000000000000000000000000000000000000000000000000 0 0
42477 57.102 LR999924.1	16051275 ( 0 ) 100010011000100110010110000101110101011010011111011000000111000101101011100101000100011111000000000000000000000000000000000000000000000000000000000000000000000000000000000000000000 0 0
42498 57.102 LR999924.1	16386975 ( 0 ) 100010011000100110010110000101110101011010011111011000000111000101101011100101000100011111000000000000000000000000000000000000000000000000000000000000000000000000000000000000000000 0 0
42455 57.102 LR999924.1	15951813* ( 0 ) 100010011000100110010110000101110101011010011111011000000111000101101011100101000100011111000000000000000000000000000000000000000000000000000000000000000000000000000000000000000000 0 0
42482 57.102 LR999924.1	16210873 ( 0 ) 100010011000100110010110000101110101011010011111011000000111000101101011100101000100011111000000000000000000000000000000000000000000000000000000000000000000000000000000000000000000 0 0
42505 57.102 LR999924.1	16497255* ( 0 ) 100010011000100110010110000101110101011010011111011000000111000101101011100101000100011111000000000000000000000000000000000000000000000000000000000000000000000000000000000000000000 0 0
42484 57.102 LR999924.1	16211083 ( 0 ) 100010011000100110010110000101110101011010011111011000000111000101101011100101000100011111000000000000000000000000000000000000000000000000000000000000000000000000000000000000000000 0 0
42503 57.102 LR999924.1	16496975* ( 0 ) 100010011000100110010110000101110101011010011111011000000111000101101011100101000100011111000000000000000000000000000000000000000000000000000000000000000000000000000000000000000000 0 0
42507 57.102 LR999924.1	16497314 ( 0 ) 100010011000100110010110000101110101011010011111011000000111000101101011100101000100011111000000000000000000000000000000000000000000000000000000000000000000000000000000000000000000 0 0
42497 57.102 LR999924.1	16341258* ( 0 ) 100010011000100110010110000101110101011010011111011000000111000101101011100101000100011111000000000000000000000000000000000000000000000000000000000000000000000000000000000000000000 0 0
42443 57.102 LR999924.1	15951697* ( 0 ) 100010011000100110010110000101110101011010011111011000000111000101101011100101000100011111000000000000000000000000000000000000000000000000000000000000000000000000000000000000000000 0 0
42442 57.102 LR999924.1	15951693* ( 0 ) 100010011000100110010110000101110101011010011111011000000111000101101011100101000100011111000000000000000000000000000000000000000000000000000000000000000000000000000000000000000000 0 0
42450 57.102 LR999924.1	15951739* ( 0 ) 100010011000100110010110000101110101011010011111011000000111000101101011100101000100011111000000000000000000000000000000000000000000000000000000000000000000000000000000000000000000 0 0
42453 57.102 LR999924.1	15951779* ( 0 ) 100010011000100110010110000101110101011010011111011000000111000101101011100101000100011111000000000000000000000000000000000000000000000000000000000000000000000000000000000000000000 0 0
42451 57.102 LR999924.1	15951754* ( 0 ) 100010011000100110010110000101110101011010011111011000000111000101101011100101000100011111000000000000000000000000000000000000000000000000000000000000000000000000000000000000000000 0 0
42444 57.102 LR999924.1	15951705* ( 0 ) 100010011000100110010110000101110101011010011111011000000111000101101011100101000100011111000000000000000000000000000000000000000000000000000000000000000000000000000000000000000000 0 0
42446 57.102 LR999924.1	15951718* ( 0 ) 100010011000100110010110000101110101011010011111011000000111000101101011100101000100011111000000000000000000000000000000000000000000000000000000000000000000000000000000000000000000 0 0
42447 57.102 LR999924.1	15951725* ( 0 ) 100010011000100110010110000101110101011010011111011000000111000101101011100101000100011111000000000000000000000000000000000000000000000000000000000000000000000000000000000000000000 0 0
42517 57.102 LR999924.1	16942464* ( 0 ) 100010011000100110010110000101110101011010011111011000000111000101101011100101000100011111000000000000000000000000000000000000000000000000000000000000000000000000000000000000000000 0 0
42454 57.102 LR999924.1	15951795* ( 0 ) 100010011000100110010110000101110101011010011111011000000111000101101011100101000100011111000000000000000000000000000000000000000000000000000000000000000000000000000000000000000000 0 0
42445 57.102 LR999924.1	15951717* ( 0 ) 100010011000100110010110000101110101011010011111011000000111000101101011100101000100011111000000000000000000000000000000000000000000000000000000000000000000000000000000000000000000 0 0
42519 57.102 LR999924.1	16942500* ( 0 ) 100010011000100110010110000101110101011010011111011000000111000101101011100101000100011111000000000000000000000000000000000000000000000000000000000000000000000000000000000000000000 0 0
42449 57.102 LR999924.1	15951738* ( 0 ) 100010011000100110010110000101110101011010011111011000000111000101101011100101000100011111000000000000000000000000000000000000000000000000000000000000000000000000000000000000000000 0 0
42476 57.102 LR999924.1	16051188* ( 0 ) 100010011000100110010110000101110101011010011111011000000111000101101011100101000100011111000000000000000000000000000000000000000000000000000000000000000000000000000000000000000000 0 0
42496 57.102 LR999924.1	16341257* ( 0 ) 100010011000100110010110000101110101011010011111011000000111000101101011100101000100011111000000000000000000000000000000000000000000000000000000000000000000000000000000000000000000 0 0
