#*** LG = 0 likelihood = -3184.3379
#marker_number	male_position	female_position	( 0.0 )[	phased data]
1845 0.000 LR999926.1	376949 ( 0 ) 111100011001010011101000011000110000110110101000010100010011101010011100010111100110011110000000000000000000000000000000000000000000000000000000000000000000000000000000000000000000 0 0
1853 0.000 LR999926.1	478531 ( 0 ) 111100011001010011101000011000110000110110101000010100010011101010011100010111100110011110000000000000000000000000000000000000000000000000000000000000000000000000000000000000000000 0 0
1854 0.000 LR999926.1	478564 ( 0 ) 111100011001010011101000011000110000110110101000010100010011101010011100010111100110011110000000000000000000000000000000000000000000000000000000000000000000000000000000000000000000 0 0
1852 0.000 LR999926.1	478501 ( 0 ) 111100011001010011101000011000110000110110101000010100010011101010011100010111100110011110000000000000000000000000000000000000000000000000000000000000000000000000000000000000000000 0 0
1842 0.000 LR999926.1	376639 ( 0 ) 111100011001010011101000011000110000110110101000010100010011101010011100010111100110011110000000000000000000000000000000000000000000000000000000000000000000000000000000000000000000 0 0
1888 1.111 LR999926.1	1002182 ( 0 ) 111000011001010011101000011000110000110110101000010100010011101010011100010111100110011110000000000000000000000000000000000000000000000000000000000000000000000000000000000000000000 1 0
1841 1.111 LR999926.1	376622 ( 0 ) 111000011001010011101000011000110000110110101000010100010011101010011100010111100110011110000000000000000000000000000000000000000000000000000000000000000000000000000000000000000000 0 0
1867 1.111 LR999926.1	652057 ( 0 ) 111000011001010011101000011000110000110110101000010100010011101010011100010111100110011110000000000000000000000000000000000000000000000000000000000000000000000000000000000000000000 0 0
1844 1.111 LR999926.1	376847 ( 0 ) 111000011001010011101000011000110000110110101000010100010011101010011100010111100110011110000000000000000000000000000000000000000000000000000000000000000000000000000000000000000000 0 0
1966 3.335 LR999926.1	1816315 ( 0 ) 101000011001010011101000011000110000110110101000011100010011101010011100010111100110011110000000000000000000000000000000000000000000000000000000000000000000000000000000000000000000 2 0
1974 3.335 LR999926.1	1816581 ( 0 ) 101000011001010011101000011000110000110110101000011100010011101010011100010111100110011110000000000000000000000000000000000000000000000000000000000000000000000000000000000000000000 0 0
1977 3.335 LR999926.1	1816613 ( 0 ) 101000011001010011101000011000110000110110101000011100010011101010011100010111100110011110000000000000000000000000000000000000000000000000000000000000000000000000000000000000000000 0 0
1978 3.335 LR999926.1	1816627 ( 0 ) 101000011001010011101000011000110000110110101000011100010011101010011100010111100110011110000000000000000000000000000000000000000000000000000000000000000000000000000000000000000000 0 0
1954 3.335 LR999926.1	1759189 ( 0 ) 101000011001010011101000011000110000110110101000011100010011101010011100010111100110011110000000000000000000000000000000000000000000000000000000000000000000000000000000000000000000 0 0
1975 3.335 LR999926.1	1816590 ( 0 ) 101000011001010011101000011000110000110110101000011100010011101010011100010111100110011110000000000000000000000000000000000000000000000000000000000000000000000000000000000000000000 0 0
1956 3.335 LR999926.1	1759200 ( 0 ) 101000011001010011101000011000110000110110101000011100010011101010011100010111100110011110000000000000000000000000000000000000000000000000000000000000000000000000000000000000000000 0 0
1972 3.335 LR999926.1	1816555 ( 0 ) 101000011001010011101000011000110000110110101000011100010011101010011100010111100110011110000000000000000000000000000000000000000000000000000000000000000000000000000000000000000000 0 0
1976 3.335 LR999926.1	1816595 ( 0 ) 101000011001010011101000011000110000110110101000011100010011101010011100010111100110011110000000000000000000000000000000000000000000000000000000000000000000000000000000000000000000 0 0
2002 4.446 LR999926.1	2056515 ( 0 ) 101000011001010011101000011000110000110100101000011100010011101010011100010111100110011110000000000000000000000000000000000000000000000000000000000000000000000000000000000000000000 1 0
1998 4.446 LR999926.1	2056173 ( 0 ) 101000011001010011101000011000110000110100101000011100010011101010011100010111100110011110000000000000000000000000000000000000000000000000000000000000000000000000000000000000000000 0 0
2018 6.670 LR999926.1	2429385 ( 0 ) 101000011001010111101000011000110000110100101001011100010011101010011100010111100110011110000000000000000000000000000000000000000000000000000000000000000000000000000000000000000000 2 0
2017 6.670 LR999926.1	2429352 ( 0 ) 101000011001010111101000011000110000110100101001011100010011101010011100010111100110011110000000000000000000000000000000000000000000000000000000000000000000000000000000000000000000 0 0
2155 7.781 LR999926.1	3408312 ( 0 ) 100000011001010111101000011000110000110100101001011100010011101010011100010111100110011110000000000000000000000000000000000000000000000000000000000000000000000000000000000000000000 1 0
2272 7.781 LR999926.1	4522472 ( 0 ) 100000011001010111101000011000110000110100101001011100010011101010011100010111100110011110000000000000000000000000000000000000000000000000000000000000000000000000000000000000000000 0 0
2153 7.781 LR999926.1	3408204 ( 0 ) 100000011001010111101000011000110000110100101001011100010011101010011100010111100110011110000000000000000000000000000000000000000000000000000000000000000000000000000000000000000000 0 0
2128 8.893 LR999926.1	3328705 ( 0 ) 100000011001010111101000011000110000010100101001011100010011101010011100010111100110011110000000000000000000000000000000000000000000000000000000000000000000000000000000000000000000 1 0
2097 8.893 LR999926.1	3214706 ( 0 ) 100000011001010111101000011000110000010100101001011100010011101010011100010111100110011110000000000000000000000000000000000000000000000000000000000000000000000000000000000000000000 0 0
2130 8.893 LR999926.1	3328710 ( 0 ) 100000011001010111101000011000110000010100101001011100010011101010011100010111100110011110000000000000000000000000000000000000000000000000000000000000000000000000000000000000000000 0 0
2111 8.893 LR999926.1	3276082 ( 0 ) 100000011001010111101000011000110000010100101001011100010011101010011100010111100110011110000000000000000000000000000000000000000000000000000000000000000000000000000000000000000000 0 0
2151 8.893 LR999926.1	3408118 ( 0 ) 100000011001010111101000011000110000010100101001011100010011101010011100010111100110011110000000000000000000000000000000000000000000000000000000000000000000000000000000000000000000 0 0
25199 8.893 LR999941.1	3826942 ( 0 ) 100000011001010111101000011000110000010100101001011100010011101010011100010111100110011110000000000000000000000000000000000000000000000000000000000000000000000000000000000000000000 0 0
25191 8.893 LR999941.1	3826860 ( 0 ) 100000011001010111101000011000110000010100101001011100010011101010011100010111100110011110000000000000000000000000000000000000000000000000000000000000000000000000000000000000000000 0 0
2211 8.893 LR999926.1	3971988 ( 0 ) 100000011001010111101000011000110000010100101001011100010011101010011100010111100110011110000000000000000000000000000000000000000000000000000000000000000000000000000000000000000000 0 0
25194 8.893 LR999941.1	3826888 ( 0 ) 100000011001010111101000011000110000010100101001011100010011101010011100010111100110011110000000000000000000000000000000000000000000000000000000000000000000000000000000000000000000 0 0
25192 8.893 LR999941.1	3826862 ( 0 ) 100000011001010111101000011000110000010100101001011100010011101010011100010111100110011110000000000000000000000000000000000000000000000000000000000000000000000000000000000000000000 0 0
2110 8.893 LR999926.1	3276069 ( 0 ) 100000011001010111101000011000110000010100101001011100010011101010011100010111100110011110000000000000000000000000000000000000000000000000000000000000000000000000000000000000000000 0 0
2072 8.893 LR999926.1	2977271 ( 0 ) 100000011001010111101000011000110000010100101001011100010011101010011100010111100110011110000000000000000000000000000000000000000000000000000000000000000000000000000000000000000000 0 0
25193 8.893 LR999941.1	3826885 ( 0 ) 100000011001010111101000011000110000010100101001011100010011101010011100010111100110011110000000000000000000000000000000000000000000000000000000000000000000000000000000000000000000 0 0
2096 8.893 LR999926.1	3214667 ( 0 ) 100000011001010111101000011000110000010100101001011100010011101010011100010111100110011110000000000000000000000000000000000000000000000000000000000000000000000000000000000000000000 0 0
25195 8.893 LR999941.1	3826893 ( 0 ) 100000011001010111101000011000110000010100101001011100010011101010011100010111100110011110000000000000000000000000000000000000000000000000000000000000000000000000000000000000000000 0 0
2326 10.004 LR999926.1	4747214 ( 0 ) 100000011001010111101000001000110000010100101001011100010011101010011100010111100110011110000000000000000000000000000000000000000000000000000000000000000000000000000000000000000000 1 0
2285 10.004 LR999926.1	4522570 ( 0 ) 100000011001010111101000001000110000010100101001011100010011101010011100010111100110011110000000000000000000000000000000000000000000000000000000000000000000000000000000000000000000 0 0
2329 10.004 LR999926.1	4747261 ( 0 ) 100000011001010111101000001000110000010100101001011100010011101010011100010111100110011110000000000000000000000000000000000000000000000000000000000000000000000000000000000000000000 0 0
2208 10.004 LR999926.1	3971976 ( 0 ) 100000011001010111101000001000110000010100101001011100010011101010011100010111100110011110000000000000000000000000000000000000000000000000000000000000000000000000000000000000000000 0 0
2298 10.004 LR999926.1	4689837 ( 0 ) 100000011001010111101000001000110000010100101001011100010011101010011100010111100110011110000000000000000000000000000000000000000000000000000000000000000000000000000000000000000000 0 0
2312 10.004 LR999926.1	4729367 ( 0 ) 100000011001010111101000001000110000010100101001011100010011101010011100010111100110011110000000000000000000000000000000000000000000000000000000000000000000000000000000000000000000 0 0
2295 10.004 LR999926.1	4689809 ( 0 ) 100000011001010111101000001000110000010100101001011100010011101010011100010111100110011110000000000000000000000000000000000000000000000000000000000000000000000000000000000000000000 0 0
2245 10.004 LR999926.1	4397047 ( 0 ) 100000011001010111101000001000110000010100101001011100010011101010011100010111100110011110000000000000000000000000000000000000000000000000000000000000000000000000000000000000000000 0 0
2293 10.004 LR999926.1	4689800 ( 0 ) 100000011001010111101000001000110000010100101001011100010011101010011100010111100110011110000000000000000000000000000000000000000000000000000000000000000000000000000000000000000000 0 0
2271 10.004 LR999926.1	4522466 ( 0 ) 100000011001010111101000001000110000010100101001011100010011101010011100010111100110011110000000000000000000000000000000000000000000000000000000000000000000000000000000000000000000 0 0
2207 10.004 LR999926.1	3971970 ( 0 ) 100000011001010111101000001000110000010100101001011100010011101010011100010111100110011110000000000000000000000000000000000000000000000000000000000000000000000000000000000000000000 0 0
2300 10.004 LR999926.1	4689856 ( 0 ) 100000011001010111101000001000110000010100101001011100010011101010011100010111100110011110000000000000000000000000000000000000000000000000000000000000000000000000000000000000000000 0 0
2242 10.004 LR999926.1	4396850 ( 0 ) 100000011001010111101000001000110000010100101001011100010011101010011100010111100110011110000000000000000000000000000000000000000000000000000000000000000000000000000000000000000000 0 0
2192 10.004 LR999926.1	3933865 ( 0 ) 100000011001010111101000001000110000010100101001011100010011101010011100010111100110011110000000000000000000000000000000000000000000000000000000000000000000000000000000000000000000 0 0
2229 10.004 LR999926.1	4277663 ( 0 ) 100000011001010111101000001000110000010100101001011100010011101010011100010111100110011110000000000000000000000000000000000000000000000000000000000000000000000000000000000000000000 0 0
2299 10.004 LR999926.1	4689847 ( 0 ) 100000011001010111101000001000110000010100101001011100010011101010011100010111100110011110000000000000000000000000000000000000000000000000000000000000000000000000000000000000000000 0 0
2296 10.004 LR999926.1	4689827 ( 0 ) 100000011001010111101000001000110000010100101001011100010011101010011100010111100110011110000000000000000000000000000000000000000000000000000000000000000000000000000000000000000000 0 0
2257 10.004 LR999926.1	4474612 ( 0 ) 100000011001010111101000001000110000010100101001011100010011101010011100010111100110011110000000000000000000000000000000000000000000000000000000000000000000000000000000000000000000 0 0
2234 10.004 LR999926.1	4379653 ( 0 ) 100000011001010111101000001000110000010100101001011100010011101010011100010111100110011110000000000000000000000000000000000000000000000000000000000000000000000000000000000000000000 0 0
2185 10.004 LR999926.1	3827718 ( 0 ) 100000011001010111101000001000110000010100101001011100010011101010011100010111100110011110000000000000000000000000000000000000000000000000000000000000000000000000000000000000000000 0 0
2246 10.004 LR999926.1	4397049 ( 0 ) 100000011001010111101000001000110000010100101001011100010011101010011100010111100110011110000000000000000000000000000000000000000000000000000000000000000000000000000000000000000000 0 0
2199 10.004 LR999926.1	3934139 ( 0 ) 100000011001010111101000001000110000010100101001011100010011101010011100010111100110011110000000000000000000000000000000000000000000000000000000000000000000000000000000000000000000 0 0
2261 10.004 LR999926.1	4474959 ( 0 ) 100000011001010111101000001000110000010100101001011100010011101010011100010111100110011110000000000000000000000000000000000000000000000000000000000000000000000000000000000000000000 0 0
2235 10.004 LR999926.1	4379809 ( 0 ) 100000011001010111101000001000110000010100101001011100010011101010011100010111100110011110000000000000000000000000000000000000000000000000000000000000000000000000000000000000000000 0 0
2186 10.004 LR999926.1	3827743 ( 0 ) 100000011001010111101000001000110000010100101001011100010011101010011100010111100110011110000000000000000000000000000000000000000000000000000000000000000000000000000000000000000000 0 0
2301 10.004 LR999926.1	4689860 ( 0 ) 100000011001010111101000001000110000010100101001011100010011101010011100010111100110011110000000000000000000000000000000000000000000000000000000000000000000000000000000000000000000 0 0
2292 10.004 LR999926.1	4689795 ( 0 ) 100000011001010111101000001000110000010100101001011100010011101010011100010111100110011110000000000000000000000000000000000000000000000000000000000000000000000000000000000000000000 0 0
2294 10.004 LR999926.1	4689807 ( 0 ) 100000011001010111101000001000110000010100101001011100010011101010011100010111100110011110000000000000000000000000000000000000000000000000000000000000000000000000000000000000000000 0 0
2284 10.004 LR999926.1	4522569 ( 0 ) 100000011001010111101000001000110000010100101001011100010011101010011100010111100110011110000000000000000000000000000000000000000000000000000000000000000000000000000000000000000000 0 0
2250 10.004 LR999926.1	4397149 ( 0 ) 100000011001010111101000001000110000010100101001011100010011101010011100010111100110011110000000000000000000000000000000000000000000000000000000000000000000000000000000000000000000 0 0
2302 10.004 LR999926.1	4690138 ( 0 ) 100000011001010111101000001000110000010100101001011100010011101010011100010111100110011110000000000000000000000000000000000000000000000000000000000000000000000000000000000000000000 0 0
2297 10.004 LR999926.1	4689829 ( 0 ) 100000011001010111101000001000110000010100101001011100010011101010011100010111100110011110000000000000000000000000000000000000000000000000000000000000000000000000000000000000000000 0 0
2193 10.004 LR999926.1	3933871 ( 0 ) 100000011001010111101000001000110000010100101001011100010011101010011100010111100110011110000000000000000000000000000000000000000000000000000000000000000000000000000000000000000000 0 0
2187 10.004 LR999926.1	3827746 ( 0 ) 100000011001010111101000001000110000010100101001011100010011101010011100010111100110011110000000000000000000000000000000000000000000000000000000000000000000000000000000000000000000 0 0
2251 10.004 LR999926.1	4397152 ( 0 ) 100000011001010111101000001000110000010100101001011100010011101010011100010111100110011110000000000000000000000000000000000000000000000000000000000000000000000000000000000000000000 0 0
2431 13.342 LR999926.1	5767328 ( 0 ) 100000011001010111001001001000110000010100101001011100010011001010011100010111100110011110000000000000000000000000000000000000000000000000000000000000000000000000000000000000000000 3 0
2480 13.342 LR999926.1	6222731 ( 0 ) 100000011001010111001001001000110000010100101001011100010011001010011100010111100110011110000000000000000000000000000000000000000000000000000000000000000000000000000000000000000000 0 0
2479 13.342 LR999926.1	6164438 ( 0 ) 100000011001010111001001001000110000010100101001011100010011001010011100010111100110011110000000000000000000000000000000000000000000000000000000000000000000000000000000000000000000 0 0
2408 13.342 LR999926.1	5722186 ( 0 ) 100000011001010111001001001000110000010100101001011100010011001010011100010111100110011110000000000000000000000000000000000000000000000000000000000000000000000000000000000000000000 0 0
2436 13.342 LR999926.1	5767354 ( 0 ) 100000011001010111001001001000110000010100101001011100010011001010011100010111100110011110000000000000000000000000000000000000000000000000000000000000000000000000000000000000000000 0 0
2477 13.342 LR999926.1	6164209 ( 0 ) 100000011001010111001001001000110000010100101001011100010011001010011100010111100110011110000000000000000000000000000000000000000000000000000000000000000000000000000000000000000000 0 0
2438 13.342 LR999926.1	5767363 ( 0 ) 100000011001010111001001001000110000010100101001011100010011001010011100010111100110011110000000000000000000000000000000000000000000000000000000000000000000000000000000000000000000 0 0
2447 13.342 LR999926.1	5856298 ( 0 ) 100000011001010111001001001000110000010100101001011100010011001010011100010111100110011110000000000000000000000000000000000000000000000000000000000000000000000000000000000000000000 0 0
2429 13.342 LR999926.1	5767324 ( 0 ) 100000011001010111001001001000110000010100101001011100010011001010011100010111100110011110000000000000000000000000000000000000000000000000000000000000000000000000000000000000000000 0 0
2448 13.342 LR999926.1	5856454 ( 0 ) 100000011001010111001001001000110000010100101001011100010011001010011100010111100110011110000000000000000000000000000000000000000000000000000000000000000000000000000000000000000000 0 0
2503 14.453 LR999926.1	6420647 ( 0 ) 100000011001010111001001001000110000010100101001011100010011001010011100010111100110010110000000000000000000000000000000000000000000000000000000000000000000000000000000000000000000 1 0
2507 14.453 LR999926.1	6420692 ( 0 ) 100000011001010111001001001000110000010100101001011100010011001010011100010111100110010110000000000000000000000000000000000000000000000000000000000000000000000000000000000000000000 0 0
2496 14.453 LR999926.1	6420489 ( 0 ) 100000011001010111001001001000110000010100101001011100010011001010011100010111100110010110000000000000000000000000000000000000000000000000000000000000000000000000000000000000000000 0 0
2499 14.453 LR999926.1	6420509 ( 0 ) 100000011001010111001001001000110000010100101001011100010011001010011100010111100110010110000000000000000000000000000000000000000000000000000000000000000000000000000000000000000000 0 0
2610 16.677 LR999926.1	7824569 ( 0 ) 100000011001010111001001001000110000010001101001011100010011001010011100010111100110010110000000000000000000000000000000000000000000000000000000000000000000000000000000000000000000 2 0
2530 17.788 LR999926.1	7295380 ( 0 ) 100000011001000111001001001000110000010001101001011100010011001010011100010111100110010110000000000000000000000000000000000000000000000000000000000000000000000000000000000000000000 1 0
2588 17.788 LR999926.1	7749661 ( 0 ) 100000011001000111001001001000110000010001101001011100010011001010011100010111100110010110000000000000000000000000000000000000000000000000000000000000000000000000000000000000000000 0 0
2543 17.788 LR999926.1	7299411 ( 0 ) 100000011001000111001001001000110000010001101001011100010011001010011100010111100110010110000000000000000000000000000000000000000000000000000000000000000000000000000000000000000000 0 0
2592 17.788 LR999926.1	7749762 ( 0 ) 100000011001000111001001001000110000010001101001011100010011001010011100010111100110010110000000000000000000000000000000000000000000000000000000000000000000000000000000000000000000 0 0
2565 17.788 LR999926.1	7473015 ( 0 ) 100000011001000111001001001000110000010001101001011100010011001010011100010111100110010110000000000000000000000000000000000000000000000000000000000000000000000000000000000000000000 0 0
2609 17.788 LR999926.1	7824568 ( 0 ) 100000011001000111001001001000110000010001101001011100010011001010011100010111100110010110000000000000000000000000000000000000000000000000000000000000000000000000000000000000000000 0 0
2590 17.788 LR999926.1	7749712 ( 0 ) 100000011001000111001001001000110000010001101001011100010011001010011100010111100110010110000000000000000000000000000000000000000000000000000000000000000000000000000000000000000000 0 0
2582 17.788 LR999926.1	7569248 ( 0 ) 100000011001000111001001001000110000010001101001011100010011001010011100010111100110010110000000000000000000000000000000000000000000000000000000000000000000000000000000000000000000 0 0
2545 17.788 LR999926.1	7299437 ( 0 ) 100000011001000111001001001000110000010001101001011100010011001010011100010111100110010110000000000000000000000000000000000000000000000000000000000000000000000000000000000000000000 0 0
2529 17.788 LR999926.1	7185061 ( 0 ) 100000011001000111001001001000110000010001101001011100010011001010011100010111100110010110000000000000000000000000000000000000000000000000000000000000000000000000000000000000000000 0 0
2593 17.788 LR999926.1	7749854 ( 0 ) 100000011001000111001001001000110000010001101001011100010011001010011100010111100110010110000000000000000000000000000000000000000000000000000000000000000000000000000000000000000000 0 0
2562 17.788 LR999926.1	7472869 ( 0 ) 100000011001000111001001001000110000010001101001011100010011001010011100010111100110010110000000000000000000000000000000000000000000000000000000000000000000000000000000000000000000 0 0
2527 17.788 LR999926.1	7185028 ( 0 ) 100000011001000111001001001000110000010001101001011100010011001010011100010111100110010110000000000000000000000000000000000000000000000000000000000000000000000000000000000000000000 0 0
2633 17.788 LR999926.1	7824896 ( 0 ) 100000011001000111001001001000110000010001101001011100010011001010011100010111100110010110000000000000000000000000000000000000000000000000000000000000000000000000000000000000000000 0 0
2566 17.788 LR999926.1	7535836 ( 0 ) 100000011001000111001001001000110000010001101001011100010011001010011100010111100110010110000000000000000000000000000000000000000000000000000000000000000000000000000000000000000000 0 0
2547 17.788 LR999926.1	7299482 ( 0 ) 100000011001000111001001001000110000010001101001011100010011001010011100010111100110010110000000000000000000000000000000000000000000000000000000000000000000000000000000000000000000 0 0
2591 17.788 LR999926.1	7749728 ( 0 ) 100000011001000111001001001000110000010001101001011100010011001010011100010111100110010110000000000000000000000000000000000000000000000000000000000000000000000000000000000000000000 0 0
2518 17.788 LR999926.1	6695922 ( 0 ) 100000011001000111001001001000110000010001101001011100010011001010011100010111100110010110000000000000000000000000000000000000000000000000000000000000000000000000000000000000000000 0 0
2540 17.788 LR999926.1	7299307 ( 0 ) 100000011001000111001001001000110000010001101001011100010011001010011100010111100110010110000000000000000000000000000000000000000000000000000000000000000000000000000000000000000000 0 0
2677 18.900 LR999926.1	8581114 ( 0 ) 000000011001000111001001001000110000010001101001011100010011001010011100010111100110010110000000000000000000000000000000000000000000000000000000000000000000000000000000000000000000 1 0
2725 18.900 LR999926.1	8844744 ( 0 ) 000000011001000111001001001000110000010001101001011100010011001010011100010111100110010110000000000000000000000000000000000000000000000000000000000000000000000000000000000000000000 0 0
2736 18.900 LR999926.1	8845043 ( 0 ) 000000011001000111001001001000110000010001101001011100010011001010011100010111100110010110000000000000000000000000000000000000000000000000000000000000000000000000000000000000000000 0 0
2679 18.900 LR999926.1	8581286 ( 0 ) 000000011001000111001001001000110000010001101001011100010011001010011100010111100110010110000000000000000000000000000000000000000000000000000000000000000000000000000000000000000000 0 0
2742 21.123 LR999926.1	8959425 ( 0 ) 000000011001000111001001001000110000010001101001011100000011001010011100010111100110010111000000000000000000000000000000000000000000000000000000000000000000000000000000000000000000 2 0
2741 21.123 LR999926.1	8959393 ( 0 ) 000000011001000111001001001000110000010001101001011100000011001010011100010111100110010111000000000000000000000000000000000000000000000000000000000000000000000000000000000000000000 0 0
2744 21.123 LR999926.1	8959546 ( 0 ) 000000011001000111001001001000110000010001101001011100000011001010011100010111100110010111000000000000000000000000000000000000000000000000000000000000000000000000000000000000000000 0 0
2753 23.347 LR999926.1	9165397 ( 0 ) 000000011001000111001001001000110000010001111001011100000011001010011100010101100110010111000000000000000000000000000000000000000000000000000000000000000000000000000000000000000000 2 0
13147 23.347 LR999932.1	11015584 ( 0 ) 000000011001000111001001001000110000010001111001011100000011001010011100010101100110010111000000000000000000000000000000000000000000000000000000000000000000000000000000000000000000 0 0
13144 23.347 LR999932.1	11015546 ( 0 ) 000000011001000111001001001000110000010001111001011100000011001010011100010101100110010111000000000000000000000000000000000000000000000000000000000000000000000000000000000000000000 0 0
2770 24.458 LR999926.1	9814150 ( 0 ) 000000011001000111001001001000110000010001111001011100000011001010011100010101100110000111000000000000000000000000000000000000000000000000000000000000000000000000000000000000000000 1 0
2798 24.458 LR999926.1	9912924 ( 0 ) 000000011001000111001001001000110000010001111001011100000011001010011100010101100110000111000000000000000000000000000000000000000000000000000000000000000000000000000000000000000000 0 0
2759 24.458 LR999926.1	9516670 ( 0 ) 000000011001000111001001001000110000010001111001011100000011001010011100010101100110000111000000000000000000000000000000000000000000000000000000000000000000000000000000000000000000 0 0
2781 24.458 LR999926.1	9814417 ( 0 ) 000000011001000111001001001000110000010001111001011100000011001010011100010101100110000111000000000000000000000000000000000000000000000000000000000000000000000000000000000000000000 0 0
2757 24.458 LR999926.1	9516648 ( 0 ) 000000011001000111001001001000110000010001111001011100000011001010011100010101100110000111000000000000000000000000000000000000000000000000000000000000000000000000000000000000000000 0 0
2775 24.458 LR999926.1	9814214 ( 0 ) 000000011001000111001001001000110000010001111001011100000011001010011100010101100110000111000000000000000000000000000000000000000000000000000000000000000000000000000000000000000000 0 0
2758 24.458 LR999926.1	9516649 ( 0 ) 000000011001000111001001001000110000010001111001011100000011001010011100010101100110000111000000000000000000000000000000000000000000000000000000000000000000000000000000000000000000 0 0
2774 24.458 LR999926.1	9814205 ( 0 ) 000000011001000111001001001000110000010001111001011100000011001010011100010101100110000111000000000000000000000000000000000000000000000000000000000000000000000000000000000000000000 0 0
2779 24.458 LR999926.1	9814373 ( 0 ) 000000011001000111001001001000110000010001111001011100000011001010011100010101100110000111000000000000000000000000000000000000000000000000000000000000000000000000000000000000000000 0 0
2760 24.458 LR999926.1	9516722 ( 0 ) 000000011001000111001001001000110000010001111001011100000011001010011100010101100110000111000000000000000000000000000000000000000000000000000000000000000000000000000000000000000000 0 0
2780 24.458 LR999926.1	9814415 ( 0 ) 000000011001000111001001001000110000010001111001011100000011001010011100010101100110000111000000000000000000000000000000000000000000000000000000000000000000000000000000000000000000 0 0
2756 24.458 LR999926.1	9516626 ( 0 ) 000000011001000111001001001000110000010001111001011100000011001010011100010101100110000111000000000000000000000000000000000000000000000000000000000000000000000000000000000000000000 0 0
2776 24.458 LR999926.1	9814321 ( 0 ) 000000011001000111001001001000110000010001111001011100000011001010011100010101100110000111000000000000000000000000000000000000000000000000000000000000000000000000000000000000000000 0 0
2867 34.595 LR999926.1	10970172 ( 0 ) 000001011011000101000001001001111001010001111001011001000011001010011100010101100110000111000000000000000000000000000000000000000000000000000000000000000000000000000000000000000000 9 0
2859 34.595 LR999926.1	10936408 ( 0 ) 000001011011000101000001001001111001010001111001011001000011001010011100010101100110000111000000000000000000000000000000000000000000000000000000000000000000000000000000000000000000 0 0
2868 34.595 LR999926.1	10970233 ( 0 ) 000001011011000101000001001001111001010001111001011001000011001010011100010101100110000111000000000000000000000000000000000000000000000000000000000000000000000000000000000000000000 0 0
3042 34.595 LR999926.1	12115580 ( 0 ) 000001011011000101000001001001111001010001111001011001000011001010011100010101100110000111000000000000000000000000000000000000000000000000000000000000000000000000000000000000000000 0 0
2865 35.706 LR999926.1	10970115 ( 0 ) 000001011011000101000001001001111001010001111001011001000011001010010100010101100110000111000000000000000000000000000000000000000000000000000000000000000000000000000000000000000000 1 0
2891 35.706 LR999926.1	11101146 ( 0 ) 000001011011000101000001001001111001010001111001011001000011001010010100010101100110000111000000000000000000000000000000000000000000000000000000000000000000000000000000000000000000 0 0
2881 35.706 LR999926.1	11042728 ( 0 ) 000001011011000101000001001001111001010001111001011001000011001010010100010101100110000111000000000000000000000000000000000000000000000000000000000000000000000000000000000000000000 0 0
2929 35.706 LR999926.1	11211328 ( 0 ) 000001011011000101000001001001111001010001111001011001000011001010010100010101100110000111000000000000000000000000000000000000000000000000000000000000000000000000000000000000000000 0 0
2923 35.706 LR999926.1	11188076 ( 0 ) 000001011011000101000001001001111001010001111001011001000011001010010100010101100110000111000000000000000000000000000000000000000000000000000000000000000000000000000000000000000000 0 0
2899 35.706 LR999926.1	11101220 ( 0 ) 000001011011000101000001001001111001010001111001011001000011001010010100010101100110000111000000000000000000000000000000000000000000000000000000000000000000000000000000000000000000 0 0
2925 35.706 LR999926.1	11188104 ( 0 ) 000001011011000101000001001001111001010001111001011001000011001010010100010101100110000111000000000000000000000000000000000000000000000000000000000000000000000000000000000000000000 0 0
2917 35.706 LR999926.1	11187631 ( 0 ) 000001011011000101000001001001111001010001111001011001000011001010010100010101100110000111000000000000000000000000000000000000000000000000000000000000000000000000000000000000000000 0 0
2957 35.706 LR999926.1	11371995 ( 0 ) 000001011011000101000001001001111001010001111001011001000011001010010100010101100110000111000000000000000000000000000000000000000000000000000000000000000000000000000000000000000000 0 0
2936 35.706 LR999926.1	11211465 ( 0 ) 000001011011000101000001001001111001010001111001011001000011001010010100010101100110000111000000000000000000000000000000000000000000000000000000000000000000000000000000000000000000 0 0
2943 35.706 LR999926.1	11211535 ( 0 ) 000001011011000101000001001001111001010001111001011001000011001010010100010101100110000111000000000000000000000000000000000000000000000000000000000000000000000000000000000000000000 0 0
2860 35.706 LR999926.1	10936417 ( 0 ) 000001011011000101000001001001111001010001111001011001000011001010010100010101100110000111000000000000000000000000000000000000000000000000000000000000000000000000000000000000000000 0 0
2918 35.706 LR999926.1	11187745 ( 0 ) 000001011011000101000001001001111001010001111001011001000011001010010100010101100110000111000000000000000000000000000000000000000000000000000000000000000000000000000000000000000000 0 0
2880 35.706 LR999926.1	11042663 ( 0 ) 000001011011000101000001001001111001010001111001011001000011001010010100010101100110000111000000000000000000000000000000000000000000000000000000000000000000000000000000000000000000 0 0
2845 35.706 LR999926.1	10757514 ( 0 ) 000001011011000101000001001001111001010001111001011001000011001010010100010101100110000111000000000000000000000000000000000000000000000000000000000000000000000000000000000000000000 0 0
2930 35.706 LR999926.1	11211329 ( 0 ) 000001011011000101000001001001111001010001111001011001000011001010010100010101100110000111000000000000000000000000000000000000000000000000000000000000000000000000000000000000000000 0 0
2920 35.706 LR999926.1	11188008 ( 0 ) 000001011011000101000001001001111001010001111001011001000011001010010100010101100110000111000000000000000000000000000000000000000000000000000000000000000000000000000000000000000000 0 0
2893 35.706 LR999926.1	11101150 ( 0 ) 000001011011000101000001001001111001010001111001011001000011001010010100010101100110000111000000000000000000000000000000000000000000000000000000000000000000000000000000000000000000 0 0
2956 35.706 LR999926.1	11311711 ( 0 ) 000001011011000101000001001001111001010001111001011001000011001010010100010101100110000111000000000000000000000000000000000000000000000000000000000000000000000000000000000000000000 0 0
2961 35.706 LR999926.1	11372120 ( 0 ) 000001011011000101000001001001111001010001111001011001000011001010010100010101100110000111000000000000000000000000000000000000000000000000000000000000000000000000000000000000000000 0 0
2967 35.706 LR999926.1	11383907 ( 0 ) 000001011011000101000001001001111001010001111001011001000011001010010100010101100110000111000000000000000000000000000000000000000000000000000000000000000000000000000000000000000000 0 0
2978 36.818 LR999926.1	11566944 ( 0 ) 000001011011000101000001001001111001010001111001011001000011001010000100010101100110000111000000000000000000000000000000000000000000000000000000000000000000000000000000000000000000 1 0
2878 36.818 LR999926.1	11042615 ( 0 ) 000001011011000101000001001001111001010001111001011001000011001010000100010101100110000111000000000000000000000000000000000000000000000000000000000000000000000000000000000000000000 0 0
2975 36.818 LR999926.1	11566628 ( 0 ) 000001011011000101000001001001111001010001111001011001000011001010000100010101100110000111000000000000000000000000000000000000000000000000000000000000000000000000000000000000000000 0 0
3060 39.041 LR999926.1	12537757 ( 0 ) 000001011011000101000001001001111001010001111001011001000011001010000100010101000010000111000000000000000000000000000000000000000000000000000000000000000000000000000000000000000000 2 0
3058 39.041 LR999926.1	12537701 ( 0 ) 000001011011000101000001001001111001010001111001011001000011001010000100010101000010000111000000000000000000000000000000000000000000000000000000000000000000000000000000000000000000 0 0
3067 40.153 LR999926.1	12545526 ( 0 ) 000001011011000101000001001001111001010001111001011001000011001010000100010100000010000111000000000000000000000000000000000000000000000000000000000000000000000000000000000000000000 1 0
2991 40.153 LR999926.1	11661531 ( 0 ) 000001011011000101000001001001111001010001111001011001000011001010000100010100000010000111000000000000000000000000000000000000000000000000000000000000000000000000000000000000000000 0 0
2992 40.153 LR999926.1	11661532 ( 0 ) 000001011011000101000001001001111001010001111001011001000011001010000100010100000010000111000000000000000000000000000000000000000000000000000000000000000000000000000000000000000000 0 0
3097 42.376 LR999926.1	12895416 ( 0 ) 000001011011000101000001001001111011010001111001011011000011001010000100010100000010000111000000000000000000000000000000000000000000000000000000000000000000000000000000000000000000 2 0
3129 42.376 LR999926.1	13404352 ( 0 ) 000001011011000101000001001001111011010001111001011011000011001010000100010100000010000111000000000000000000000000000000000000000000000000000000000000000000000000000000000000000000 0 0
3146 42.376 LR999926.1	13482620 ( 0 ) 000001011011000101000001001001111011010001111001011011000011001010000100010100000010000111000000000000000000000000000000000000000000000000000000000000000000000000000000000000000000 0 0
3179 43.488 LR999926.1	14002753 ( 0 ) 000001011011000101010001001001111011010001111001011011000011001010000100010100000010000111000000000000000000000000000000000000000000000000000000000000000000000000000000000000000000 1 0
3182 43.488 LR999926.1	14003079 ( 0 ) 000001011011000101010001001001111011010001111001011011000011001010000100010100000010000111000000000000000000000000000000000000000000000000000000000000000000000000000000000000000000 0 0
3180 43.488 LR999926.1	14002762 ( 0 ) 000001011011000101010001001001111011010001111001011011000011001010000100010100000010000111000000000000000000000000000000000000000000000000000000000000000000000000000000000000000000 0 0
3436 44.599 LR999926.1	16052163 ( 0 ) 000001011011000101010001001001111011010001111001001011000011001010000100010100000010000111000000000000000000000000000000000000000000000000000000000000000000000000000000000000000000 1 0
3213 44.599 LR999926.1	14389511 ( 0 ) 000001011011000101010001001001111011010001111001001011000011001010000100010100000010000111000000000000000000000000000000000000000000000000000000000000000000000000000000000000000000 0 0
3308 44.599 LR999926.1	15348144 ( 0 ) 000001011011000101010001001001111011010001111001001011000011001010000100010100000010000111000000000000000000000000000000000000000000000000000000000000000000000000000000000000000000 0 0
3432 44.599 LR999926.1	16052080 ( 0 ) 000001011011000101010001001001111011010001111001001011000011001010000100010100000010000111000000000000000000000000000000000000000000000000000000000000000000000000000000000000000000 0 0
3211 44.599 LR999926.1	14389508 ( 0 ) 000001011011000101010001001001111011010001111001001011000011001010000100010100000010000111000000000000000000000000000000000000000000000000000000000000000000000000000000000000000000 0 0
3359 44.599 LR999926.1	15440888 ( 0 ) 000001011011000101010001001001111011010001111001001011000011001010000100010100000010000111000000000000000000000000000000000000000000000000000000000000000000000000000000000000000000 0 0
3197 44.599 LR999926.1	14106461 ( 0 ) 000001011011000101010001001001111011010001111001001011000011001010000100010100000010000111000000000000000000000000000000000000000000000000000000000000000000000000000000000000000000 0 0
3352 44.599 LR999926.1	15440823 ( 0 ) 000001011011000101010001001001111011010001111001001011000011001010000100010100000010000111000000000000000000000000000000000000000000000000000000000000000000000000000000000000000000 0 0
3354 44.599 LR999926.1	15440860 ( 0 ) 000001011011000101010001001001111011010001111001001011000011001010000100010100000010000111000000000000000000000000000000000000000000000000000000000000000000000000000000000000000000 0 0
3427 44.599 LR999926.1	16051876 ( 0 ) 000001011011000101010001001001111011010001111001001011000011001010000100010100000010000111000000000000000000000000000000000000000000000000000000000000000000000000000000000000000000 0 0
3290 44.599 LR999926.1	15115894 ( 0 ) 000001011011000101010001001001111011010001111001001011000011001010000100010100000010000111000000000000000000000000000000000000000000000000000000000000000000000000000000000000000000 0 0
3307 44.599 LR999926.1	15348141 ( 0 ) 000001011011000101010001001001111011010001111001001011000011001010000100010100000010000111000000000000000000000000000000000000000000000000000000000000000000000000000000000000000000 0 0
3361 44.599 LR999926.1	15440897 ( 0 ) 000001011011000101010001001001111011010001111001001011000011001010000100010100000010000111000000000000000000000000000000000000000000000000000000000000000000000000000000000000000000 0 0
3444 44.599 LR999926.1	16238787 ( 0 ) 000001011011000101010001001001111011010001111001001011000011001010000100010100000010000111000000000000000000000000000000000000000000000000000000000000000000000000000000000000000000 0 0
3442 44.599 LR999926.1	16238770 ( 0 ) 000001011011000101010001001001111011010001111001001011000011001010000100010100000010000111000000000000000000000000000000000000000000000000000000000000000000000000000000000000000000 0 0
3350 44.599 LR999926.1	15440805 ( 0 ) 000001011011000101010001001001111011010001111001001011000011001010000100010100000010000111000000000000000000000000000000000000000000000000000000000000000000000000000000000000000000 0 0
3215 44.599 LR999926.1	14389738 ( 0 ) 000001011011000101010001001001111011010001111001001011000011001010000100010100000010000111000000000000000000000000000000000000000000000000000000000000000000000000000000000000000000 0 0
3357 44.599 LR999926.1	15440877 ( 0 ) 000001011011000101010001001001111011010001111001001011000011001010000100010100000010000111000000000000000000000000000000000000000000000000000000000000000000000000000000000000000000 0 0
3458 44.599 LR999926.1	16328625 ( 0 ) 000001011011000101010001001001111011010001111001001011000011001010000100010100000010000111000000000000000000000000000000000000000000000000000000000000000000000000000000000000000000 0 0
3428 44.599 LR999926.1	16051887 ( 0 ) 000001011011000101010001001001111011010001111001001011000011001010000100010100000010000111000000000000000000000000000000000000000000000000000000000000000000000000000000000000000000 0 0
3217 44.599 LR999926.1	14389788 ( 0 ) 000001011011000101010001001001111011010001111001001011000011001010000100010100000010000111000000000000000000000000000000000000000000000000000000000000000000000000000000000000000000 0 0
3443 44.599 LR999926.1	16238781 ( 0 ) 000001011011000101010001001001111011010001111001001011000011001010000100010100000010000111000000000000000000000000000000000000000000000000000000000000000000000000000000000000000000 0 0
3431 44.599 LR999926.1	16052079 ( 0 ) 000001011011000101010001001001111011010001111001001011000011001010000100010100000010000111000000000000000000000000000000000000000000000000000000000000000000000000000000000000000000 0 0
3214 44.599 LR999926.1	14389516 ( 0 ) 000001011011000101010001001001111011010001111001001011000011001010000100010100000010000111000000000000000000000000000000000000000000000000000000000000000000000000000000000000000000 0 0
3448 44.599 LR999926.1	16238820 ( 0 ) 000001011011000101010001001001111011010001111001001011000011001010000100010100000010000111000000000000000000000000000000000000000000000000000000000000000000000000000000000000000000 0 0
3241 45.710 LR999926.1	14515362 ( 0 ) 000001011011000101010001001001111011010001110001001011000011001010000100010100000010000111000000000000000000000000000000000000000000000000000000000000000000000000000000000000000000 1 0
3236 45.710 LR999926.1	14473137 ( 0 ) 000001011011000101010001001001111011010001110001001011000011001010000100010100000010000111000000000000000000000000000000000000000000000000000000000000000000000000000000000000000000 0 0
3240 46.821 LR999926.1	14473403 ( 0 ) 000001011011000101010001001001111011010001100001001011000011001010000100010100000010000111000000000000000000000000000000000000000000000000000000000000000000000000000000000000000000 1 0
