#*** LG = 0 likelihood = -2539.6586
#marker_number	male_position	female_position	( 0.0 )[	phased data]
20038 0.000 LR999937.1	278053 ( 0 ) 010001010100010000100011100111100001000101001011101110001011110110011100010000111110000000000000000000000000000000000000000000000000000000000000000000000000000000000000000000000000 0 0
20038 0.000 LR999937.1	278053 ( 0 ) 010001010100010000100011100111100001000101001011101110001011110110011100010000111110000000000000000000000000000000000000000000000000000000000000000000000000000000000000000000000000 0 0
20037 0.000 LR999937.1	278050 ( 0 ) 010001010100010000100011100111100001000101001011101110001011110110011100010000111110000000000000000000000000000000000000000000000000000000000000000000000000000000000000000000000000 0 0
20067 1.111 LR999937.1	371698 ( 0 ) 010001010100010000100011100111100001000101001011001110001011110110011100010000111110000000000000000000000000000000000000000000000000000000000000000000000000000000000000000000000000 1 0
19990 3.335 LR999937.1	109515 ( 0 ) 010001010100010000100011100111100001000101001011001110001011110100011100110000111110000000000000000000000000000000000000000000000000000000000000000000000000000000000000000000000000 2 0
19995 3.335 LR999937.1	109556 ( 0 ) 010001010100010000100011100111100001000101001011001110001011110100011100110000111110000000000000000000000000000000000000000000000000000000000000000000000000000000000000000000000000 0 0
19994 3.335 LR999937.1	109555 ( 0 ) 010001010100010000100011100111100001000101001011001110001011110100011100110000111110000000000000000000000000000000000000000000000000000000000000000000000000000000000000000000000000 0 0
19996 3.335 LR999937.1	109566 ( 0 ) 010001010100010000100011100111100001000101001011001110001011110100011100110000111110000000000000000000000000000000000000000000000000000000000000000000000000000000000000000000000000 0 0
19991 3.335 LR999937.1	109534 ( 0 ) 010001010100010000100011100111100001000101001011001110001011110100011100110000111110000000000000000000000000000000000000000000000000000000000000000000000000000000000000000000000000 0 0
19985 3.335 LR999937.1	109460 ( 0 ) 010001010100010000100011100111100001000101001011001110001011110100011100110000111110000000000000000000000000000000000000000000000000000000000000000000000000000000000000000000000000 0 0
20004 3.335 LR999937.1	160487 ( 0 ) 010001010100010000100011100111100001000101001011001110001011110100011100110000111110000000000000000000000000000000000000000000000000000000000000000000000000000000000000000000000000 0 0
20005 3.335 LR999937.1	160493 ( 0 ) 010001010100010000100011100111100001000101001011001110001011110100011100110000111110000000000000000000000000000000000000000000000000000000000000000000000000000000000000000000000000 0 0
20006 3.335 LR999937.1	160494 ( 0 ) 010001010100010000100011100111100001000101001011001110001011110100011100110000111110000000000000000000000000000000000000000000000000000000000000000000000000000000000000000000000000 0 0
19993 3.335 LR999937.1	109549 ( 0 ) 010001010100010000100011100111100001000101001011001110001011110100011100110000111110000000000000000000000000000000000000000000000000000000000000000000000000000000000000000000000000 0 0
19997 4.446 LR999937.1	109570 ( 0 ) 010001010100010000100011100111100001000101001011001110001011110100011100110100111110000000000000000000000000000000000000000000000000000000000000000000000000000000000000000000000000 1 0
20101 4.446 LR999937.1	600146 ( 0 ) 010001010100010000100011100111100001000101001011001110001011110100011100110100111110000000000000000000000000000000000000000000000000000000000000000000000000000000000000000000000000 0 0
20096 4.446 LR999937.1	600090 ( 0 ) 010001010100010000100011100111100001000101001011001110001011110100011100110100111110000000000000000000000000000000000000000000000000000000000000000000000000000000000000000000000000 0 0
20079 4.446 LR999937.1	562660 ( 0 ) 010001010100010000100011100111100001000101001011001110001011110100011100110100111110000000000000000000000000000000000000000000000000000000000000000000000000000000000000000000000000 0 0
20036 4.446 LR999937.1	278049 ( 0 ) 010001010100010000100011100111100001000101001011001110001011110100011100110100111110000000000000000000000000000000000000000000000000000000000000000000000000000000000000000000000000 0 0
20035 4.446 LR999937.1	277933 ( 0 ) 010001010100010000100011100111100001000101001011001110001011110100011100110100111110000000000000000000000000000000000000000000000000000000000000000000000000000000000000000000000000 0 0
20060 4.446 LR999937.1	278243 ( 0 ) 010001010100010000100011100111100001000101001011001110001011110100011100110100111110000000000000000000000000000000000000000000000000000000000000000000000000000000000000000000000000 0 0
20059 4.446 LR999937.1	278242 ( 0 ) 010001010100010000100011100111100001000101001011001110001011110100011100110100111110000000000000000000000000000000000000000000000000000000000000000000000000000000000000000000000000 0 0
20100 4.446 LR999937.1	600109 ( 0 ) 010001010100010000100011100111100001000101001011001110001011110100011100110100111110000000000000000000000000000000000000000000000000000000000000000000000000000000000000000000000000 0 0
20042 4.446 LR999937.1	278175 ( 0 ) 010001010100010000100011100111100001000101001011001110001011110100011100110100111110000000000000000000000000000000000000000000000000000000000000000000000000000000000000000000000000 0 0
20076 4.446 LR999937.1	562563 ( 0 ) 010001010100010000100011100111100001000101001011001110001011110100011100110100111110000000000000000000000000000000000000000000000000000000000000000000000000000000000000000000000000 0 0
20077 4.446 LR999937.1	562586 ( 0 ) 010001010100010000100011100111100001000101001011001110001011110100011100110100111110000000000000000000000000000000000000000000000000000000000000000000000000000000000000000000000000 0 0
20078 4.446 LR999937.1	562638 ( 0 ) 010001010100010000100011100111100001000101001011001110001011110100011100110100111110000000000000000000000000000000000000000000000000000000000000000000000000000000000000000000000000 0 0
20088 4.446 LR999937.1	599928 ( 0 ) 010001010100010000100011100111100001000101001011001110001011110100011100110100111110000000000000000000000000000000000000000000000000000000000000000000000000000000000000000000000000 0 0
20083 4.446 LR999937.1	562897 ( 0 ) 010001010100010000100011100111100001000101001011001110001011110100011100110100111110000000000000000000000000000000000000000000000000000000000000000000000000000000000000000000000000 0 0
20099 4.446 LR999937.1	600095 ( 0 ) 010001010100010000100011100111100001000101001011001110001011110100011100110100111110000000000000000000000000000000000000000000000000000000000000000000000000000000000000000000000000 0 0
20098 4.446 LR999937.1	600094 ( 0 ) 010001010100010000100011100111100001000101001011001110001011110100011100110100111110000000000000000000000000000000000000000000000000000000000000000000000000000000000000000000000000 0 0
20095 4.446 LR999937.1	600066 ( 0 ) 010001010100010000100011100111100001000101001011001110001011110100011100110100111110000000000000000000000000000000000000000000000000000000000000000000000000000000000000000000000000 0 0
20097 4.446 LR999937.1	600091 ( 0 ) 010001010100010000100011100111100001000101001011001110001011110100011100110100111110000000000000000000000000000000000000000000000000000000000000000000000000000000000000000000000000 0 0
20141 5.558 LR999937.1	922218 ( 0 ) 010001010100010000100011100111100001000101001011001110001011110100011100110100011110000000000000000000000000000000000000000000000000000000000000000000000000000000000000000000000000 1 0
20132 5.558 LR999937.1	907035 ( 0 ) 010001010100010000100011100111100001000101001011001110001011110100011100110100011110000000000000000000000000000000000000000000000000000000000000000000000000000000000000000000000000 0 0
20133 5.558 LR999937.1	907059 ( 0 ) 010001010100010000100011100111100001000101001011001110001011110100011100110100011110000000000000000000000000000000000000000000000000000000000000000000000000000000000000000000000000 0 0
20205 8.896 LR999937.1	1153504 ( 0 ) 010001010100010100100011100111100101000101001011001110001011110100011100110100011110000010000000000000000000000000000000000000000000000000000000000000000000000000000000000000000000 3 0
20198 8.896 LR999937.1	1153389 ( 0 ) 010001010100010100100011100111100101000101001011001110001011110100011100110100011110000010000000000000000000000000000000000000000000000000000000000000000000000000000000000000000000 0 0
20203 8.896 LR999937.1	1153491 ( 0 ) 010001010100010100100011100111100101000101001011001110001011110100011100110100011110000010000000000000000000000000000000000000000000000000000000000000000000000000000000000000000000 0 0
20149 8.896 LR999937.1	1019017 ( 0 ) 010001010100010100100011100111100101000101001011001110001011110100011100110100011110000010000000000000000000000000000000000000000000000000000000000000000000000000000000000000000000 0 0
20195 8.896 LR999937.1	1153376 ( 0 ) 010001010100010100100011100111100101000101001011001110001011110100011100110100011110000010000000000000000000000000000000000000000000000000000000000000000000000000000000000000000000 0 0
20230 8.896 LR999937.1	1785072 ( 0 ) 010001010100010100100011100111100101000101001011001110001011110100011100110100011110000010000000000000000000000000000000000000000000000000000000000000000000000000000000000000000000 0 0
20196 8.896 LR999937.1	1153380 ( 0 ) 010001010100010100100011100111100101000101001011001110001011110100011100110100011110000010000000000000000000000000000000000000000000000000000000000000000000000000000000000000000000 0 0
20206 8.896 LR999937.1	1153545 ( 0 ) 010001010100010100100011100111100101000101001011001110001011110100011100110100011110000010000000000000000000000000000000000000000000000000000000000000000000000000000000000000000000 0 0
20197 8.896 LR999937.1	1153381 ( 0 ) 010001010100010100100011100111100101000101001011001110001011110100011100110100011110000010000000000000000000000000000000000000000000000000000000000000000000000000000000000000000000 0 0
20260 8.896 LR999937.1	1872484 ( 0 ) 010001010100010100100011100111100101000101001011001110001011110100011100110100011110000010000000000000000000000000000000000000000000000000000000000000000000000000000000000000000000 0 0
20267 8.896 LR999937.1	1904000 ( 0 ) 010001010100010100100011100111100101000101001011001110001011110100011100110100011110000010000000000000000000000000000000000000000000000000000000000000000000000000000000000000000000 0 0
20194 8.896 LR999937.1	1153374 ( 0 ) 010001010100010100100011100111100101000101001011001110001011110100011100110100011110000010000000000000000000000000000000000000000000000000000000000000000000000000000000000000000000 0 0
20256 8.896 LR999937.1	1872441 ( 0 ) 010001010100010100100011100111100101000101001011001110001011110100011100110100011110000010000000000000000000000000000000000000000000000000000000000000000000000000000000000000000000 0 0
20254 8.896 LR999937.1	1872395 ( 0 ) 010001010100010100100011100111100101000101001011001110001011110100011100110100011110000010000000000000000000000000000000000000000000000000000000000000000000000000000000000000000000 0 0
20259 8.896 LR999937.1	1872471 ( 0 ) 010001010100010100100011100111100101000101001011001110001011110100011100110100011110000010000000000000000000000000000000000000000000000000000000000000000000000000000000000000000000 0 0
20255 8.896 LR999937.1	1872438 ( 0 ) 010001010100010100100011100111100101000101001011001110001011110100011100110100011110000010000000000000000000000000000000000000000000000000000000000000000000000000000000000000000000 0 0
20159 10.007 LR999937.1	1119181 ( 0 ) 010001010100010100100011100111100101000101001111001110001011110100011100110100011110000010000000000000000000000000000000000000000000000000000000000000000000000000000000000000000000 1 0
20157 10.007 LR999937.1	1119049 ( 0 ) 010001010100010100100011100111100101000101001111001110001011110100011100110100011110000010000000000000000000000000000000000000000000000000000000000000000000000000000000000000000000 0 0
20156 10.007 LR999937.1	1119043 ( 0 ) 010001010100010100100011100111100101000101001111001110001011110100011100110100011110000010000000000000000000000000000000000000000000000000000000000000000000000000000000000000000000 0 0
20164 10.007 LR999937.1	1119226 ( 0 ) 010001010100010100100011100111100101000101001111001110001011110100011100110100011110000010000000000000000000000000000000000000000000000000000000000000000000000000000000000000000000 0 0
20320 12.231 LR999937.1	2686438 ( 0 ) 010001010100010100100011100111100101000101001110000110001011110100011100110100011110000010000000000000000000000000000000000000000000000000000000000000000000000000000000000000000000 2 0
20301 12.231 LR999937.1	2645339 ( 0 ) 010001010100010100100011100111100101000101001110000110001011110100011100110100011110000010000000000000000000000000000000000000000000000000000000000000000000000000000000000000000000 0 0
20319 12.231 LR999937.1	2686405 ( 0 ) 010001010100010100100011100111100101000101001110000110001011110100011100110100011110000010000000000000000000000000000000000000000000000000000000000000000000000000000000000000000000 0 0
20321 12.231 LR999937.1	2686616 ( 0 ) 010001010100010100100011100111100101000101001110000110001011110100011100110100011110000010000000000000000000000000000000000000000000000000000000000000000000000000000000000000000000 0 0
21369 13.342 LR999937.1	11621957 ( 0 ) 010001010100010100100011100111100101100101001110000110001011110100011100110100011110000010000000000000000000000000000000000000000000000000000000000000000000000000000000000000000000 1 0
21307 13.342 LR999937.1	10999303 ( 0 ) 010001010100010100100011100111100101100101001110000110001011110100011100110100011110000010000000000000000000000000000000000000000000000000000000000000000000000000000000000000000000 0 0
21287 13.342 LR999937.1	10831648 ( 0 ) 010001010100010100100011100111100101100101001110000110001011110100011100110100011110000010000000000000000000000000000000000000000000000000000000000000000000000000000000000000000000 0 0
20837 14.453 LR999937.1	7900451 ( 0 ) 000001010100010100100011100111100101100101001110000110001011110100011100110100011110000010000000000000000000000000000000000000000000000000000000000000000000000000000000000000000000 1 0
20842 14.453 LR999937.1	7900618 ( 0 ) 000001010100010100100011100111100101100101001110000110001011110100011100110100011110000010000000000000000000000000000000000000000000000000000000000000000000000000000000000000000000 0 0
20455 14.453 LR999937.1	4169256 ( 0 ) 000001010100010100100011100111100101100101001110000110001011110100011100110100011110000010000000000000000000000000000000000000000000000000000000000000000000000000000000000000000000 0 0
20840 14.453 LR999937.1	7900575 ( 0 ) 000001010100010100100011100111100101100101001110000110001011110100011100110100011110000010000000000000000000000000000000000000000000000000000000000000000000000000000000000000000000 0 0
20838 14.453 LR999937.1	7900472 ( 0 ) 000001010100010100100011100111100101100101001110000110001011110100011100110100011110000010000000000000000000000000000000000000000000000000000000000000000000000000000000000000000000 0 0
20841 14.453 LR999937.1	7900583 ( 0 ) 000001010100010100100011100111100101100101001110000110001011110100011100110100011110000010000000000000000000000000000000000000000000000000000000000000000000000000000000000000000000 0 0
20457 14.453 LR999937.1	4169318 ( 0 ) 000001010100010100100011100111100101100101001110000110001011110100011100110100011110000010000000000000000000000000000000000000000000000000000000000000000000000000000000000000000000 0 0
20360 17.792 LR999937.1	3168846 ( 0 ) 000001010100010100100011100111100111100101001110000110001011110100011101110100011110000011000000000000000000000000000000000000000000000000000000000000000000000000000000000000000000 3 0
20356 17.792 LR999937.1	3168762 ( 0 ) 000001010100010100100011100111100111100101001110000110001011110100011101110100011110000011000000000000000000000000000000000000000000000000000000000000000000000000000000000000000000 0 0
20362 17.792 LR999937.1	3169121 ( 0 ) 000001010100010100100011100111100111100101001110000110001011110100011101110100011110000011000000000000000000000000000000000000000000000000000000000000000000000000000000000000000000 0 0
20361 17.792 LR999937.1	3169010 ( 0 ) 000001010100010100100011100111100111100101001110000110001011110100011101110100011110000011000000000000000000000000000000000000000000000000000000000000000000000000000000000000000000 0 0
20359 17.792 LR999937.1	3168793 ( 0 ) 000001010100010100100011100111100111100101001110000110001011110100011101110100011110000011000000000000000000000000000000000000000000000000000000000000000000000000000000000000000000 0 0
20357 17.792 LR999937.1	3168776 ( 0 ) 000001010100010100100011100111100111100101001110000110001011110100011101110100011110000011000000000000000000000000000000000000000000000000000000000000000000000000000000000000000000 0 0
20341 17.792 LR999937.1	3124795 ( 0 ) 000001010100010100100011100111100111100101001110000110001011110100011101110100011110000011000000000000000000000000000000000000000000000000000000000000000000000000000000000000000000 0 0
20355 17.792 LR999937.1	3168754 ( 0 ) 000001010100010100100011100111100111100101001110000110001011110100011101110100011110000011000000000000000000000000000000000000000000000000000000000000000000000000000000000000000000 0 0
20382 18.903 LR999937.1	3408599 ( 0 ) 000001110100010100100011100111100111100101001110000110001011110100011101110100011110000011000000000000000000000000000000000000000000000000000000000000000000000000000000000000000000 1 0
20391 18.903 LR999937.1	3408755 ( 0 ) 000001110100010100100011100111100111100101001110000110001011110100011101110100011110000011000000000000000000000000000000000000000000000000000000000000000000000000000000000000000000 0 0
20497 22.241 LR999937.1	4286538 ( 0 ) 000001110001010100100011100111110111100101001110000110001011110100011101110100011110000011000000000000000000000000000000000000000000000000000000000000000000000000000000000000000000 3 0
20496 22.241 LR999937.1	4286534 ( 0 ) 000001110001010100100011100111110111100101001110000110001011110100011101110100011110000011000000000000000000000000000000000000000000000000000000000000000000000000000000000000000000 0 0
20493 22.241 LR999937.1	4286503 ( 0 ) 000001110001010100100011100111110111100101001110000110001011110100011101110100011110000011000000000000000000000000000000000000000000000000000000000000000000000000000000000000000000 0 0
20499 22.241 LR999937.1	4286552 ( 0 ) 000001110001010100100011100111110111100101001110000110001011110100011101110100011110000011000000000000000000000000000000000000000000000000000000000000000000000000000000000000000000 0 0
20505 22.241 LR999937.1	4286783 ( 0 ) 000001110001010100100011100111110111100101001110000110001011110100011101110100011110000011000000000000000000000000000000000000000000000000000000000000000000000000000000000000000000 0 0
20503 22.241 LR999937.1	4286763 ( 0 ) 000001110001010100100011100111110111100101001110000110001011110100011101110100011110000011000000000000000000000000000000000000000000000000000000000000000000000000000000000000000000 0 0
20462 22.241 LR999937.1	4246665 ( 0 ) 000001110001010100100011100111110111100101001110000110001011110100011101110100011110000011000000000000000000000000000000000000000000000000000000000000000000000000000000000000000000 0 0
20501 22.241 LR999937.1	4286755 ( 0 ) 000001110001010100100011100111110111100101001110000110001011110100011101110100011110000011000000000000000000000000000000000000000000000000000000000000000000000000000000000000000000 0 0
20498 22.241 LR999937.1	4286551 ( 0 ) 000001110001010100100011100111110111100101001110000110001011110100011101110100011110000011000000000000000000000000000000000000000000000000000000000000000000000000000000000000000000 0 0
20500 22.241 LR999937.1	4286583 ( 0 ) 000001110001010100100011100111110111100101001110000110001011110100011101110100011110000011000000000000000000000000000000000000000000000000000000000000000000000000000000000000000000 0 0
20504 22.241 LR999937.1	4286765 ( 0 ) 000001110001010100100011100111110111100101001110000110001011110100011101110100011110000011000000000000000000000000000000000000000000000000000000000000000000000000000000000000000000 0 0
20557 22.241 LR999937.1	4620777 ( 0 ) 000001110001010100100011100111110111100101001110000110001011110100011101110100011110000011000000000000000000000000000000000000000000000000000000000000000000000000000000000000000000 0 0
20506 22.241 LR999937.1	4286836 ( 0 ) 000001110001010100100011100111110111100101001110000110001011110100011101110100011110000011000000000000000000000000000000000000000000000000000000000000000000000000000000000000000000 0 0
20494 22.241 LR999937.1	4286514 ( 0 ) 000001110001010100100011100111110111100101001110000110001011110100011101110100011110000011000000000000000000000000000000000000000000000000000000000000000000000000000000000000000000 0 0
20495 22.241 LR999937.1	4286526 ( 0 ) 000001110001010100100011100111110111100101001110000110001011110100011101110100011110000011000000000000000000000000000000000000000000000000000000000000000000000000000000000000000000 0 0
20553 22.241 LR999937.1	4620553 ( 0 ) 000001110001010100100011100111110111100101001110000110001011110100011101110100011110000011000000000000000000000000000000000000000000000000000000000000000000000000000000000000000000 0 0
20554 22.241 LR999937.1	4620599 ( 0 ) 000001110001010100100011100111110111100101001110000110001011110100011101110100011110000011000000000000000000000000000000000000000000000000000000000000000000000000000000000000000000 0 0
20428 22.241 LR999937.1	3970741 ( 0 ) 000001110001010100100011100111110111100101001110000110001011110100011101110100011110000011000000000000000000000000000000000000000000000000000000000000000000000000000000000000000000 0 0
20552 22.241 LR999937.1	4620550 ( 0 ) 000001110001010100100011100111110111100101001110000110001011110100011101110100011110000011000000000000000000000000000000000000000000000000000000000000000000000000000000000000000000 0 0
20534 22.241 LR999937.1	4319962 ( 0 ) 000001110001010100100011100111110111100101001110000110001011110100011101110100011110000011000000000000000000000000000000000000000000000000000000000000000000000000000000000000000000 0 0
20502 22.241 LR999937.1	4286762 ( 0 ) 000001110001010100100011100111110111100101001110000110001011110100011101110100011110000011000000000000000000000000000000000000000000000000000000000000000000000000000000000000000000 0 0
20529 23.353 LR999937.1	4319807 ( 0 ) 000001110001010100100011100111110111100101001110000110001011110100010101110100011110000011000000000000000000000000000000000000000000000000000000000000000000000000000000000000000000 1 0
20590 25.576 LR999937.1	5189863 ( 0 ) 000101110001010100100011100111111111100101001110000110001011110100010101110100011110000011000000000000000000000000000000000000000000000000000000000000000000000000000000000000000000 2 0
20588 25.576 LR999937.1	5189797 ( 0 ) 000101110001010100100011100111111111100101001110000110001011110100010101110100011110000011000000000000000000000000000000000000000000000000000000000000000000000000000000000000000000 0 0
20589 25.576 LR999937.1	5189825 ( 0 ) 000101110001010100100011100111111111100101001110000110001011110100010101110100011110000011000000000000000000000000000000000000000000000000000000000000000000000000000000000000000000 0 0
20758 26.688 LR999937.1	7203423 ( 0 ) 000101110001010100100011100111111111100101001110000110001011110101010101110100011110000011000000000000000000000000000000000000000000000000000000000000000000000000000000000000000000 1 0
20705 27.799 LR999937.1	6668031 ( 0 ) 000101110001010100100011100111111111100101001110000110011011110101010101110100011110000011000000000000000000000000000000000000000000000000000000000000000000000000000000000000000000 1 0
20710 27.799 LR999937.1	6668098 ( 0 ) 000101110001010100100011100111111111100101001110000110011011110101010101110100011110000011000000000000000000000000000000000000000000000000000000000000000000000000000000000000000000 0 0
20681 27.799 LR999937.1	6655735 ( 0 ) 000101110001010100100011100111111111100101001110000110011011110101010101110100011110000011000000000000000000000000000000000000000000000000000000000000000000000000000000000000000000 0 0
20696 27.799 LR999937.1	6656131 ( 0 ) 000101110001010100100011100111111111100101001110000110011011110101010101110100011110000011000000000000000000000000000000000000000000000000000000000000000000000000000000000000000000 0 0
20709 27.799 LR999937.1	6668096 ( 0 ) 000101110001010100100011100111111111100101001110000110011011110101010101110100011110000011000000000000000000000000000000000000000000000000000000000000000000000000000000000000000000 0 0
20707 27.799 LR999937.1	6668052 ( 0 ) 000101110001010100100011100111111111100101001110000110011011110101010101110100011110000011000000000000000000000000000000000000000000000000000000000000000000000000000000000000000000 0 0
20671 27.799 LR999937.1	6542504 ( 0 ) 000101110001010100100011100111111111100101001110000110011011110101010101110100011110000011000000000000000000000000000000000000000000000000000000000000000000000000000000000000000000 0 0
20695 27.799 LR999937.1	6656105 ( 0 ) 000101110001010100100011100111111111100101001110000110011011110101010101110100011110000011000000000000000000000000000000000000000000000000000000000000000000000000000000000000000000 0 0
20686 27.799 LR999937.1	6655822 ( 0 ) 000101110001010100100011100111111111100101001110000110011011110101010101110100011110000011000000000000000000000000000000000000000000000000000000000000000000000000000000000000000000 0 0
20655 27.799 LR999937.1	6464692 ( 0 ) 000101110001010100100011100111111111100101001110000110011011110101010101110100011110000011000000000000000000000000000000000000000000000000000000000000000000000000000000000000000000 0 0
20704 27.799 LR999937.1	6668029 ( 0 ) 000101110001010100100011100111111111100101001110000110011011110101010101110100011110000011000000000000000000000000000000000000000000000000000000000000000000000000000000000000000000 0 0
20402 27.799 LR999937.1	3762252 ( 0 ) 000101110001010100100011100111111111100101001110000110011011110101010101110100011110000011000000000000000000000000000000000000000000000000000000000000000000000000000000000000000000 0 0
20697 27.799 LR999937.1	6657942 ( 0 ) 000101110001010100100011100111111111100101001110000110011011110101010101110100011110000011000000000000000000000000000000000000000000000000000000000000000000000000000000000000000000 0 0
20662 27.799 LR999937.1	6464903 ( 0 ) 000101110001010100100011100111111111100101001110000110011011110101010101110100011110000011000000000000000000000000000000000000000000000000000000000000000000000000000000000000000000 0 0
20690 27.799 LR999937.1	6656038 ( 0 ) 000101110001010100100011100111111111100101001110000110011011110101010101110100011110000011000000000000000000000000000000000000000000000000000000000000000000000000000000000000000000 0 0
20706 27.799 LR999937.1	6668051 ( 0 ) 000101110001010100100011100111111111100101001110000110011011110101010101110100011110000011000000000000000000000000000000000000000000000000000000000000000000000000000000000000000000 0 0
20653 27.799 LR999937.1	6464623 ( 0 ) 000101110001010100100011100111111111100101001110000110011011110101010101110100011110000011000000000000000000000000000000000000000000000000000000000000000000000000000000000000000000 0 0
20711 27.799 LR999937.1	6668099 ( 0 ) 000101110001010100100011100111111111100101001110000110011011110101010101110100011110000011000000000000000000000000000000000000000000000000000000000000000000000000000000000000000000 0 0
20682 27.799 LR999937.1	6655748 ( 0 ) 000101110001010100100011100111111111100101001110000110011011110101010101110100011110000011000000000000000000000000000000000000000000000000000000000000000000000000000000000000000000 0 0
20703 27.799 LR999937.1	6668026 ( 0 ) 000101110001010100100011100111111111100101001110000110011011110101010101110100011110000011000000000000000000000000000000000000000000000000000000000000000000000000000000000000000000 0 0
20708 27.799 LR999937.1	6668053 ( 0 ) 000101110001010100100011100111111111100101001110000110011011110101010101110100011110000011000000000000000000000000000000000000000000000000000000000000000000000000000000000000000000 0 0
20692 27.799 LR999937.1	6656083 ( 0 ) 000101110001010100100011100111111111100101001110000110011011110101010101110100011110000011000000000000000000000000000000000000000000000000000000000000000000000000000000000000000000 0 0
20736 28.910 LR999937.1	6946245 ( 0 ) 000101110001010100100011100111111111100101001110000010011011110101010101110100011110000011000000000000000000000000000000000000000000000000000000000000000000000000000000000000000000 1 0
20743 28.910 LR999937.1	7180704 ( 0 ) 000101110001010100100011100111111111100101001110000010011011110101010101110100011110000011000000000000000000000000000000000000000000000000000000000000000000000000000000000000000000 0 0
20725 28.910 LR999937.1	6946006 ( 0 ) 000101110001010100100011100111111111100101001110000010011011110101010101110100011110000011000000000000000000000000000000000000000000000000000000000000000000000000000000000000000000 0 0
20716 28.910 LR999937.1	6945949 ( 0 ) 000101110001010100100011100111111111100101001110000010011011110101010101110100011110000011000000000000000000000000000000000000000000000000000000000000000000000000000000000000000000 0 0
20729 28.910 LR999937.1	6946164 ( 0 ) 000101110001010100100011100111111111100101001110000010011011110101010101110100011110000011000000000000000000000000000000000000000000000000000000000000000000000000000000000000000000 0 0
20728 28.910 LR999937.1	6946154 ( 0 ) 000101110001010100100011100111111111100101001110000010011011110101010101110100011110000011000000000000000000000000000000000000000000000000000000000000000000000000000000000000000000 0 0
20734 28.910 LR999937.1	6946200 ( 0 ) 000101110001010100100011100111111111100101001110000010011011110101010101110100011110000011000000000000000000000000000000000000000000000000000000000000000000000000000000000000000000 0 0
20730 28.910 LR999937.1	6946165 ( 0 ) 000101110001010100100011100111111111100101001110000010011011110101010101110100011110000011000000000000000000000000000000000000000000000000000000000000000000000000000000000000000000 0 0
20717 28.910 LR999937.1	6945960 ( 0 ) 000101110001010100100011100111111111100101001110000010011011110101010101110100011110000011000000000000000000000000000000000000000000000000000000000000000000000000000000000000000000 0 0
20727 28.910 LR999937.1	6946149 ( 0 ) 000101110001010100100011100111111111100101001110000010011011110101010101110100011110000011000000000000000000000000000000000000000000000000000000000000000000000000000000000000000000 0 0
20731 28.910 LR999937.1	6946168 ( 0 ) 000101110001010100100011100111111111100101001110000010011011110101010101110100011110000011000000000000000000000000000000000000000000000000000000000000000000000000000000000000000000 0 0
20746 28.910 LR999937.1	7180740 ( 0 ) 000101110001010100100011100111111111100101001110000010011011110101010101110100011110000011000000000000000000000000000000000000000000000000000000000000000000000000000000000000000000 0 0
20740 28.910 LR999937.1	7180623 ( 0 ) 000101110001010100100011100111111111100101001110000010011011110101010101110100011110000011000000000000000000000000000000000000000000000000000000000000000000000000000000000000000000 0 0
20742 28.910 LR999937.1	7180671 ( 0 ) 000101110001010100100011100111111111100101001110000010011011110101010101110100011110000011000000000000000000000000000000000000000000000000000000000000000000000000000000000000000000 0 0
20720 28.910 LR999937.1	6945973 ( 0 ) 000101110001010100100011100111111111100101001110000010011011110101010101110100011110000011000000000000000000000000000000000000000000000000000000000000000000000000000000000000000000 0 0
20778 31.134 LR999937.1	7368305 ( 0 ) 000101110001010100100011100111111111100101001110000010011011110101010101110101011100000011000000000000000000000000000000000000000000000000000000000000000000000000000000000000000000 2 0
20799 31.134 LR999937.1	7585345 ( 0 ) 000101110001010100100011100111111111100101001110000010011011110101010101110101011100000011000000000000000000000000000000000000000000000000000000000000000000000000000000000000000000 0 0
20790 31.134 LR999937.1	7441658 ( 0 ) 000101110001010100100011100111111111100101001110000010011011110101010101110101011100000011000000000000000000000000000000000000000000000000000000000000000000000000000000000000000000 0 0
20801 31.134 LR999937.1	7585361 ( 0 ) 000101110001010100100011100111111111100101001110000010011011110101010101110101011100000011000000000000000000000000000000000000000000000000000000000000000000000000000000000000000000 0 0
20791 31.134 LR999937.1	7441748 ( 0 ) 000101110001010100100011100111111111100101001110000010011011110101010101110101011100000011000000000000000000000000000000000000000000000000000000000000000000000000000000000000000000 0 0
20798 31.134 LR999937.1	7585343 ( 0 ) 000101110001010100100011100111111111100101001110000010011011110101010101110101011100000011000000000000000000000000000000000000000000000000000000000000000000000000000000000000000000 0 0
20779 31.134 LR999937.1	7368313 ( 0 ) 000101110001010100100011100111111111100101001110000010011011110101010101110101011100000011000000000000000000000000000000000000000000000000000000000000000000000000000000000000000000 0 0
20810 32.245 LR999937.1	7681702 ( 0 ) 000101110001010100100011100111111111100101001110000010011011100101010101110101011100000011000000000000000000000000000000000000000000000000000000000000000000000000000000000000000000 1 0
20811 32.245 LR999937.1	7681925 ( 0 ) 000101110001010100100011100111111111100101001110000010011011100101010101110101011100000011000000000000000000000000000000000000000000000000000000000000000000000000000000000000000000 0 0
20812 32.245 LR999937.1	7681975 ( 0 ) 000101110001010100100011100111111111100101001110000010011011100101010101110101011100000011000000000000000000000000000000000000000000000000000000000000000000000000000000000000000000 0 0
20828 35.583 LR999937.1	7768427 ( 0 ) 000101110001010100100010101111111111100101001110000010011011100101010101110111011100000011000000000000000000000000000000000000000000000000000000000000000000000000000000000000000000 3 0
20820 35.583 LR999937.1	7728506 ( 0 ) 000101110001010100100010101111111111100101001110000010011011100101010101110111011100000011000000000000000000000000000000000000000000000000000000000000000000000000000000000000000000 0 0
20817 35.583 LR999937.1	7728377 ( 0 ) 000101110001010100100010101111111111100101001110000010011011100101010101110111011100000011000000000000000000000000000000000000000000000000000000000000000000000000000000000000000000 0 0
20857 37.807 LR999937.1	7978030 ( 0 ) 000101110001010100100010111111111111100101001110000010011010100101010101110111011100000011000000000000000000000000000000000000000000000000000000000000000000000000000000000000000000 2 0
20950 37.807 LR999937.1	8520660 ( 0 ) 000101110001010100100010111111111111100101001110000010011010100101010101110111011100000011000000000000000000000000000000000000000000000000000000000000000000000000000000000000000000 0 0
20850 37.807 LR999937.1	7927582 ( 0 ) 000101110001010100100010111111111111100101001110000010011010100101010101110111011100000011000000000000000000000000000000000000000000000000000000000000000000000000000000000000000000 0 0
20851 37.807 LR999937.1	7927606 ( 0 ) 000101110001010100100010111111111111100101001110000010011010100101010101110111011100000011000000000000000000000000000000000000000000000000000000000000000000000000000000000000000000 0 0
20944 37.807 LR999937.1	8520473 ( 0 ) 000101110001010100100010111111111111100101001110000010011010100101010101110111011100000011000000000000000000000000000000000000000000000000000000000000000000000000000000000000000000 0 0
20870 37.807 LR999937.1	8156997 ( 0 ) 000101110001010100100010111111111111100101001110000010011010100101010101110111011100000011000000000000000000000000000000000000000000000000000000000000000000000000000000000000000000 0 0
20943 37.807 LR999937.1	8520467 ( 0 ) 000101110001010100100010111111111111100101001110000010011010100101010101110111011100000011000000000000000000000000000000000000000000000000000000000000000000000000000000000000000000 0 0
20245 38.918 LR999937.1	1818093 ( 0 ) 000101110001010100100010111111111111100101001110000000011010100101010101110111011100000011000000000000000000000000000000000000000000000000000000000000000000000000000000000000000000 1 0
20235 38.918 LR999937.1	1817977 ( 0 ) 000101110001010100100010111111111111100101001110000000011010100101010101110111011100000011000000000000000000000000000000000000000000000000000000000000000000000000000000000000000000 0 0
20239 38.918 LR999937.1	1818007 ( 0 ) 000101110001010100100010111111111111100101001110000000011010100101010101110111011100000011000000000000000000000000000000000000000000000000000000000000000000000000000000000000000000 0 0
21329 38.918 LR999937.1	11106804 ( 0 ) 000101110001010100100010111111111111100101001110000000011010100101010101110111011100000011000000000000000000000000000000000000000000000000000000000000000000000000000000000000000000 0 0
21244 38.918 LR999937.1	10330881 ( 0 ) 000101110001010100100010111111111111100101001110000000011010100101010101110111011100000011000000000000000000000000000000000000000000000000000000000000000000000000000000000000000000 0 0
21332 38.918 LR999937.1	11106834 ( 0 ) 000101110001010100100010111111111111100101001110000000011010100101010101110111011100000011000000000000000000000000000000000000000000000000000000000000000000000000000000000000000000 0 0
21331 38.918 LR999937.1	11106833 ( 0 ) 000101110001010100100010111111111111100101001110000000011010100101010101110111011100000011000000000000000000000000000000000000000000000000000000000000000000000000000000000000000000 0 0
20240 38.918 LR999937.1	1818023 ( 0 ) 000101110001010100100010111111111111100101001110000000011010100101010101110111011100000011000000000000000000000000000000000000000000000000000000000000000000000000000000000000000000 0 0
21506 38.918 LR999937.1	13241844 ( 0 ) 000101110001010100100010111111111111100101001110000000011010100101010101110111011100000011000000000000000000000000000000000000000000000000000000000000000000000000000000000000000000 0 0
21505 38.918 LR999937.1	13241840 ( 0 ) 000101110001010100100010111111111111100101001110000000011010100101010101110111011100000011000000000000000000000000000000000000000000000000000000000000000000000000000000000000000000 0 0
21330 38.918 LR999937.1	11106832 ( 0 ) 000101110001010100100010111111111111100101001110000000011010100101010101110111011100000011000000000000000000000000000000000000000000000000000000000000000000000000000000000000000000 0 0
21333 38.918 LR999937.1	11106841 ( 0 ) 000101110001010100100010111111111111100101001110000000011010100101010101110111011100000011000000000000000000000000000000000000000000000000000000000000000000000000000000000000000000 0 0
21337 38.918 LR999937.1	11106887 ( 0 ) 000101110001010100100010111111111111100101001110000000011010100101010101110111011100000011000000000000000000000000000000000000000000000000000000000000000000000000000000000000000000 0 0
21072 40.030 LR999937.1	9262946 ( 0 ) 000101110011010100100010111111111111100101001110000000011010100101010101110111011100000011000000000000000000000000000000000000000000000000000000000000000000000000000000000000000000 1 0
21112 40.030 LR999937.1	9694627 ( 0 ) 000101110011010100100010111111111111100101001110000000011010100101010101110111011100000011000000000000000000000000000000000000000000000000000000000000000000000000000000000000000000 0 0
21110 40.030 LR999937.1	9694599 ( 0 ) 000101110011010100100010111111111111100101001110000000011010100101010101110111011100000011000000000000000000000000000000000000000000000000000000000000000000000000000000000000000000 0 0
21097 40.030 LR999937.1	9675779 ( 0 ) 000101110011010100100010111111111111100101001110000000011010100101010101110111011100000011000000000000000000000000000000000000000000000000000000000000000000000000000000000000000000 0 0
21023 40.030 LR999937.1	8829760 ( 0 ) 000101110011010100100010111111111111100101001110000000011010100101010101110111011100000011000000000000000000000000000000000000000000000000000000000000000000000000000000000000000000 0 0
21071 40.030 LR999937.1	9262885 ( 0 ) 000101110011010100100010111111111111100101001110000000011010100101010101110111011100000011000000000000000000000000000000000000000000000000000000000000000000000000000000000000000000 0 0
20247 40.030 LR999937.1	1818139 ( 0 ) 000101110011010100100010111111111111100101001110000000011010100101010101110111011100000011000000000000000000000000000000000000000000000000000000000000000000000000000000000000000000 0 0
21027 40.030 LR999937.1	8829927 ( 0 ) 000101110011010100100010111111111111100101001110000000011010100101010101110111011100000011000000000000000000000000000000000000000000000000000000000000000000000000000000000000000000 0 0
20248 40.030 LR999937.1	1818157 ( 0 ) 000101110011010100100010111111111111100101001110000000011010100101010101110111011100000011000000000000000000000000000000000000000000000000000000000000000000000000000000000000000000 0 0
21108 40.030 LR999937.1	9694579 ( 0 ) 000101110011010100100010111111111111100101001110000000011010100101010101110111011100000011000000000000000000000000000000000000000000000000000000000000000000000000000000000000000000 0 0
20244 40.030 LR999937.1	1818072 ( 0 ) 000101110011010100100010111111111111100101001110000000011010100101010101110111011100000011000000000000000000000000000000000000000000000000000000000000000000000000000000000000000000 0 0
21107 40.030 LR999937.1	9694573 ( 0 ) 000101110011010100100010111111111111100101001110000000011010100101010101110111011100000011000000000000000000000000000000000000000000000000000000000000000000000000000000000000000000 0 0
21109 40.030 LR999937.1	9694586 ( 0 ) 000101110011010100100010111111111111100101001110000000011010100101010101110111011100000011000000000000000000000000000000000000000000000000000000000000000000000000000000000000000000 0 0
21111 40.030 LR999937.1	9694609 ( 0 ) 000101110011010100100010111111111111100101001110000000011010100101010101110111011100000011000000000000000000000000000000000000000000000000000000000000000000000000000000000000000000 0 0
21028 40.030 LR999937.1	8829940 ( 0 ) 000101110011010100100010111111111111100101001110000000011010100101010101110111011100000011000000000000000000000000000000000000000000000000000000000000000000000000000000000000000000 0 0
21106 40.030 LR999937.1	9694541 ( 0 ) 000101110011010100100010111111111111100101001110000000011010100101010101110111011100000011000000000000000000000000000000000000000000000000000000000000000000000000000000000000000000 0 0
21025 40.030 LR999937.1	8829901 ( 0 ) 000101110011010100100010111111111111100101001110000000011010100101010101110111011100000011000000000000000000000000000000000000000000000000000000000000000000000000000000000000000000 0 0
20989 40.030 LR999937.1	8621440 ( 0 ) 000101110011010100100010111111111111100101001110000000011010100101010101110111011100000011000000000000000000000000000000000000000000000000000000000000000000000000000000000000000000 0 0
21024 40.030 LR999937.1	8829884 ( 0 ) 000101110011010100100010111111111111100101001110000000011010100101010101110111011100000011000000000000000000000000000000000000000000000000000000000000000000000000000000000000000000 0 0
21225 41.141 LR999937.1	10180451 ( 0 ) 000101110011010100100010111111111111100101001110010000011010100101010101110111011100000011000000000000000000000000000000000000000000000000000000000000000000000000000000000000000000 1 0
21328 41.141 LR999937.1	11106800 ( 0 ) 000101110011010100100010111111111111100101001110010000011010100101010101110111011100000011000000000000000000000000000000000000000000000000000000000000000000000000000000000000000000 0 0
21283 41.141 LR999937.1	10831547 ( 0 ) 000101110011010100100010111111111111100101001110010000011010100101010101110111011100000011000000000000000000000000000000000000000000000000000000000000000000000000000000000000000000 0 0
21289 41.141 LR999937.1	10831726 ( 0 ) 000101110011010100100010111111111111100101001110010000011010100101010101110111011100000011000000000000000000000000000000000000000000000000000000000000000000000000000000000000000000 0 0
21284 41.141 LR999937.1	10831570 ( 0 ) 000101110011010100100010111111111111100101001110010000011010100101010101110111011100000011000000000000000000000000000000000000000000000000000000000000000000000000000000000000000000 0 0
21282 41.141 LR999937.1	10831545 ( 0 ) 000101110011010100100010111111111111100101001110010000011010100101010101110111011100000011000000000000000000000000000000000000000000000000000000000000000000000000000000000000000000 0 0
21281 41.141 LR999937.1	10831539 ( 0 ) 000101110011010100100010111111111111100101001110010000011010100101010101110111011100000011000000000000000000000000000000000000000000000000000000000000000000000000000000000000000000 0 0
21251 41.141 LR999937.1	10373352 ( 0 ) 000101110011010100100010111111111111100101001110010000011010100101010101110111011100000011000000000000000000000000000000000000000000000000000000000000000000000000000000000000000000 0 0
21245 41.141 LR999937.1	10330907 ( 0 ) 000101110011010100100010111111111111100101001110010000011010100101010101110111011100000011000000000000000000000000000000000000000000000000000000000000000000000000000000000000000000 0 0
20241 41.141 LR999937.1	1818029 ( 0 ) 000101110011010100100010111111111111100101001110010000011010100101010101110111011100000011000000000000000000000000000000000000000000000000000000000000000000000000000000000000000000 0 0
21226 41.141 LR999937.1	10180483 ( 0 ) 000101110011010100100010111111111111100101001110010000011010100101010101110111011100000011000000000000000000000000000000000000000000000000000000000000000000000000000000000000000000 0 0
21204 41.141 LR999937.1	10099997 ( 0 ) 000101110011010100100010111111111111100101001110010000011010100101010101110111011100000011000000000000000000000000000000000000000000000000000000000000000000000000000000000000000000 0 0
21280 41.141 LR999937.1	10831536 ( 0 ) 000101110011010100100010111111111111100101001110010000011010100101010101110111011100000011000000000000000000000000000000000000000000000000000000000000000000000000000000000000000000 0 0
21352 41.141 LR999937.1	11230520 ( 0 ) 000101110011010100100010111111111111100101001110010000011010100101010101110111011100000011000000000000000000000000000000000000000000000000000000000000000000000000000000000000000000 0 0
21348 41.141 LR999937.1	11218605 ( 0 ) 000101110011010100100010111111111111100101001110010000011010100101010101110111011100000011000000000000000000000000000000000000000000000000000000000000000000000000000000000000000000 0 0
21285 41.141 LR999937.1	10831637 ( 0 ) 000101110011010100100010111111111111100101001110010000011010100101010101110111011100000011000000000000000000000000000000000000000000000000000000000000000000000000000000000000000000 0 0
21279 41.141 LR999937.1	10831534 ( 0 ) 000101110011010100100010111111111111100101001110010000011010100101010101110111011100000011000000000000000000000000000000000000000000000000000000000000000000000000000000000000000000 0 0
21318 41.141 LR999937.1	11030956 ( 0 ) 000101110011010100100010111111111111100101001110010000011010100101010101110111011100000011000000000000000000000000000000000000000000000000000000000000000000000000000000000000000000 0 0
21341 41.141 LR999937.1	11218422 ( 0 ) 000101110011010100100010111111111111100101001110010000011010100101010101110111011100000011000000000000000000000000000000000000000000000000000000000000000000000000000000000000000000 0 0
21229 41.141 LR999937.1	10180512 ( 0 ) 000101110011010100100010111111111111100101001110010000011010100101010101110111011100000011000000000000000000000000000000000000000000000000000000000000000000000000000000000000000000 0 0
21362 41.141 LR999937.1	11605782 ( 0 ) 000101110011010100100010111111111111100101001110010000011010100101010101110111011100000011000000000000000000000000000000000000000000000000000000000000000000000000000000000000000000 0 0
21275 41.141 LR999937.1	10830155 ( 0 ) 000101110011010100100010111111111111100101001110010000011010100101010101110111011100000011000000000000000000000000000000000000000000000000000000000000000000000000000000000000000000 0 0
21228 41.141 LR999937.1	10180486 ( 0 ) 000101110011010100100010111111111111100101001110010000011010100101010101110111011100000011000000000000000000000000000000000000000000000000000000000000000000000000000000000000000000 0 0
21246 41.141 LR999937.1	10330925 ( 0 ) 000101110011010100100010111111111111100101001110010000011010100101010101110111011100000011000000000000000000000000000000000000000000000000000000000000000000000000000000000000000000 0 0
21227 41.141 LR999937.1	10180485 ( 0 ) 000101110011010100100010111111111111100101001110010000011010100101010101110111011100000011000000000000000000000000000000000000000000000000000000000000000000000000000000000000000000 0 0
21288 41.141 LR999937.1	10831658 ( 0 ) 000101110011010100100010111111111111100101001110010000011010100101010101110111011100000011000000000000000000000000000000000000000000000000000000000000000000000000000000000000000000 0 0
21301 42.252 LR999937.1	10999037 ( 0 ) 000101110011010100100010111111111111100101001110010000011010100101110101110111011100000011000000000000000000000000000000000000000000000000000000000000000000000000000000000000000000 1 0
21397 43.364 LR999937.1	11950634 ( 0 ) 000101110011010100110010111111111111100101001110010000011010100101110101110111011100000011000000000000000000000000000000000000000000000000000000000000000000000000000000000000000000 1 0
21396 43.364 LR999937.1	11950340 ( 0 ) 000101110011010100110010111111111111100101001110010000011010100101110101110111011100000011000000000000000000000000000000000000000000000000000000000000000000000000000000000000000000 0 0
21404 43.364 LR999937.1	11951656 ( 0 ) 000101110011010100110010111111111111100101001110010000011010100101110101110111011100000011000000000000000000000000000000000000000000000000000000000000000000000000000000000000000000 0 0
21419 43.364 LR999937.1	12169346 ( 0 ) 000101110011010100110010111111111111100101001110010000011010100101110101110111011100000011000000000000000000000000000000000000000000000000000000000000000000000000000000000000000000 0 0
21402 43.364 LR999937.1	11951561 ( 0 ) 000101110011010100110010111111111111100101001110010000011010100101110101110111011100000011000000000000000000000000000000000000000000000000000000000000000000000000000000000000000000 0 0
21395 43.364 LR999937.1	11950339 ( 0 ) 000101110011010100110010111111111111100101001110010000011010100101110101110111011100000011000000000000000000000000000000000000000000000000000000000000000000000000000000000000000000 0 0
21426 43.364 LR999937.1	12281870 ( 0 ) 000101110011010100110010111111111111100101001110010000011010100101110101110111011100000011000000000000000000000000000000000000000000000000000000000000000000000000000000000000000000 0 0
21394 43.364 LR999937.1	11950329 ( 0 ) 000101110011010100110010111111111111100101001110010000011010100101110101110111011100000011000000000000000000000000000000000000000000000000000000000000000000000000000000000000000000 0 0
21080 44.475 LR999937.1	9424728 ( 0 ) 000101110011010100110010111111111111100101011110010000011010100101110101110111011100000011000000000000000000000000000000000000000000000000000000000000000000000000000000000000000000 1 0
21308 44.475 LR999937.1	10999304 ( 0 ) 000101110011010100110010111111111111100101011110010000011010100101110101110111011100000011000000000000000000000000000000000000000000000000000000000000000000000000000000000000000000 0 0
21078 44.475 LR999937.1	9424630 ( 0 ) 000101110011010100110010111111111111100101011110010000011010100101110101110111011100000011000000000000000000000000000000000000000000000000000000000000000000000000000000000000000000 0 0
21079 44.475 LR999937.1	9424641 ( 0 ) 000101110011010100110010111111111111100101011110010000011010100101110101110111011100000011000000000000000000000000000000000000000000000000000000000000000000000000000000000000000000 0 0
21368 47.813 LR999937.1	11621956 ( 0 ) 000101110011010110110010111111111111100101011110010000011110100101110101110111011100000111000000000000000000000000000000000000000000000000000000000000000000000000000000000000000000 3 0
21202 47.813 LR999937.1	10099970 ( 0 ) 000101110011010110110010111111111111100101011110010000011110100101110101110111011100000111000000000000000000000000000000000000000000000000000000000000000000000000000000000000000000 0 0
21370 47.813 LR999937.1	11621969 ( 0 ) 000101110011010110110010111111111111100101011110010000011110100101110101110111011100000111000000000000000000000000000000000000000000000000000000000000000000000000000000000000000000 0 0
20583 47.813 LR999937.1	5081971 ( 0 ) 000101110011010110110010111111111111100101011110010000011110100101110101110111011100000111000000000000000000000000000000000000000000000000000000000000000000000000000000000000000000 0 0
21201 48.924 LR999937.1	10099969 ( 0 ) 000101110011010110110010111111111111100101011110010000011110100101110101110111001100000111000000000000000000000000000000000000000000000000000000000000000000000000000000000000000000 1 0
40875 48.924 LR999940.1	1352810 ( 0 ) 000101110011010110110010111111111111100101011110010000011110100101110101110111001100000111000000000000000000000000000000000000000000000000000000000000000000000000000000000000000000 0 0
21472 53.381 LR999937.1	12913328 ( 0 ) 000101110011000110110010111110111111100101111110010000011110100101110101110111001100010111000000000000000000000000000000000000000000000000000000000000000000000000000000000000000000 4 0
21473 53.381 LR999937.1	12913363 ( 0 ) 000101110011000110110010111110111111100101111110010000011110100101110101110111001100010111000000000000000000000000000000000000000000000000000000000000000000000000000000000000000000 0 0
21475 53.381 LR999937.1	12913423 ( 0 ) 000101110011000110110010111110111111100101111110010000011110100101110101110111001100010111000000000000000000000000000000000000000000000000000000000000000000000000000000000000000000 0 0
21551 54.492 LR999937.1	13744887 ( 0 ) 100101110011000110110010111110111111100101111110010000011110100101110101110111001100010111000000000000000000000000000000000000000000000000000000000000000000000000000000000000000000 1 0
21555 54.492 LR999937.1	14121472 ( 0 ) 100101110011000110110010111110111111100101111110010000011110100101110101110111001100010111000000000000000000000000000000000000000000000000000000000000000000000000000000000000000000 0 0
21516 54.492 LR999937.1	13242143 ( 0 ) 100101110011000110110010111110111111100101111110010000011110100101110101110111001100010111000000000000000000000000000000000000000000000000000000000000000000000000000000000000000000 0 0
21552 54.492 LR999937.1	13745161 ( 0 ) 100101110011000110110010111110111111100101111110010000011110100101110101110111001100010111000000000000000000000000000000000000000000000000000000000000000000000000000000000000000000 0 0
21513 54.492 LR999937.1	13242125 ( 0 ) 100101110011000110110010111110111111100101111110010000011110100101110101110111001100010111000000000000000000000000000000000000000000000000000000000000000000000000000000000000000000 0 0
21496 54.492 LR999937.1	13194110 ( 0 ) 100101110011000110110010111110111111100101111110010000011110100101110101110111001100010111000000000000000000000000000000000000000000000000000000000000000000000000000000000000000000 0 0
21512 54.492 LR999937.1	13242124 ( 0 ) 100101110011000110110010111110111111100101111110010000011110100101110101110111001100010111000000000000000000000000000000000000000000000000000000000000000000000000000000000000000000 0 0
21588 57.830 LR999937.1	14482408 ( 0 ) 100101100011000110110010111110111111100101110110010000011110000101110101110111001100010111000000000000000000000000000000000000000000000000000000000000000000000000000000000000000000 3 0
21560 58.942 LR999937.1	14126224 ( 0 ) 100101100011000110110010111110111111100101110110010000011110000101100101110111001100010111000000000000000000000000000000000000000000000000000000000000000000000000000000000000000000 1 0
21562 58.942 LR999937.1	14126247 ( 0 ) 100101100011000110110010111110111111100101110110010000011110000101100101110111001100010111000000000000000000000000000000000000000000000000000000000000000000000000000000000000000000 0 0
21563 58.942 LR999937.1	14274887 ( 0 ) 100101100011000110110010111110111111100101110110010000011110000101100101110111001100010111000000000000000000000000000000000000000000000000000000000000000000000000000000000000000000 0 0
