#*** LG = 0 likelihood = -3741.3285
#marker_number	male_position	female_position	( 0.0 )[	phased data]
5330 21.164 LR999928.1	918139 ( 0 ) 110111110101111001101111111101100001101010101111111010001001101110101011000111111001111011000000000000000000000000000000000000000000000000000000000000000000000000000000000000000000 2 0
5320 23.388 LR999928.1	918080 ( 0 ) 110111110101111001101111101001100001101010101111111010001001101110101011000111111001111011000000000000000000000000000000000000000000000000000000000000000000000000000000000000000000 2 0
5329 24.499 LR999928.1	918121 ( 0 ) 110111110101111001101111101001100001101010101111111010001001101110100011000111111001111011000000000000000000000000000000000000000000000000000000000000000000000000000000000000000000 1 0
5328 26.723 LR999928.1	918117 ( 0 ) 110111110101111001101111101001100001101010101111111010001001001110100001000111111001111011000000000000000000000000000000000000000000000000000000000000000000000000000000000000000000 2 0
5315 27.834 LR999928.1	917807 ( 0 ) 110111110101111001101111101001100001101010101111111010001001001110100001000111101001111011000000000000000000000000000000000000000000000000000000000000000000000000000000000000000000 1 0
5314 30.058 LR999928.1	917803 ( 0 ) 110111110101111001101111101001100001101010101111011010001001001110100001000111001001111011000000000000000000000000000000000000000000000000000000000000000000000000000000000000000000 2 0
5347 31.169 LR999928.1	1150549 ( 0 ) 110111110101111000101111101001100001101010101111011010001001001110100001000111001001111011000000000000000000000000000000000000000000000000000000000000000000000000000000000000000000 1 0
5205 33.393 LR999928.1	156513 ( 0 ) 110100110101111000101111101001100001101010101111011010001001001110100001000111001001111011000000000000000000000000000000000000000000000000000000000000000000000000000000000000000000 2 0
5378 33.393 LR999928.1	1299778 ( 0 ) 110100110101111000101111101001100001101010101111011010001001001110100001000111001001111011000000000000000000000000000000000000000000000000000000000000000000000000000000000000000000 0 0
5196 33.393 LR999928.1	156334 ( 0 ) 110100110101111000101111101001100001101010101111011010001001001110100001000111001001111011000000000000000000000000000000000000000000000000000000000000000000000000000000000000000000 0 0
5207 33.393 LR999928.1	156524 ( 0 ) 110100110101111000101111101001100001101010101111011010001001001110100001000111001001111011000000000000000000000000000000000000000000000000000000000000000000000000000000000000000000 0 0
5211 33.393 LR999928.1	156584 ( 0 ) 110100110101111000101111101001100001101010101111011010001001001110100001000111001001111011000000000000000000000000000000000000000000000000000000000000000000000000000000000000000000 0 0
5202 33.393 LR999928.1	156497 ( 0 ) 110100110101111000101111101001100001101010101111011010001001001110100001000111001001111011000000000000000000000000000000000000000000000000000000000000000000000000000000000000000000 0 0
5206 33.393 LR999928.1	156519 ( 0 ) 110100110101111000101111101001100001101010101111011010001001001110100001000111001001111011000000000000000000000000000000000000000000000000000000000000000000000000000000000000000000 0 0
5195 33.393 LR999928.1	156327 ( 0 ) 110100110101111000101111101001100001101010101111011010001001001110100001000111001001111011000000000000000000000000000000000000000000000000000000000000000000000000000000000000000000 0 0
5209 33.393 LR999928.1	156532 ( 0 ) 110100110101111000101111101001100001101010101111011010001001001110100001000111001001111011000000000000000000000000000000000000000000000000000000000000000000000000000000000000000000 0 0
5210 33.393 LR999928.1	156551 ( 0 ) 110100110101111000101111101001100001101010101111011010001001001110100001000111001001111011000000000000000000000000000000000000000000000000000000000000000000000000000000000000000000 0 0
5199 33.393 LR999928.1	156393 ( 0 ) 110100110101111000101111101001100001101010101111011010001001001110100001000111001001111011000000000000000000000000000000000000000000000000000000000000000000000000000000000000000000 0 0
5197 33.393 LR999928.1	156341 ( 0 ) 110100110101111000101111101001100001101010101111011010001001001110100001000111001001111011000000000000000000000000000000000000000000000000000000000000000000000000000000000000000000 0 0
5188 34.504 LR999928.1	156184 ( 0 ) 110100110101111000101111101001100001101010101111011010001001001110100001000111001000111011000000000000000000000000000000000000000000000000000000000000000000000000000000000000000000 1 0
5183 34.504 LR999928.1	155970 ( 0 ) 110100110101111000101111101001100001101010101111011010001001001110100001000111001000111011000000000000000000000000000000000000000000000000000000000000000000000000000000000000000000 0 0
5396 34.504 LR999928.1	1335235 ( 0 ) 110100110101111000101111101001100001101010101111011010001001001110100001000111001000111011000000000000000000000000000000000000000000000000000000000000000000000000000000000000000000 0 0
5193 34.504 LR999928.1	156292 ( 0 ) 110100110101111000101111101001100001101010101111011010001001001110100001000111001000111011000000000000000000000000000000000000000000000000000000000000000000000000000000000000000000 0 0
5187 34.504 LR999928.1	156025 ( 0 ) 110100110101111000101111101001100001101010101111011010001001001110100001000111001000111011000000000000000000000000000000000000000000000000000000000000000000000000000000000000000000 0 0
5184 34.504 LR999928.1	155979 ( 0 ) 110100110101111000101111101001100001101010101111011010001001001110100001000111001000111011000000000000000000000000000000000000000000000000000000000000000000000000000000000000000000 0 0
5189 34.504 LR999928.1	156187 ( 0 ) 110100110101111000101111101001100001101010101111011010001001001110100001000111001000111011000000000000000000000000000000000000000000000000000000000000000000000000000000000000000000 0 0
5191 34.504 LR999928.1	156207 ( 0 ) 110100110101111000101111101001100001101010101111011010001001001110100001000111001000111011000000000000000000000000000000000000000000000000000000000000000000000000000000000000000000 0 0
5185 34.504 LR999928.1	155993 ( 0 ) 110100110101111000101111101001100001101010101111011010001001001110100001000111001000111011000000000000000000000000000000000000000000000000000000000000000000000000000000000000000000 0 0
5170 35.616 LR999928.1	136198 ( 0 ) 110100110101111000101111101001100001101010101111011010001001001110100001000011001000111011000000000000000000000000000000000000000000000000000000000000000000000000000000000000000000 1 0
5400 35.616 LR999928.1	1412606 ( 0 ) 110100110101111000101111101001100001101010101111011010001001001110100001000011001000111011000000000000000000000000000000000000000000000000000000000000000000000000000000000000000000 0 0
5300 35.616 LR999928.1	824843 ( 0 ) 110100110101111000101111101001100001101010101111011010001001001110100001000011001000111011000000000000000000000000000000000000000000000000000000000000000000000000000000000000000000 0 0
5179 35.616 LR999928.1	136302 ( 0 ) 110100110101111000101111101001100001101010101111011010001001001110100001000011001000111011000000000000000000000000000000000000000000000000000000000000000000000000000000000000000000 0 0
5175 35.616 LR999928.1	136253 ( 0 ) 110100110101111000101111101001100001101010101111011010001001001110100001000011001000111011000000000000000000000000000000000000000000000000000000000000000000000000000000000000000000 0 0
5403 35.616 LR999928.1	1412639 ( 0 ) 110100110101111000101111101001100001101010101111011010001001001110100001000011001000111011000000000000000000000000000000000000000000000000000000000000000000000000000000000000000000 0 0
5186 35.616 LR999928.1	156017 ( 0 ) 110100110101111000101111101001100001101010101111011010001001001110100001000011001000111011000000000000000000000000000000000000000000000000000000000000000000000000000000000000000000 0 0
5406 35.616 LR999928.1	1434173 ( 0 ) 110100110101111000101111101001100001101010101111011010001001001110100001000011001000111011000000000000000000000000000000000000000000000000000000000000000000000000000000000000000000 0 0
5253 35.616 LR999928.1	371233 ( 0 ) 110100110101111000101111101001100001101010101111011010001001001110100001000011001000111011000000000000000000000000000000000000000000000000000000000000000000000000000000000000000000 0 0
5254 35.616 LR999928.1	371237 ( 0 ) 110100110101111000101111101001100001101010101111011010001001001110100001000011001000111011000000000000000000000000000000000000000000000000000000000000000000000000000000000000000000 0 0
5395 35.616 LR999928.1	1335185 ( 0 ) 110100110101111000101111101001100001101010101111011010001001001110100001000011001000111011000000000000000000000000000000000000000000000000000000000000000000000000000000000000000000 0 0
5256 35.616 LR999928.1	371254 ( 0 ) 110100110101111000101111101001100001101010101111011010001001001110100001000011001000111011000000000000000000000000000000000000000000000000000000000000000000000000000000000000000000 0 0
5267 35.616 LR999928.1	657985 ( 0 ) 110100110101111000101111101001100001101010101111011010001001001110100001000011001000111011000000000000000000000000000000000000000000000000000000000000000000000000000000000000000000 0 0
5174 35.616 LR999928.1	136249 ( 0 ) 110100110101111000101111101001100001101010101111011010001001001110100001000011001000111011000000000000000000000000000000000000000000000000000000000000000000000000000000000000000000 0 0
5177 35.616 LR999928.1	136281 ( 0 ) 110100110101111000101111101001100001101010101111011010001001001110100001000011001000111011000000000000000000000000000000000000000000000000000000000000000000000000000000000000000000 0 0
5255 35.616 LR999928.1	371241 ( 0 ) 110100110101111000101111101001100001101010101111011010001001001110100001000011001000111011000000000000000000000000000000000000000000000000000000000000000000000000000000000000000000 0 0
5393 35.616 LR999928.1	1335121 ( 0 ) 110100110101111000101111101001100001101010101111011010001001001110100001000011001000111011000000000000000000000000000000000000000000000000000000000000000000000000000000000000000000 0 0
5402 35.616 LR999928.1	1412628 ( 0 ) 110100110101111000101111101001100001101010101111011010001001001110100001000011001000111011000000000000000000000000000000000000000000000000000000000000000000000000000000000000000000 0 0
5242 35.616 LR999928.1	371041 ( 0 ) 110100110101111000101111101001100001101010101111011010001001001110100001000011001000111011000000000000000000000000000000000000000000000000000000000000000000000000000000000000000000 0 0
5264 35.616 LR999928.1	657694 ( 0 ) 110100110101111000101111101001100001101010101111011010001001001110100001000011001000111011000000000000000000000000000000000000000000000000000000000000000000000000000000000000000000 0 0
5176 35.616 LR999928.1	136271 ( 0 ) 110100110101111000101111101001100001101010101111011010001001001110100001000011001000111011000000000000000000000000000000000000000000000000000000000000000000000000000000000000000000 0 0
5243 35.616 LR999928.1	371069 ( 0 ) 110100110101111000101111101001100001101010101111011010001001001110100001000011001000111011000000000000000000000000000000000000000000000000000000000000000000000000000000000000000000 0 0
5404 35.616 LR999928.1	1412734 ( 0 ) 110100110101111000101111101001100001101010101111011010001001001110100001000011001000111011000000000000000000000000000000000000000000000000000000000000000000000000000000000000000000 0 0
5180 35.616 LR999928.1	136340 ( 0 ) 110100110101111000101111101001100001101010101111011010001001001110100001000011001000111011000000000000000000000000000000000000000000000000000000000000000000000000000000000000000000 0 0
5299 35.616 LR999928.1	824682 ( 0 ) 110100110101111000101111101001100001101010101111011010001001001110100001000011001000111011000000000000000000000000000000000000000000000000000000000000000000000000000000000000000000 0 0
5178 35.616 LR999928.1	136283 ( 0 ) 110100110101111000101111101001100001101010101111011010001001001110100001000011001000111011000000000000000000000000000000000000000000000000000000000000000000000000000000000000000000 0 0
5475 36.727 LR999928.1	1940288 ( 0 ) 110100110101111000101111100001100001101010101111011010001001001110100001000011001000111011000000000000000000000000000000000000000000000000000000000000000000000000000000000000000000 1 0
5459 36.727 LR999928.1	1897664 ( 0 ) 110100110101111000101111100001100001101010101111011010001001001110100001000011001000111011000000000000000000000000000000000000000000000000000000000000000000000000000000000000000000 0 0
5427 36.727 LR999928.1	1532766 ( 0 ) 110100110101111000101111100001100001101010101111011010001001001110100001000011001000111011000000000000000000000000000000000000000000000000000000000000000000000000000000000000000000 0 0
5429 36.727 LR999928.1	1532786 ( 0 ) 110100110101111000101111100001100001101010101111011010001001001110100001000011001000111011000000000000000000000000000000000000000000000000000000000000000000000000000000000000000000 0 0
5465 36.727 LR999928.1	1897702 ( 0 ) 110100110101111000101111100001100001101010101111011010001001001110100001000011001000111011000000000000000000000000000000000000000000000000000000000000000000000000000000000000000000 0 0
5460 36.727 LR999928.1	1897674 ( 0 ) 110100110101111000101111100001100001101010101111011010001001001110100001000011001000111011000000000000000000000000000000000000000000000000000000000000000000000000000000000000000000 0 0
5430 36.727 LR999928.1	1532814 ( 0 ) 110100110101111000101111100001100001101010101111011010001001001110100001000011001000111011000000000000000000000000000000000000000000000000000000000000000000000000000000000000000000 0 0
5457 37.838 LR999928.1	1897660 ( 0 ) 110100110101111000101111100001100001101010101111011010001001000110100001000011001000111011000000000000000000000000000000000000000000000000000000000000000000000000000000000000000000 1 0
5464 37.838 LR999928.1	1897701 ( 0 ) 110100110101111000101111100001100001101010101111011010001001000110100001000011001000111011000000000000000000000000000000000000000000000000000000000000000000000000000000000000000000 0 0
5462 37.838 LR999928.1	1897689 ( 0 ) 110100110101111000101111100001100001101010101111011010001001000110100001000011001000111011000000000000000000000000000000000000000000000000000000000000000000000000000000000000000000 0 0
5519 38.950 LR999928.1	2052600 ( 0 ) 110100110101111000001111100001100001101010101111011010001001000110100001000011001000111011000000000000000000000000000000000000000000000000000000000000000000000000000000000000000000 1 0
5517 38.950 LR999928.1	2052591 ( 0 ) 110100110101111000001111100001100001101010101111011010001001000110100001000011001000111011000000000000000000000000000000000000000000000000000000000000000000000000000000000000000000 0 0
5518 38.950 LR999928.1	2052592 ( 0 ) 110100110101111000001111100001100001101010101111011010001001000110100001000011001000111011000000000000000000000000000000000000000000000000000000000000000000000000000000000000000000 0 0
5499 38.950 LR999928.1	2052489 ( 0 ) 110100110101111000001111100001100001101010101111011010001001000110100001000011001000111011000000000000000000000000000000000000000000000000000000000000000000000000000000000000000000 0 0
5502 38.950 LR999928.1	2052496 ( 0 ) 110100110101111000001111100001100001101010101111011010001001000110100001000011001000111011000000000000000000000000000000000000000000000000000000000000000000000000000000000000000000 0 0
5515 38.950 LR999928.1	2052561 ( 0 ) 110100110101111000001111100001100001101010101111011010001001000110100001000011001000111011000000000000000000000000000000000000000000000000000000000000000000000000000000000000000000 0 0
5508 38.950 LR999928.1	2052520 ( 0 ) 110100110101111000001111100001100001101010101111011010001001000110100001000011001000111011000000000000000000000000000000000000000000000000000000000000000000000000000000000000000000 0 0
5494 38.950 LR999928.1	2052460 ( 0 ) 110100110101111000001111100001100001101010101111011010001001000110100001000011001000111011000000000000000000000000000000000000000000000000000000000000000000000000000000000000000000 0 0
5485 38.950 LR999928.1	2052315 ( 0 ) 110100110101111000001111100001100001101010101111011010001001000110100001000011001000111011000000000000000000000000000000000000000000000000000000000000000000000000000000000000000000 0 0
5497 38.950 LR999928.1	2052474 ( 0 ) 110100110101111000001111100001100001101010101111011010001001000110100001000011001000111011000000000000000000000000000000000000000000000000000000000000000000000000000000000000000000 0 0
5579 38.950 LR999928.1	2329287 ( 0 ) 110100110101111000001111100001100001101010101111011010001001000110100001000011001000111011000000000000000000000000000000000000000000000000000000000000000000000000000000000000000000 0 0
5501 38.950 LR999928.1	2052492 ( 0 ) 110100110101111000001111100001100001101010101111011010001001000110100001000011001000111011000000000000000000000000000000000000000000000000000000000000000000000000000000000000000000 0 0
5580 38.950 LR999928.1	2329297 ( 0 ) 110100110101111000001111100001100001101010101111011010001001000110100001000011001000111011000000000000000000000000000000000000000000000000000000000000000000000000000000000000000000 0 0
5487 38.950 LR999928.1	2052372 ( 0 ) 110100110101111000001111100001100001101010101111011010001001000110100001000011001000111011000000000000000000000000000000000000000000000000000000000000000000000000000000000000000000 0 0
5500 38.950 LR999928.1	2052491 ( 0 ) 110100110101111000001111100001100001101010101111011010001001000110100001000011001000111011000000000000000000000000000000000000000000000000000000000000000000000000000000000000000000 0 0
5488 38.950 LR999928.1	2052385 ( 0 ) 110100110101111000001111100001100001101010101111011010001001000110100001000011001000111011000000000000000000000000000000000000000000000000000000000000000000000000000000000000000000 0 0
5761 40.061 LR999928.1	3324061 ( 0 ) 110100110101111000001111100000100001101010101111011010001001000110100001000011001000111011000000000000000000000000000000000000000000000000000000000000000000000000000000000000000000 1 0
5765 41.172 LR999928.1	3324492 ( 0 ) 110100110101111000001111100000100001101010101111010010001001000110100001000011001000111011000000000000000000000000000000000000000000000000000000000000000000000000000000000000000000 1 0
5629 41.172 LR999928.1	2610443 ( 0 ) 110100110101111000001111100000100001101010101111010010001001000110100001000011001000111011000000000000000000000000000000000000000000000000000000000000000000000000000000000000000000 0 0
5717 41.172 LR999928.1	2953506 ( 0 ) 110100110101111000001111100000100001101010101111010010001001000110100001000011001000111011000000000000000000000000000000000000000000000000000000000000000000000000000000000000000000 0 0
5716 41.172 LR999928.1	2953488 ( 0 ) 110100110101111000001111100000100001101010101111010010001001000110100001000011001000111011000000000000000000000000000000000000000000000000000000000000000000000000000000000000000000 0 0
5679 41.172 LR999928.1	2759136 ( 0 ) 110100110101111000001111100000100001101010101111010010001001000110100001000011001000111011000000000000000000000000000000000000000000000000000000000000000000000000000000000000000000 0 0
5632 41.172 LR999928.1	2647720 ( 0 ) 110100110101111000001111100000100001101010101111010010001001000110100001000011001000111011000000000000000000000000000000000000000000000000000000000000000000000000000000000000000000 0 0
5705 41.172 LR999928.1	2953258 ( 0 ) 110100110101111000001111100000100001101010101111010010001001000110100001000011001000111011000000000000000000000000000000000000000000000000000000000000000000000000000000000000000000 0 0
5661 41.172 LR999928.1	2745263 ( 0 ) 110100110101111000001111100000100001101010101111010010001001000110100001000011001000111011000000000000000000000000000000000000000000000000000000000000000000000000000000000000000000 0 0
5739 41.172 LR999928.1	3317507 ( 0 ) 110100110101111000001111100000100001101010101111010010001001000110100001000011001000111011000000000000000000000000000000000000000000000000000000000000000000000000000000000000000000 0 0
5698 41.172 LR999928.1	2882885 ( 0 ) 110100110101111000001111100000100001101010101111010010001001000110100001000011001000111011000000000000000000000000000000000000000000000000000000000000000000000000000000000000000000 0 0
5700 41.172 LR999928.1	2883016 ( 0 ) 110100110101111000001111100000100001101010101111010010001001000110100001000011001000111011000000000000000000000000000000000000000000000000000000000000000000000000000000000000000000 0 0
5631 41.172 LR999928.1	2610637 ( 0 ) 110100110101111000001111100000100001101010101111010010001001000110100001000011001000111011000000000000000000000000000000000000000000000000000000000000000000000000000000000000000000 0 0
5770 43.396 LR999928.1	3773093 ( 0 ) 110100100101111000001111100000100001101010101111010010000001000110100001000011001000111011000000000000000000000000000000000000000000000000000000000000000000000000000000000000000000 2 0
5482 44.507 LR999928.1	1979946 ( 0 ) 110100100101111000001111100000100001101010101111010010000001000110100001000010001000111011000000000000000000000000000000000000000000000000000000000000000000000000000000000000000000 1 0
5367 44.507 LR999928.1	1256147 ( 0 ) 110100100101111000001111100000100001101010101111010010000001000110100001000010001000111011000000000000000000000000000000000000000000000000000000000000000000000000000000000000000000 0 0
5793 45.618 LR999928.1	4268385 ( 0 ) 110100100101111000001111100100100001101010101111010010000001000110100001000010001000111011000000000000000000000000000000000000000000000000000000000000000000000000000000000000000000 1 0
5807 50.075 LR999928.1	4607057 ( 0 ) 110100000101111000001111100100100000101010101111010010000001000110000011000010001000111011000000000000000000000000000000000000000000000000000000000000000000000000000000000000000000 4 0
5862 50.075 LR999928.1	4839369 ( 0 ) 110100000101111000001111100100100000101010101111010010000001000110000011000010001000111011000000000000000000000000000000000000000000000000000000000000000000000000000000000000000000 0 0
5911 50.075 LR999928.1	5206081 ( 0 ) 110100000101111000001111100100100000101010101111010010000001000110000011000010001000111011000000000000000000000000000000000000000000000000000000000000000000000000000000000000000000 0 0
5923 50.075 LR999928.1	5206120 ( 0 ) 110100000101111000001111100100100000101010101111010010000001000110000011000010001000111011000000000000000000000000000000000000000000000000000000000000000000000000000000000000000000 0 0
5842 50.075 LR999928.1	4839183 ( 0 ) 110100000101111000001111100100100000101010101111010010000001000110000011000010001000111011000000000000000000000000000000000000000000000000000000000000000000000000000000000000000000 0 0
5921 50.075 LR999928.1	5206116 ( 0 ) 110100000101111000001111100100100000101010101111010010000001000110000011000010001000111011000000000000000000000000000000000000000000000000000000000000000000000000000000000000000000 0 0
5826 50.075 LR999928.1	4822042 ( 0 ) 110100000101111000001111100100100000101010101111010010000001000110000011000010001000111011000000000000000000000000000000000000000000000000000000000000000000000000000000000000000000 0 0
5913 50.075 LR999928.1	5206092 ( 0 ) 110100000101111000001111100100100000101010101111010010000001000110000011000010001000111011000000000000000000000000000000000000000000000000000000000000000000000000000000000000000000 0 0
5816 50.075 LR999928.1	4812742 ( 0 ) 110100000101111000001111100100100000101010101111010010000001000110000011000010001000111011000000000000000000000000000000000000000000000000000000000000000000000000000000000000000000 0 0
5908 50.075 LR999928.1	5206026 ( 0 ) 110100000101111000001111100100100000101010101111010010000001000110000011000010001000111011000000000000000000000000000000000000000000000000000000000000000000000000000000000000000000 0 0
5912 50.075 LR999928.1	5206087 ( 0 ) 110100000101111000001111100100100000101010101111010010000001000110000011000010001000111011000000000000000000000000000000000000000000000000000000000000000000000000000000000000000000 0 0
5808 50.075 LR999928.1	4607076 ( 0 ) 110100000101111000001111100100100000101010101111010010000001000110000011000010001000111011000000000000000000000000000000000000000000000000000000000000000000000000000000000000000000 0 0
5814 50.075 LR999928.1	4812681 ( 0 ) 110100000101111000001111100100100000101010101111010010000001000110000011000010001000111011000000000000000000000000000000000000000000000000000000000000000000000000000000000000000000 0 0
5817 50.075 LR999928.1	4812768 ( 0 ) 110100000101111000001111100100100000101010101111010010000001000110000011000010001000111011000000000000000000000000000000000000000000000000000000000000000000000000000000000000000000 0 0
5821 50.075 LR999928.1	4822016 ( 0 ) 110100000101111000001111100100100000101010101111010010000001000110000011000010001000111011000000000000000000000000000000000000000000000000000000000000000000000000000000000000000000 0 0
5806 50.075 LR999928.1	4607056 ( 0 ) 110100000101111000001111100100100000101010101111010010000001000110000011000010001000111011000000000000000000000000000000000000000000000000000000000000000000000000000000000000000000 0 0
5845 50.075 LR999928.1	4839261 ( 0 ) 110100000101111000001111100100100000101010101111010010000001000110000011000010001000111011000000000000000000000000000000000000000000000000000000000000000000000000000000000000000000 0 0
5861 50.075 LR999928.1	4839367 ( 0 ) 110100000101111000001111100100100000101010101111010010000001000110000011000010001000111011000000000000000000000000000000000000000000000000000000000000000000000000000000000000000000 0 0
5844 50.075 LR999928.1	4839244 ( 0 ) 110100000101111000001111100100100000101010101111010010000001000110000011000010001000111011000000000000000000000000000000000000000000000000000000000000000000000000000000000000000000 0 0
5916 50.075 LR999928.1	5206097 ( 0 ) 110100000101111000001111100100100000101010101111010010000001000110000011000010001000111011000000000000000000000000000000000000000000000000000000000000000000000000000000000000000000 0 0
5828 50.075 LR999928.1	4822050 ( 0 ) 110100000101111000001111100100100000101010101111010010000001000110000011000010001000111011000000000000000000000000000000000000000000000000000000000000000000000000000000000000000000 0 0
5856 50.075 LR999928.1	4839341 ( 0 ) 110100000101111000001111100100100000101010101111010010000001000110000011000010001000111011000000000000000000000000000000000000000000000000000000000000000000000000000000000000000000 0 0
5858 50.075 LR999928.1	4839348 ( 0 ) 110100000101111000001111100100100000101010101111010010000001000110000011000010001000111011000000000000000000000000000000000000000000000000000000000000000000000000000000000000000000 0 0
5813 50.075 LR999928.1	4812585 ( 0 ) 110100000101111000001111100100100000101010101111010010000001000110000011000010001000111011000000000000000000000000000000000000000000000000000000000000000000000000000000000000000000 0 0
6075 53.413 LR999928.1	6948719 ( 0 ) 110000000101111000001111100100110000111010101111010010000001000110000011000010001000111011000000000000000000000000000000000000000000000000000000000000000000000000000000000000000000 3 0
6017 53.413 LR999928.1	6274498 ( 0 ) 110000000101111000001111100100110000111010101111010010000001000110000011000010001000111011000000000000000000000000000000000000000000000000000000000000000000000000000000000000000000 0 0
6072 53.413 LR999928.1	6948439 ( 0 ) 110000000101111000001111100100110000111010101111010010000001000110000011000010001000111011000000000000000000000000000000000000000000000000000000000000000000000000000000000000000000 0 0
6035 53.413 LR999928.1	6383263 ( 0 ) 110000000101111000001111100100110000111010101111010010000001000110000011000010001000111011000000000000000000000000000000000000000000000000000000000000000000000000000000000000000000 0 0
5969 53.413 LR999928.1	6055444 ( 0 ) 110000000101111000001111100100110000111010101111010010000001000110000011000010001000111011000000000000000000000000000000000000000000000000000000000000000000000000000000000000000000 0 0
6016 53.413 LR999928.1	6274493 ( 0 ) 110000000101111000001111100100110000111010101111010010000001000110000011000010001000111011000000000000000000000000000000000000000000000000000000000000000000000000000000000000000000 0 0
6068 53.413 LR999928.1	6948276 ( 0 ) 110000000101111000001111100100110000111010101111010010000001000110000011000010001000111011000000000000000000000000000000000000000000000000000000000000000000000000000000000000000000 0 0
6067 53.413 LR999928.1	6948203 ( 0 ) 110000000101111000001111100100110000111010101111010010000001000110000011000010001000111011000000000000000000000000000000000000000000000000000000000000000000000000000000000000000000 0 0
5986 53.413 LR999928.1	6115875 ( 0 ) 110000000101111000001111100100110000111010101111010010000001000110000011000010001000111011000000000000000000000000000000000000000000000000000000000000000000000000000000000000000000 0 0
6019 53.413 LR999928.1	6274516 ( 0 ) 110000000101111000001111100100110000111010101111010010000001000110000011000010001000111011000000000000000000000000000000000000000000000000000000000000000000000000000000000000000000 0 0
6128 54.524 LR999928.1	7330068 ( 0 ) 110000000101110000001111100100110000111010101111010010000001000110000011000010001000111011000000000000000000000000000000000000000000000000000000000000000000000000000000000000000000 1 0
6116 54.524 LR999928.1	7329813 ( 0 ) 110000000101110000001111100100110000111010101111010010000001000110000011000010001000111011000000000000000000000000000000000000000000000000000000000000000000000000000000000000000000 0 0
6360 54.524 LR999928.1	9435848 ( 0 ) 110000000101110000001111100100110000111010101111010010000001000110000011000010001000111011000000000000000000000000000000000000000000000000000000000000000000000000000000000000000000 0 0
6121 54.524 LR999928.1	7329997 ( 0 ) 110000000101110000001111100100110000111010101111010010000001000110000011000010001000111011000000000000000000000000000000000000000000000000000000000000000000000000000000000000000000 0 0
6120 54.524 LR999928.1	7329985 ( 0 ) 110000000101110000001111100100110000111010101111010010000001000110000011000010001000111011000000000000000000000000000000000000000000000000000000000000000000000000000000000000000000 0 0
6104 54.524 LR999928.1	7329570 ( 0 ) 110000000101110000001111100100110000111010101111010010000001000110000011000010001000111011000000000000000000000000000000000000000000000000000000000000000000000000000000000000000000 0 0
6131 54.524 LR999928.1	7364525 ( 0 ) 110000000101110000001111100100110000111010101111010010000001000110000011000010001000111011000000000000000000000000000000000000000000000000000000000000000000000000000000000000000000 0 0
6108 54.524 LR999928.1	7329610 ( 0 ) 110000000101110000001111100100110000111010101111010010000001000110000011000010001000111011000000000000000000000000000000000000000000000000000000000000000000000000000000000000000000 0 0
6127 54.524 LR999928.1	7330063 ( 0 ) 110000000101110000001111100100110000111010101111010010000001000110000011000010001000111011000000000000000000000000000000000000000000000000000000000000000000000000000000000000000000 0 0
6124 54.524 LR999928.1	7330028 ( 0 ) 110000000101110000001111100100110000111010101111010010000001000110000011000010001000111011000000000000000000000000000000000000000000000000000000000000000000000000000000000000000000 0 0
6129 54.524 LR999928.1	7364171 ( 0 ) 110000000101110000001111100100110000111010101111010010000001000110000011000010001000111011000000000000000000000000000000000000000000000000000000000000000000000000000000000000000000 0 0
6123 54.524 LR999928.1	7330020 ( 0 ) 110000000101110000001111100100110000111010101111010010000001000110000011000010001000111011000000000000000000000000000000000000000000000000000000000000000000000000000000000000000000 0 0
6109 54.524 LR999928.1	7329613 ( 0 ) 110000000101110000001111100100110000111010101111010010000001000110000011000010001000111011000000000000000000000000000000000000000000000000000000000000000000000000000000000000000000 0 0
6111 54.524 LR999928.1	7329729 ( 0 ) 110000000101110000001111100100110000111010101111010010000001000110000011000010001000111011000000000000000000000000000000000000000000000000000000000000000000000000000000000000000000 0 0
6122 54.524 LR999928.1	7329999 ( 0 ) 110000000101110000001111100100110000111010101111010010000001000110000011000010001000111011000000000000000000000000000000000000000000000000000000000000000000000000000000000000000000 0 0
6112 54.524 LR999928.1	7329741 ( 0 ) 110000000101110000001111100100110000111010101111010010000001000110000011000010001000111011000000000000000000000000000000000000000000000000000000000000000000000000000000000000000000 0 0
6106 54.524 LR999928.1	7329589 ( 0 ) 110000000101110000001111100100110000111010101111010010000001000110000011000010001000111011000000000000000000000000000000000000000000000000000000000000000000000000000000000000000000 0 0
6107 54.524 LR999928.1	7329601 ( 0 ) 110000000101110000001111100100110000111010101111010010000001000110000011000010001000111011000000000000000000000000000000000000000000000000000000000000000000000000000000000000000000 0 0
6110 54.524 LR999928.1	7329631 ( 0 ) 110000000101110000001111100100110000111010101111010010000001000110000011000010001000111011000000000000000000000000000000000000000000000000000000000000000000000000000000000000000000 0 0
6115 54.524 LR999928.1	7329753 ( 0 ) 110000000101110000001111100100110000111010101111010010000001000110000011000010001000111011000000000000000000000000000000000000000000000000000000000000000000000000000000000000000000 0 0
6284 55.635 LR999928.1	8436154 ( 0 ) 110000000101110000001111100100110000110010101111010010000001000110000011000010001000111011000000000000000000000000000000000000000000000000000000000000000000000000000000000000000000 1 0
6144 55.635 LR999928.1	7440486 ( 0 ) 110000000101110000001111100100110000110010101111010010000001000110000011000010001000111011000000000000000000000000000000000000000000000000000000000000000000000000000000000000000000 0 0
6246 55.635 LR999928.1	8017472 ( 0 ) 110000000101110000001111100100110000110010101111010010000001000110000011000010001000111011000000000000000000000000000000000000000000000000000000000000000000000000000000000000000000 0 0
6243 55.635 LR999928.1	8017445 ( 0 ) 110000000101110000001111100100110000110010101111010010000001000110000011000010001000111011000000000000000000000000000000000000000000000000000000000000000000000000000000000000000000 0 0
6225 55.635 LR999928.1	8010128 ( 0 ) 110000000101110000001111100100110000110010101111010010000001000110000011000010001000111011000000000000000000000000000000000000000000000000000000000000000000000000000000000000000000 0 0
6134 55.635 LR999928.1	7440337 ( 0 ) 110000000101110000001111100100110000110010101111010010000001000110000011000010001000111011000000000000000000000000000000000000000000000000000000000000000000000000000000000000000000 0 0
6233 55.635 LR999928.1	8010387 ( 0 ) 110000000101110000001111100100110000110010101111010010000001000110000011000010001000111011000000000000000000000000000000000000000000000000000000000000000000000000000000000000000000 0 0
6215 55.635 LR999928.1	8009830 ( 0 ) 110000000101110000001111100100110000110010101111010010000001000110000011000010001000111011000000000000000000000000000000000000000000000000000000000000000000000000000000000000000000 0 0
6245 55.635 LR999928.1	8017470 ( 0 ) 110000000101110000001111100100110000110010101111010010000001000110000011000010001000111011000000000000000000000000000000000000000000000000000000000000000000000000000000000000000000 0 0
6244 55.635 LR999928.1	8017463 ( 0 ) 110000000101110000001111100100110000110010101111010010000001000110000011000010001000111011000000000000000000000000000000000000000000000000000000000000000000000000000000000000000000 0 0
6227 55.635 LR999928.1	8010156 ( 0 ) 110000000101110000001111100100110000110010101111010010000001000110000011000010001000111011000000000000000000000000000000000000000000000000000000000000000000000000000000000000000000 0 0
6229 55.635 LR999928.1	8010323 ( 0 ) 110000000101110000001111100100110000110010101111010010000001000110000011000010001000111011000000000000000000000000000000000000000000000000000000000000000000000000000000000000000000 0 0
6228 55.635 LR999928.1	8010203 ( 0 ) 110000000101110000001111100100110000110010101111010010000001000110000011000010001000111011000000000000000000000000000000000000000000000000000000000000000000000000000000000000000000 0 0
6285 55.635 LR999928.1	8436155 ( 0 ) 110000000101110000001111100100110000110010101111010010000001000110000011000010001000111011000000000000000000000000000000000000000000000000000000000000000000000000000000000000000000 0 0
6146 55.635 LR999928.1	7440498 ( 0 ) 110000000101110000001111100100110000110010101111010010000001000110000011000010001000111011000000000000000000000000000000000000000000000000000000000000000000000000000000000000000000 0 0
6237 55.635 LR999928.1	8017222 ( 0 ) 110000000101110000001111100100110000110010101111010010000001000110000011000010001000111011000000000000000000000000000000000000000000000000000000000000000000000000000000000000000000 0 0
6220 55.635 LR999928.1	8010087 ( 0 ) 110000000101110000001111100100110000110010101111010010000001000110000011000010001000111011000000000000000000000000000000000000000000000000000000000000000000000000000000000000000000 0 0
6147 55.635 LR999928.1	7491876 ( 0 ) 110000000101110000001111100100110000110010101111010010000001000110000011000010001000111011000000000000000000000000000000000000000000000000000000000000000000000000000000000000000000 0 0
6240 55.635 LR999928.1	8017364 ( 0 ) 110000000101110000001111100100110000110010101111010010000001000110000011000010001000111011000000000000000000000000000000000000000000000000000000000000000000000000000000000000000000 0 0
6230 55.635 LR999928.1	8010327 ( 0 ) 110000000101110000001111100100110000110010101111010010000001000110000011000010001000111011000000000000000000000000000000000000000000000000000000000000000000000000000000000000000000 0 0
6274 55.635 LR999928.1	8271979 ( 0 ) 110000000101110000001111100100110000110010101111010010000001000110000011000010001000111011000000000000000000000000000000000000000000000000000000000000000000000000000000000000000000 0 0
6241 55.635 LR999928.1	8017405 ( 0 ) 110000000101110000001111100100110000110010101111010010000001000110000011000010001000111011000000000000000000000000000000000000000000000000000000000000000000000000000000000000000000 0 0
6325 56.747 LR999928.1	9217289 ( 0 ) 110000000101110000001111100100110000110010111111010010000001000110000011000010001000111011000000000000000000000000000000000000000000000000000000000000000000000000000000000000000000 1 0
6341 56.747 LR999928.1	9348180 ( 0 ) 110000000101110000001111100100110000110010111111010010000001000110000011000010001000111011000000000000000000000000000000000000000000000000000000000000000000000000000000000000000000 0 0
6321 56.747 LR999928.1	9217229 ( 0 ) 110000000101110000001111100100110000110010111111010010000001000110000011000010001000111011000000000000000000000000000000000000000000000000000000000000000000000000000000000000000000 0 0
6338 56.747 LR999928.1	9217510 ( 0 ) 110000000101110000001111100100110000110010111111010010000001000110000011000010001000111011000000000000000000000000000000000000000000000000000000000000000000000000000000000000000000 0 0
6376 56.747 LR999928.1	9436168 ( 0 ) 110000000101110000001111100100110000110010111111010010000001000110000011000010001000111011000000000000000000000000000000000000000000000000000000000000000000000000000000000000000000 0 0
6345 56.747 LR999928.1	9348187 ( 0 ) 110000000101110000001111100100110000110010111111010010000001000110000011000010001000111011000000000000000000000000000000000000000000000000000000000000000000000000000000000000000000 0 0
6329 56.747 LR999928.1	9217443 ( 0 ) 110000000101110000001111100100110000110010111111010010000001000110000011000010001000111011000000000000000000000000000000000000000000000000000000000000000000000000000000000000000000 0 0
6351 56.747 LR999928.1	9348238 ( 0 ) 110000000101110000001111100100110000110010111111010010000001000110000011000010001000111011000000000000000000000000000000000000000000000000000000000000000000000000000000000000000000 0 0
6324 56.747 LR999928.1	9217283 ( 0 ) 110000000101110000001111100100110000110010111111010010000001000110000011000010001000111011000000000000000000000000000000000000000000000000000000000000000000000000000000000000000000 0 0
6318 56.747 LR999928.1	9217217 ( 0 ) 110000000101110000001111100100110000110010111111010010000001000110000011000010001000111011000000000000000000000000000000000000000000000000000000000000000000000000000000000000000000 0 0
6371 56.747 LR999928.1	9436113 ( 0 ) 110000000101110000001111100100110000110010111111010010000001000110000011000010001000111011000000000000000000000000000000000000000000000000000000000000000000000000000000000000000000 0 0
6372 56.747 LR999928.1	9436115 ( 0 ) 110000000101110000001111100100110000110010111111010010000001000110000011000010001000111011000000000000000000000000000000000000000000000000000000000000000000000000000000000000000000 0 0
6373 56.747 LR999928.1	9436120 ( 0 ) 110000000101110000001111100100110000110010111111010010000001000110000011000010001000111011000000000000000000000000000000000000000000000000000000000000000000000000000000000000000000 0 0
6334 56.747 LR999928.1	9217458 ( 0 ) 110000000101110000001111100100110000110010111111010010000001000110000011000010001000111011000000000000000000000000000000000000000000000000000000000000000000000000000000000000000000 0 0
6358 56.747 LR999928.1	9348293 ( 0 ) 110000000101110000001111100100110000110010111111010010000001000110000011000010001000111011000000000000000000000000000000000000000000000000000000000000000000000000000000000000000000 0 0
6367 56.747 LR999928.1	9435929 ( 0 ) 110000000101110000001111100100110000110010111111010010000001000110000011000010001000111011000000000000000000000000000000000000000000000000000000000000000000000000000000000000000000 0 0
6346 56.747 LR999928.1	9348193 ( 0 ) 110000000101110000001111100100110000110010111111010010000001000110000011000010001000111011000000000000000000000000000000000000000000000000000000000000000000000000000000000000000000 0 0
6332 56.747 LR999928.1	9217455 ( 0 ) 110000000101110000001111100100110000110010111111010010000001000110000011000010001000111011000000000000000000000000000000000000000000000000000000000000000000000000000000000000000000 0 0
6331 56.747 LR999928.1	9217452 ( 0 ) 110000000101110000001111100100110000110010111111010010000001000110000011000010001000111011000000000000000000000000000000000000000000000000000000000000000000000000000000000000000000 0 0
6366 56.747 LR999928.1	9435910 ( 0 ) 110000000101110000001111100100110000110010111111010010000001000110000011000010001000111011000000000000000000000000000000000000000000000000000000000000000000000000000000000000000000 0 0
6336 56.747 LR999928.1	9217466 ( 0 ) 110000000101110000001111100100110000110010111111010010000001000110000011000010001000111011000000000000000000000000000000000000000000000000000000000000000000000000000000000000000000 0 0
6330 56.747 LR999928.1	9217444 ( 0 ) 110000000101110000001111100100110000110010111111010010000001000110000011000010001000111011000000000000000000000000000000000000000000000000000000000000000000000000000000000000000000 0 0
6375 56.747 LR999928.1	9436144 ( 0 ) 110000000101110000001111100100110000110010111111010010000001000110000011000010001000111011000000000000000000000000000000000000000000000000000000000000000000000000000000000000000000 0 0
6374 56.747 LR999928.1	9436142 ( 0 ) 110000000101110000001111100100110000110010111111010010000001000110000011000010001000111011000000000000000000000000000000000000000000000000000000000000000000000000000000000000000000 0 0
6348 56.747 LR999928.1	9348208 ( 0 ) 110000000101110000001111100100110000110010111111010010000001000110000011000010001000111011000000000000000000000000000000000000000000000000000000000000000000000000000000000000000000 0 0
6396 58.970 LR999928.1	9862997 ( 0 ) 110000000101110000001111100100110000110010111111010110000001010110000011000010001000111011000000000000000000000000000000000000000000000000000000000000000000000000000000000000000000 2 0
6395 58.970 LR999928.1	9862909 ( 0 ) 110000000101110000001111100100110000110010111111010110000001010110000011000010001000111011000000000000000000000000000000000000000000000000000000000000000000000000000000000000000000 0 0
6399 58.970 LR999928.1	9926755 ( 0 ) 110000000101110000001111100100110000110010111111010110000001010110000011000010001000111011000000000000000000000000000000000000000000000000000000000000000000000000000000000000000000 0 0
6400 58.970 LR999928.1	9926941 ( 0 ) 110000000101110000001111100100110000110010111111010110000001010110000011000010001000111011000000000000000000000000000000000000000000000000000000000000000000000000000000000000000000 0 0
6384 58.970 LR999928.1	9809455 ( 0 ) 110000000101110000001111100100110000110010111111010110000001010110000011000010001000111011000000000000000000000000000000000000000000000000000000000000000000000000000000000000000000 0 0
6425 60.082 LR999928.1	10282308 ( 0 ) 110000000101110000001111100100110000110010111111010110000000010110000011000010001000111011000000000000000000000000000000000000000000000000000000000000000000000000000000000000000000 1 0
6422 60.082 LR999928.1	10278771 ( 0 ) 110000000101110000001111100100110000110010111111010110000000010110000011000010001000111011000000000000000000000000000000000000000000000000000000000000000000000000000000000000000000 0 0
6486 61.193 LR999928.1	10861299 ( 0 ) 110000000101110000001111100100110000110010111111010110000000010110000011000010001000011011000000000000000000000000000000000000000000000000000000000000000000000000000000000000000000 1 0
6476 61.193 LR999928.1	10804387 ( 0 ) 110000000101110000001111100100110000110010111111010110000000010110000011000010001000011011000000000000000000000000000000000000000000000000000000000000000000000000000000000000000000 0 0
6456 61.193 LR999928.1	10665309 ( 0 ) 110000000101110000001111100100110000110010111111010110000000010110000011000010001000011011000000000000000000000000000000000000000000000000000000000000000000000000000000000000000000 0 0
6447 61.193 LR999928.1	10665207 ( 0 ) 110000000101110000001111100100110000110010111111010110000000010110000011000010001000011011000000000000000000000000000000000000000000000000000000000000000000000000000000000000000000 0 0
6477 61.193 LR999928.1	10804389 ( 0 ) 110000000101110000001111100100110000110010111111010110000000010110000011000010001000011011000000000000000000000000000000000000000000000000000000000000000000000000000000000000000000 0 0
6531 62.304 LR999928.1	11434276 ( 0 ) 110000000101110000001101100100110000110010111111010110000000010110000011000010001000011011000000000000000000000000000000000000000000000000000000000000000000000000000000000000000000 1 0
6412 62.304 LR999928.1	9938095 ( 0 ) 110000000101110000001101100100110000110010111111010110000000010110000011000010001000011011000000000000000000000000000000000000000000000000000000000000000000000000000000000000000000 0 0
6530 62.304 LR999928.1	11434253 ( 0 ) 110000000101110000001101100100110000110010111111010110000000010110000011000010001000011011000000000000000000000000000000000000000000000000000000000000000000000000000000000000000000 0 0
6539 62.304 LR999928.1	11434592 ( 0 ) 110000000101110000001101100100110000110010111111010110000000010110000011000010001000011011000000000000000000000000000000000000000000000000000000000000000000000000000000000000000000 0 0
6537 62.304 LR999928.1	11434570 ( 0 ) 110000000101110000001101100100110000110010111111010110000000010110000011000010001000011011000000000000000000000000000000000000000000000000000000000000000000000000000000000000000000 0 0
6535 62.304 LR999928.1	11434565 ( 0 ) 110000000101110000001101100100110000110010111111010110000000010110000011000010001000011011000000000000000000000000000000000000000000000000000000000000000000000000000000000000000000 0 0
6538 62.304 LR999928.1	11434575 ( 0 ) 110000000101110000001101100100110000110010111111010110000000010110000011000010001000011011000000000000000000000000000000000000000000000000000000000000000000000000000000000000000000 0 0
6527 62.304 LR999928.1	11434247 ( 0 ) 110000000101110000001101100100110000110010111111010110000000010110000011000010001000011011000000000000000000000000000000000000000000000000000000000000000000000000000000000000000000 0 0
6528 62.304 LR999928.1	11434248 ( 0 ) 110000000101110000001101100100110000110010111111010110000000010110000011000010001000011011000000000000000000000000000000000000000000000000000000000000000000000000000000000000000000 0 0
6532 62.304 LR999928.1	11434315 ( 0 ) 110000000101110000001101100100110000110010111111010110000000010110000011000010001000011011000000000000000000000000000000000000000000000000000000000000000000000000000000000000000000 0 0
6533 62.304 LR999928.1	11434525 ( 0 ) 110000000101110000001101100100110000110010111111010110000000010110000011000010001000011011000000000000000000000000000000000000000000000000000000000000000000000000000000000000000000 0 0
6529 62.304 LR999928.1	11434251 ( 0 ) 110000000101110000001101100100110000110010111111010110000000010110000011000010001000011011000000000000000000000000000000000000000000000000000000000000000000000000000000000000000000 0 0
6524 63.416 LR999928.1	11386492 ( 0 ) 110000000101110000001101100100110000010010111111010110000000010110000011000010001000011011000000000000000000000000000000000000000000000000000000000000000000000000000000000000000000 1 0
6557 65.639 LR999928.1	11879694 ( 0 ) 110000000101110000001101100100110000010000111111010110000000010100000011000010001000011011000000000000000000000000000000000000000000000000000000000000000000000000000000000000000000 2 0
6570 65.639 LR999928.1	11993094 ( 0 ) 110000000101110000001101100100110000010000111111010110000000010100000011000010001000011011000000000000000000000000000000000000000000000000000000000000000000000000000000000000000000 0 0
6574 65.639 LR999928.1	11993183 ( 0 ) 110000000101110000001101100100110000010000111111010110000000010100000011000010001000011011000000000000000000000000000000000000000000000000000000000000000000000000000000000000000000 0 0
6571 65.639 LR999928.1	11993121 ( 0 ) 110000000101110000001101100100110000010000111111010110000000010100000011000010001000011011000000000000000000000000000000000000000000000000000000000000000000000000000000000000000000 0 0
6545 65.639 LR999928.1	11565614 ( 0 ) 110000000101110000001101100100110000010000111111010110000000010100000011000010001000011011000000000000000000000000000000000000000000000000000000000000000000000000000000000000000000 0 0
6577 65.639 LR999928.1	11993273 ( 0 ) 110000000101110000001101100100110000010000111111010110000000010100000011000010001000011011000000000000000000000000000000000000000000000000000000000000000000000000000000000000000000 0 0
6566 65.639 LR999928.1	11919628 ( 0 ) 110000000101110000001101100100110000010000111111010110000000010100000011000010001000011011000000000000000000000000000000000000000000000000000000000000000000000000000000000000000000 0 0
6573 65.639 LR999928.1	11993162 ( 0 ) 110000000101110000001101100100110000010000111111010110000000010100000011000010001000011011000000000000000000000000000000000000000000000000000000000000000000000000000000000000000000 0 0
6550 65.639 LR999928.1	11689873 ( 0 ) 110000000101110000001101100100110000010000111111010110000000010100000011000010001000011011000000000000000000000000000000000000000000000000000000000000000000000000000000000000000000 0 0
6548 65.639 LR999928.1	11565834 ( 0 ) 110000000101110000001101100100110000010000111111010110000000010100000011000010001000011011000000000000000000000000000000000000000000000000000000000000000000000000000000000000000000 0 0
6558 65.639 LR999928.1	11879935 ( 0 ) 110000000101110000001101100100110000010000111111010110000000010100000011000010001000011011000000000000000000000000000000000000000000000000000000000000000000000000000000000000000000 0 0
6559 65.639 LR999928.1	11879979 ( 0 ) 110000000101110000001101100100110000010000111111010110000000010100000011000010001000011011000000000000000000000000000000000000000000000000000000000000000000000000000000000000000000 0 0
6562 65.639 LR999928.1	11919308 ( 0 ) 110000000101110000001101100100110000010000111111010110000000010100000011000010001000011011000000000000000000000000000000000000000000000000000000000000000000000000000000000000000000 0 0
6564 65.639 LR999928.1	11919576 ( 0 ) 110000000101110000001101100100110000010000111111010110000000010100000011000010001000011011000000000000000000000000000000000000000000000000000000000000000000000000000000000000000000 0 0
6593 66.751 LR999928.1	12175528 ( 0 ) 110000000101110000011101100100110000010000111111010110000000010100000011000010001000011011000000000000000000000000000000000000000000000000000000000000000000000000000000000000000000 1 0
6585 66.751 LR999928.1	12175378 ( 0 ) 110000000101110000011101100100110000010000111111010110000000010100000011000010001000011011000000000000000000000000000000000000000000000000000000000000000000000000000000000000000000 0 0
6588 66.751 LR999928.1	12175460 ( 0 ) 110000000101110000011101100100110000010000111111010110000000010100000011000010001000011011000000000000000000000000000000000000000000000000000000000000000000000000000000000000000000 0 0
6591 66.751 LR999928.1	12175518 ( 0 ) 110000000101110000011101100100110000010000111111010110000000010100000011000010001000011011000000000000000000000000000000000000000000000000000000000000000000000000000000000000000000 0 0
6589 66.751 LR999928.1	12175486 ( 0 ) 110000000101110000011101100100110000010000111111010110000000010100000011000010001000011011000000000000000000000000000000000000000000000000000000000000000000000000000000000000000000 0 0
6586 66.751 LR999928.1	12175404 ( 0 ) 110000000101110000011101100100110000010000111111010110000000010100000011000010001000011011000000000000000000000000000000000000000000000000000000000000000000000000000000000000000000 0 0
6644 74.592 LR999928.1	12890444 ( 0 ) 110000000101110000011001100100110000010000111110010110100000110101000011000010001000011000000000000000000000000000000000000000000000000000000000000000000000000000000000000000000000 7 0
6605 74.592 LR999928.1	12544364 ( 0 ) 110000000101110000011001100100110000010000111110010110100000110101000011000010001000011000000000000000000000000000000000000000000000000000000000000000000000000000000000000000000000 0 0
6648 74.592 LR999928.1	12890612 ( 0 ) 110000000101110000011001100100110000010000111110010110100000110101000011000010001000011000000000000000000000000000000000000000000000000000000000000000000000000000000000000000000000 0 0
6599 75.703 LR999928.1	12543930 ( 0 ) 110000000101110000011001100100110000010000111110010110100000110101000011000010001000010000000000000000000000000000000000000000000000000000000000000000000000000000000000000000000000 1 0
6661 77.927 LR999928.1	13079645 ( 0 ) 110000000101110000011001100100110000010000111110010110100010110101000011000010001100010000000000000000000000000000000000000000000000000000000000000000000000000000000000000000000000 2 0
6667 80.151 LR999928.1	13148541 ( 0 ) 010000000101110000011001100100110000010100111110010110100010110101000011000010001100010000000000000000000000000000000000000000000000000000000000000000000000000000000000000000000000 2 0
6668 80.151 LR999928.1	13148542 ( 0 ) 010000000101110000011001100100110000010100111110010110100010110101000011000010001100010000000000000000000000000000000000000000000000000000000000000000000000000000000000000000000000 0 0
6923 80.151 LR999928.1	14641826 ( 0 ) 010000000101110000011001100100110000010100111110010110100010110101000011000010001100010000000000000000000000000000000000000000000000000000000000000000000000000000000000000000000000 0 0
6815 80.151 LR999928.1	14061948 ( 0 ) 010000000101110000011001100100110000010100111110010110100010110101000011000010001100010000000000000000000000000000000000000000000000000000000000000000000000000000000000000000000000 0 0
6924 80.151 LR999928.1	14651802 ( 0 ) 010000000101110000011001100100110000010100111110010110100010110101000011000010001100010000000000000000000000000000000000000000000000000000000000000000000000000000000000000000000000 0 0
6893 81.262 LR999928.1	14362324 ( 0 ) 010000000101110000011001110100110000010100111110010110100010110101000011000010001100010000000000000000000000000000000000000000000000000000000000000000000000000000000000000000000000 1 0
6887 81.262 LR999928.1	14362097 ( 0 ) 010000000101110000011001110100110000010100111110010110100010110101000011000010001100010000000000000000000000000000000000000000000000000000000000000000000000000000000000000000000000 0 0
6705 81.262 LR999928.1	13423902 ( 0 ) 010000000101110000011001110100110000010100111110010110100010110101000011000010001100010000000000000000000000000000000000000000000000000000000000000000000000000000000000000000000000 0 0
6706 81.262 LR999928.1	13423917 ( 0 ) 010000000101110000011001110100110000010100111110010110100010110101000011000010001100010000000000000000000000000000000000000000000000000000000000000000000000000000000000000000000000 0 0
6753 81.262 LR999928.1	13940155 ( 0 ) 010000000101110000011001110100110000010100111110010110100010110101000011000010001100010000000000000000000000000000000000000000000000000000000000000000000000000000000000000000000000 0 0
6913 81.262 LR999928.1	14581117 ( 0 ) 010000000101110000011001110100110000010100111110010110100010110101000011000010001100010000000000000000000000000000000000000000000000000000000000000000000000000000000000000000000000 0 0
6885 81.262 LR999928.1	14362044 ( 0 ) 010000000101110000011001110100110000010100111110010110100010110101000011000010001100010000000000000000000000000000000000000000000000000000000000000000000000000000000000000000000000 0 0
6704 81.262 LR999928.1	13423897 ( 0 ) 010000000101110000011001110100110000010100111110010110100010110101000011000010001100010000000000000000000000000000000000000000000000000000000000000000000000000000000000000000000000 0 0
6884 81.262 LR999928.1	14362039 ( 0 ) 010000000101110000011001110100110000010100111110010110100010110101000011000010001100010000000000000000000000000000000000000000000000000000000000000000000000000000000000000000000000 0 0
6890 81.262 LR999928.1	14362199 ( 0 ) 010000000101110000011001110100110000010100111110010110100010110101000011000010001100010000000000000000000000000000000000000000000000000000000000000000000000000000000000000000000000 0 0
6700 81.262 LR999928.1	13423856 ( 0 ) 010000000101110000011001110100110000010100111110010110100010110101000011000010001100010000000000000000000000000000000000000000000000000000000000000000000000000000000000000000000000 0 0
6814 81.262 LR999928.1	14061946 ( 0 ) 010000000101110000011001110100110000010100111110010110100010110101000011000010001100010000000000000000000000000000000000000000000000000000000000000000000000000000000000000000000000 0 0
6889 81.262 LR999928.1	14362160 ( 0 ) 010000000101110000011001110100110000010100111110010110100010110101000011000010001100010000000000000000000000000000000000000000000000000000000000000000000000000000000000000000000000 0 0
6692 81.262 LR999928.1	13402666 ( 0 ) 010000000101110000011001110100110000010100111110010110100010110101000011000010001100010000000000000000000000000000000000000000000000000000000000000000000000000000000000000000000000 0 0
6800 82.373 LR999928.1	14024935 ( 0 ) 010000000101110000011001110100110000010100111010010110100010110101000011000010001100010000000000000000000000000000000000000000000000000000000000000000000000000000000000000000000000 1 0
6811 82.373 LR999928.1	14061631 ( 0 ) 010000000101110000011001110100110000010100111010010110100010110101000011000010001100010000000000000000000000000000000000000000000000000000000000000000000000000000000000000000000000 0 0
6798 82.373 LR999928.1	14024929 ( 0 ) 010000000101110000011001110100110000010100111010010110100010110101000011000010001100010000000000000000000000000000000000000000000000000000000000000000000000000000000000000000000000 0 0
6997 84.597 LR999928.1	15387917 ( 0 ) 010000000111110000011001110100111000010100111010010110100010110101000011000010001100010000000000000000000000000000000000000000000000000000000000000000000000000000000000000000000000 2 0
6931 84.597 LR999928.1	15101404 ( 0 ) 010000000111110000011001110100111000010100111010010110100010110101000011000010001100010000000000000000000000000000000000000000000000000000000000000000000000000000000000000000000000 0 0
7043 84.597 LR999928.1	15549574 ( 0 ) 010000000111110000011001110100111000010100111010010110100010110101000011000010001100010000000000000000000000000000000000000000000000000000000000000000000000000000000000000000000000 0 0
7076 84.597 LR999928.1	15577703 ( 0 ) 010000000111110000011001110100111000010100111010010110100010110101000011000010001100010000000000000000000000000000000000000000000000000000000000000000000000000000000000000000000000 0 0
7077 84.597 LR999928.1	15577714 ( 0 ) 010000000111110000011001110100111000010100111010010110100010110101000011000010001100010000000000000000000000000000000000000000000000000000000000000000000000000000000000000000000000 0 0
7047 84.597 LR999928.1	15549625 ( 0 ) 010000000111110000011001110100111000010100111010010110100010110101000011000010001100010000000000000000000000000000000000000000000000000000000000000000000000000000000000000000000000 0 0
6932 84.597 LR999928.1	15101415 ( 0 ) 010000000111110000011001110100111000010100111010010110100010110101000011000010001100010000000000000000000000000000000000000000000000000000000000000000000000000000000000000000000000 0 0
7042 84.597 LR999928.1	15549541 ( 0 ) 010000000111110000011001110100111000010100111010010110100010110101000011000010001100010000000000000000000000000000000000000000000000000000000000000000000000000000000000000000000000 0 0
7080 84.597 LR999928.1	15577950 ( 0 ) 010000000111110000011001110100111000010100111010010110100010110101000011000010001100010000000000000000000000000000000000000000000000000000000000000000000000000000000000000000000000 0 0
6949 84.597 LR999928.1	15276791 ( 0 ) 010000000111110000011001110100111000010100111010010110100010110101000011000010001100010000000000000000000000000000000000000000000000000000000000000000000000000000000000000000000000 0 0
7078 84.597 LR999928.1	15577742 ( 0 ) 010000000111110000011001110100111000010100111010010110100010110101000011000010001100010000000000000000000000000000000000000000000000000000000000000000000000000000000000000000000000 0 0
6929 84.597 LR999928.1	15101321 ( 0 ) 010000000111110000011001110100111000010100111010010110100010110101000011000010001100010000000000000000000000000000000000000000000000000000000000000000000000000000000000000000000000 0 0
7004 84.597 LR999928.1	15387963 ( 0 ) 010000000111110000011001110100111000010100111010010110100010110101000011000010001100010000000000000000000000000000000000000000000000000000000000000000000000000000000000000000000000 0 0
6960 84.597 LR999928.1	15299449 ( 0 ) 010000000111110000011001110100111000010100111010010110100010110101000011000010001100010000000000000000000000000000000000000000000000000000000000000000000000000000000000000000000000 0 0
7079 84.597 LR999928.1	15577871 ( 0 ) 010000000111110000011001110100111000010100111010010110100010110101000011000010001100010000000000000000000000000000000000000000000000000000000000000000000000000000000000000000000000 0 0
6994 84.597 LR999928.1	15387852 ( 0 ) 010000000111110000011001110100111000010100111010010110100010110101000011000010001100010000000000000000000000000000000000000000000000000000000000000000000000000000000000000000000000 0 0
6951 84.597 LR999928.1	15276950 ( 0 ) 010000000111110000011001110100111000010100111010010110100010110101000011000010001100010000000000000000000000000000000000000000000000000000000000000000000000000000000000000000000000 0 0
6930 84.597 LR999928.1	15101397 ( 0 ) 010000000111110000011001110100111000010100111010010110100010110101000011000010001100010000000000000000000000000000000000000000000000000000000000000000000000000000000000000000000000 0 0
6959 84.597 LR999928.1	15277010 ( 0 ) 010000000111110000011001110100111000010100111010010110100010110101000011000010001100010000000000000000000000000000000000000000000000000000000000000000000000000000000000000000000000 0 0
6946 84.597 LR999928.1	15276765 ( 0 ) 010000000111110000011001110100111000010100111010010110100010110101000011000010001100010000000000000000000000000000000000000000000000000000000000000000000000000000000000000000000000 0 0
6954 84.597 LR999928.1	15276991 ( 0 ) 010000000111110000011001110100111000010100111010010110100010110101000011000010001100010000000000000000000000000000000000000000000000000000000000000000000000000000000000000000000000 0 0
6952 84.597 LR999928.1	15276956 ( 0 ) 010000000111110000011001110100111000010100111010010110100010110101000011000010001100010000000000000000000000000000000000000000000000000000000000000000000000000000000000000000000000 0 0
7005 84.597 LR999928.1	15387967 ( 0 ) 010000000111110000011001110100111000010100111010010110100010110101000011000010001100010000000000000000000000000000000000000000000000000000000000000000000000000000000000000000000000 0 0
6971 84.597 LR999928.1	15326292 ( 0 ) 010000000111110000011001110100111000010100111010010110100010110101000011000010001100010000000000000000000000000000000000000000000000000000000000000000000000000000000000000000000000 0 0
