37379 0 0 LR999950.1	8707814
37323 0 1 LR999950.1	8195460
37486 0 1 LR999950.1	9828196
37473 0 1 LR999950.1	9515956
37493 0 1 LR999950.1	9854118
37474 0 1 LR999950.1	9515971
37453 0 1 LR999950.1	9290446
37493 0 1 LR999950.1	9854118
37353 2 2 LR999950.1	8604654
37385 2 2 LR999950.1	8707868
37386 2 2 LR999950.1	8708099
37440 2 2 LR999950.1	9205102
37441 2 2 LR999950.1	9205403
37446 2 2 LR999950.1	9228041
37401 2 2 LR999950.1	8977625
37456 0 1 LR999950.1	9290461 3
37455 0 1 LR999950.1	9290454 3
37457 0 1 LR999950.1	9290472 3
37408 3 3 LR999950.1	8977723
37454 0 1 LR999950.1	9290452 3
37405 3 3 LR999950.1	8977692
37407 3 3 LR999950.1	8977704
37422 3 3 LR999950.1	9027073
37406 3 3 LR999950.1	8977693
37423 4 4 LR999950.1	9027097
37314 4 7 LR999950.1	7881371
37305 4 7 LR999950.1	7881289
37239 9 9 LR999950.1	7368290
37250 9 9 LR999950.1	7368322
37242 9 9 LR999950.1	7368303
37238 9 9 LR999950.1	7368288
37256 9 9 LR999950.1	7401608
37230 9 9 LR999950.1	7368244
37276 9 9 LR999950.1	7462827
37248 9 9 LR999950.1	7368315
37224 10 11 LR999950.1	7250149
37225 10 11 LR999950.1	7250189
37217 10 11 LR999950.1	7142098
37215 10 11 LR999950.1	7142095
37214 10 11 LR999950.1	7142093
40975 13 13 LR999940.1	6345787
37120 13 14 LR999950.1	6913248
37122 13 14 LR999950.1	6913299
37074 17 17 LR999950.1	6433653
37066 17 18 LR999950.1	6432635
37065 17 18 LR999950.1	6432630
37054 17 18 LR999950.1	6345378
37072 17 18 LR999950.1	6433645
37061 17 18 LR999950.1	6432539
37049 17 18 LR999950.1	6345243
37050 17 18 LR999950.1	6345303
37060 17 18 LR999950.1	6432530
37064 17 18 LR999950.1	6432599
37063 17 18 LR999950.1	6432578
36972 20 20 LR999950.1	5536818
36959 20 20 LR999950.1	5536489
36978 20 20 LR999950.1	5563261
36958 20 20 LR999950.1	5536464
36899 21 21 LR999950.1	4894567
36901 21 21 LR999950.1	4894594
40856 21 21 LR999940.1	815795
36900 21 21 LR999950.1	4894592
36896 21 21 LR999950.1	4894357
36925 21 21 LR999950.1	5258384
40845 21 21 LR999940.1	815713
36927 21 21 LR999950.1	5258500
36842 22 22 LR999950.1	4654548
36831 22 22 LR999950.1	4654165
40838 22 22 LR999940.1	815630
40846 22 22 LR999940.1	815721
40834 22 22 LR999940.1	815583
36836 22 22 LR999950.1	4654463
40847 22 22 LR999940.1	815723
40836 22 22 LR999940.1	815589
40841 22 22 LR999940.1	815692
40850 21 22 LR999940.1	815744
40843 22 22 LR999940.1	815710
40839 22 22 LR999940.1	815658
40831 22 22 LR999940.1	815558
40832 22 22 LR999940.1	815559
40852 22 22 LR999940.1	815747
40848 22 22 LR999940.1	815733
40842 22 22 LR999940.1	815696
40855 22 22 LR999940.1	815792
40853 22 22 LR999940.1	815757
36834 22 22 LR999950.1	4654221
36833 22 22 LR999950.1	4654213
36825 23 23 LR999950.1	4536611
36778 23 25 LR999950.1	4234734
36770 23 25 LR999950.1	4234692
36786 23 25 LR999950.1	4234979
36774 23 25 LR999950.1	4234724
36773 23 25 LR999950.1	4234718
36772 23 25 LR999950.1	4234700
36782 23 25 LR999950.1	4234953
36781 23 25 LR999950.1	4234774
36726 23 25 LR999950.1	3837349
36780 23 25 LR999950.1	4234771
36776 23 25 LR999950.1	4234730
36787 23 25 LR999950.1	4234981
36722 23 25 LR999950.1	3837272
36797 26 26 LR999950.1	4339029
36616 26 30 LR999950.1	3185527 102
36680 26 29 LR999950.1	3641244
36717 30 30 LR999950.1	3837069
36711 30 31 LR999950.1	3765981
36712 30 31 LR999950.1	3765982
36705 30 31 LR999950.1	3754748
36706 30 31 LR999950.1	3754752
36659 32 32 LR999950.1	3523185
36673 32 32 LR999950.1	3591601
36657 32 32 LR999950.1	3523163
36674 32 32 LR999950.1	3591628
36577 34 34 LR999950.1	2888333
36634 34 34 LR999950.1	3315255
36559 34 34 LR999950.1	2888027
36578 34 34 LR999950.1	2888336
36556 34 34 LR999950.1	2887943
36573 34 34 LR999950.1	2888301
36542 34 34 LR999950.1	2814071
36563 34 34 LR999950.1	2888156
36557 34 34 LR999950.1	2887955
36647 34 34 LR999950.1	3365281
36543 34 34 LR999950.1	2814094
36630 36 36 LR999950.1	3266816
36463 36 39 LR999950.1	2193216
36496 36 39 LR999950.1	2360979
36462 36 39 LR999950.1	2193206
36499 36 39 LR999950.1	2393721
36497 36 39 LR999950.1	2361268
36492 36 39 LR999950.1	2360924
36409 40 40 LR999950.1	1970913
36412 40 40 LR999950.1	1970978
36414 40 40 LR999950.1	1971080
36389 41 41 LR999950.1	1579489
36390 41 42 LR999950.1	1579490
36387 41 42 LR999950.1	1579377
36310 46 47 LR999950.1	206343
36374 46 46 LR999950.1	1288842
36311 46 47 LR999950.1	206344
36327 47 47 LR999950.1	216108
36358 47 47 LR999950.1	494819
36348 48 48 LR999950.1	438993
36350 48 48 LR999950.1	439007
36351 48 48 LR999950.1	439023
36347 48 48 LR999950.1	438973
36352 48 48 LR999950.1	439070
36399 57 57 LR999950.1	1874855
36550 57 69 LR999950.1	2887907
36551 57 69 LR999950.1	2887908
36549 57 69 LR999950.1	2887905
36552 70 70 LR999950.1	2887920
36944 70 75 LR999950.1	5438279
36820 75 77 LR999950.1	4536409
36821 75 77 LR999950.1	4536427
37157 81 81 LR999950.1	6985306
37161 81 81 LR999950.1	6985319
37158 82 82 LR999950.1	6985309
37159 82 82 LR999950.1	6985311
37160 82 82 LR999950.1	6985312
37162 82 82 LR999950.1	6985326
36844 84 84 LR999950.1	4654551
36507 84 87 LR999950.1	2394037
36502 84 87 LR999950.1	2393761
36503 84 87 LR999950.1	2393792
36506 84 87 LR999950.1	2393833
36505 84 87 LR999950.1	2393807
37077 88 95 LR999950.1	6510884
36847 84 95 LR999950.1	4654770
36719 95 96 LR999950.1	3837093
36449 101 101 LR999950.1	2128653
36617 101 102 LR999950.1	3185559
36450 96 101 LR999950.1	2128795
36504 101 101 LR999950.1	2393793
36753 101 102 LR999950.1	3859885
