25951 0 0 LR999941.1	10948474
25955 0 0 LR999941.1	10948523
25953 0 0 LR999941.1	10948486
25954 0 0 LR999941.1	10948490
25950 0 0 LR999941.1	10948471
25374 1 1 LR999941.1	5854293
26080 1 2 LR999941.1	11932331
26195 1 2 LR999941.1	12630522
25720 1 2 LR999941.1	9081446
25975 1 2 LR999941.1	11064221
25572 8 8 LR999941.1	7815178
26087 8 22 LR999941.1	11932379
26086 22 24 LR999941.1	11932343
26079 22 24 LR999941.1	11932327
26096 22 24 LR999941.1	11932604
26094 22 24 LR999941.1	11932547
26091 22 24 LR999941.1	11932511
26088 22 24 LR999941.1	11932503
26071 25 25 LR999941.1	11932186
26128 25 25 LR999941.1	12211979
26069 25 25 LR999941.1	11784506
26126 25 25 LR999941.1	12193703
26125 25 25 LR999941.1	12193701
26127 25 25 LR999941.1	12193709
26070 25 25 LR999941.1	11784527
26179 26 26 LR999941.1	12620046
26171 26 26 LR999941.1	12619838
26281 26 26 LR999941.1	13682507
26175 26 26 LR999941.1	12619874
26177 26 26 LR999941.1	12619991
26281 26 26 LR999941.1	13682507
26178 26 26 LR999941.1	12620029
26216 26 26 LR999941.1	13023691
26193 26 26 LR999941.1	12630516
26190 26 26 LR999941.1	12630498
26199 26 26 LR999941.1	12630725
26176 26 26 LR999941.1	12619990
26191 26 26 LR999941.1	12630502
26170 26 26 LR999941.1	12619792
26192 26 26 LR999941.1	12630507
26189 26 26 LR999941.1	12630495
26063 28 28 LR999941.1	11754080 32
25980 28 30 LR999941.1	11064295
26027 28 30 LR999941.1	11469814
26028 28 30 LR999941.1	11469853
25914 31 31 LR999941.1	10710206
25847 31 32 LR999941.1	9653868 34
25731 31 32 LR999941.1	9135354
25871 33 33 LR999941.1	9788415
25869 33 33 LR999941.1	9788394
25870 33 33 LR999941.1	9788412
25842 33 33 LR999941.1	9617409
25788 34 34 LR999941.1	9281033
25805 34 34 LR999941.1	9498764
25739 34 34 LR999941.1	9135419
25737 34 34 LR999941.1	9135412
25772 34 34 LR999941.1	9199715
25778 34 34 LR999941.1	9280740
25811 34 34 LR999941.1	9498858
25779 34 34 LR999941.1	9280743
25872 34 34 LR999941.1	9788418
25740 34 34 LR999941.1	9135436
25736 34 34 LR999941.1	9135392
25846 34 34 LR999941.1	9653866
25781 34 34 LR999941.1	9280748
25777 34 34 LR999941.1	9280734
25787 34 34 LR999941.1	9281024
25785 34 34 LR999941.1	9281001
25893 34 34 LR999941.1	10242822
25735 34 34 LR999941.1	9135385
25798 34 34 LR999941.1	9498694
25734 34 34 LR999941.1	9135374
25728 34 34 LR999941.1	9135335
25817 34 34 LR999941.1	9498915
25818 35 35 LR999941.1	9498920
25820 35 35 LR999941.1	9498931
25815 35 35 LR999941.1	9498903
25814 35 35 LR999941.1	9498899
25576 36 36 LR999941.1	7815216
7576 36 36 LR999929.1	4871264
25621 31 32 LR999941.1	8181981 36
25614 36 36 LR999941.1	8170902
25573 36 36 LR999941.1	7815196
25531 36 36 LR999941.1	7517297
25681 36 36 LR999941.1	8794292
25596 36 36 LR999941.1	7914382
25809 36 36 LR999941.1	9498838
25579 36 36 LR999941.1	7815235
25581 36 36 LR999941.1	7815242
25676 36 36 LR999941.1	8602132
25585 37 37 LR999941.1	7815280
25584 37 37 LR999941.1	7815277
25583 37 37 LR999941.1	7815271
25513 38 39 LR999941.1	7284472
25507 38 39 LR999941.1	7284283
25505 38 39 LR999941.1	7284270
25496 38 39 LR999941.1	7210023
25512 38 39 LR999941.1	7284447
25433 39 40 LR999941.1	6077099
25434 39 40 LR999941.1	6077105
25432 39 40 LR999941.1	6077087
25431 39 40 LR999941.1	6077086
25428 39 40 LR999941.1	6077054
25430 39 40 LR999941.1	6077082
25429 39 40 LR999941.1	6077055
25426 39 39 LR999941.1	6076998 42
25399 42 43 LR999941.1	5942694
25403 42 43 LR999941.1	5942827
25363 42 43 LR999941.1	5805892
25480 42 43 LR999941.1	6426807
25345 42 43 LR999941.1	5775516
25398 42 43 LR999941.1	5942686
25395 42 43 LR999941.1	5942664
25391 42 43 LR999941.1	5942646
25400 42 43 LR999941.1	5942790
25357 42 43 LR999941.1	5793673
25392 42 43 LR999941.1	5942651
25404 42 43 LR999941.1	5942875
25283 44 44 LR999941.1	5090378
25302 44 44 LR999941.1	5245807
25301 44 44 LR999941.1	5245806
25307 45 45 LR999941.1	5245850
25239 45 51 LR999941.1	4029917
25202 51 54 LR999941.1	3841887
25212 51 54 LR999941.1	3841981
25224 51 54 LR999941.1	3842064
25204 51 54 LR999941.1	3841915
25215 51 54 LR999941.1	3841990
25221 51 54 LR999941.1	3842032
25216 51 54 LR999941.1	3841998
25217 51 54 LR999941.1	3841999
25222 51 54 LR999941.1	3842050
25246 55 55 LR999941.1	4362789
25236 55 55 LR999941.1	4025680
25244 55 55 LR999941.1	4347701
25247 55 55 LR999941.1	4362795
25235 55 55 LR999941.1	4025455
25198 55 55 LR999941.1	3826921
25110 57 57 LR999941.1	3544425
25105 57 57 LR999941.1	3531599
25111 57 57 LR999941.1	3544431
25116 57 57 LR999941.1	3544733
25125 57 57 LR999941.1	3544806
25109 57 57 LR999941.1	3544391
25094 57 57 LR999941.1	3407733
25098 57 57 LR999941.1	3509880
25083 58 58 LR999941.1	3177716
25086 58 58 LR999941.1	3177803
25078 58 58 LR999941.1	3177554
25056 61 61 LR999941.1	2935052
25039 61 62 LR999941.1	2741649
24988 62 64 LR999941.1	1993357
25016 62 63 LR999941.1	2240836
25033 62 63 LR999941.1	2479757
24980 64 64 LR999941.1	1924851
24946 64 70 LR999941.1	1421714
24959 64 70 LR999941.1	1520302
24966 64 70 LR999941.1	1520576
24938 64 70 LR999941.1	1421630
24939 64 70 LR999941.1	1421654
24947 64 70 LR999941.1	1421731
24962 64 70 LR999941.1	1520341
24940 64 70 LR999941.1	1421659
24961 64 70 LR999941.1	1520317
24941 64 70 LR999941.1	1421660
24965 64 70 LR999941.1	1520562
24871 76 76 LR999941.1	735839
24883 76 76 LR999941.1	808164
24851 76 76 LR999941.1	690610
24853 76 76 LR999941.1	690639
24849 76 76 LR999941.1	690602
24885 76 76 LR999941.1	808364
24886 76 76 LR999941.1	808383
24852 76 76 LR999941.1	690613
24855 76 76 LR999941.1	690848
24850 76 76 LR999941.1	690603
24822 77 77 LR999941.1	367600
24823 77 77 LR999941.1	367603
24826 77 77 LR999941.1	645518
24898 80 80 LR999941.1	1018395
24908 80 80 LR999941.1	1018731
24909 80 80 LR999941.1	1018742
24901 81 81 LR999941.1	1018675
