40580 0 0 LR999955.1	2321275
40601 0 15 LR999955.1	2366984
40543 15 16 LR999955.1	2141850
40547 15 16 LR999955.1	2141927
40542 15 16 LR999955.1	2141845
40548 15 16 LR999955.1	2142031
40532 0 0 LR999955.1	1937938
40541 15 17 LR999955.1	2141839
40544 15 17 LR999955.1	2141882
40545 15 17 LR999955.1	2141898
40546 15 17 LR999955.1	2141926
40612 19 19 LR999955.1	2367192
40626 19 19 LR999955.1	2367257
40619 19 19 LR999955.1	2367224
40613 19 19 LR999955.1	2367196
40622 21 21 LR999955.1	2367236
40607 21 21 LR999955.1	2367175
40656 22 22 LR999955.1	2775844
40640 22 22 LR999955.1	2626424
40638 22 22 LR999955.1	2626403
40649 23 23 LR999955.1	2775632
40650 23 23 LR999955.1	2775740
40621 22 23 LR999955.1	2367235
40654 23 23 LR999955.1	2775842
40652 23 23 LR999955.1	2775770
30253 24 24 LR999944.1	10674840
30261 24 25 LR999944.1	10675112
30270 24 25 LR999944.1	10675175
30255 24 25 LR999944.1	10674863
30250 24 25 LR999944.1	10674823
30262 24 25 LR999944.1	10675117
40696 26 26 LR999955.1	3380032
40695 26 26 LR999955.1	3379999
40698 26 26 LR999955.1	3380049
40725 29 29 LR999955.1	4120853
40717 29 30 LR999955.1	3942058
40800 30 42 LR999955.1	5580980
40807 30 42 LR999955.1	5583184
40792 30 42 LR999955.1	5580672
40806 30 42 LR999955.1	5583145
40803 30 42 LR999955.1	5583001
40760 45 45 LR999955.1	5049968
