1563 0 0 LR999925.1	13952828
1661 0 11 LR999925.1	14965433
1455 0 0 LR999925.1	13274230
1659 11 13 LR999925.1	14965387
1489 0 0 LR999925.1	13425291
1658 11 13 LR999925.1	14965360
1688 14 14 LR999925.1	15319890
1590 14 14 LR999925.1	14634001
1699 14 14 LR999925.1	15478290 16
1729 14 14 LR999925.1	15927427
1753 14 14 LR999925.1	16164499
1733 14 14 LR999925.1	15927473
1682 14 14 LR999925.1	15319821
1685 14 14 LR999925.1	15319871
1611 14 14 LR999925.1	14670985
1684 14 14 LR999925.1	15319826
1677 14 14 LR999925.1	15188325
1726 14 14 LR999925.1	15927384
1778 14 14 LR999925.1	16215228
1637 14 14 LR999925.1	14964978
1731 14 14 LR999925.1	15927457
1613 14 14 LR999925.1	14706331
1642 14 14 LR999925.1	14965007
1667 14 14 LR999925.1	15187973
1683 14 14 LR999925.1	15319823
1727 14 14 LR999925.1	15927400
1732 14 14 LR999925.1	15927458
1610 14 14 LR999925.1	14670955
1669 14 14 LR999925.1	15187995
1735 14 14 LR999925.1	15927514
1686 14 14 LR999925.1	15319878
1687 14 14 LR999925.1	15319884
1689 14 14 LR999925.1	15319898
1666 14 14 LR999925.1	15187795
1505 15 15 LR999925.1	13551801
1507 15 15 LR999925.1	13551849
1523 15 15 LR999925.1	13713548
1488 15 15 LR999925.1	13425243
1521 15 15 LR999925.1	13713514
1525 15 15 LR999925.1	13713580
1527 15 15 LR999925.1	13713800
1575 15 15 LR999925.1	14146267
1526 15 15 LR999925.1	13713730
1583 15 15 LR999925.1	14229286
1580 15 15 LR999925.1	14229110
1524 15 15 LR999925.1	13713562
1466 16 16 LR999925.1	13274916
1467 16 16 LR999925.1	13274969
1429 16 16 LR999925.1	13113948 18
1465 16 16 LR999925.1	13274905
1464 16 16 LR999925.1	13274733
1396 17 17 LR999925.1	12951515
1442 17 17 LR999925.1	13212532
1409 17 17 LR999925.1	13050790
1391 17 17 LR999925.1	12951223
1363 17 17 LR999925.1	12780625
1443 17 17 LR999925.1	13212576
1413 17 17 LR999925.1	13051014
1370 17 17 LR999925.1	12872210
1415 17 17 LR999925.1	13051124
1414 17 17 LR999925.1	13051100
1395 17 17 LR999925.1	12951460
1426 16 16 LR999925.1	13113914 18
1355 18 19 LR999925.1	12550084
1354 18 19 LR999925.1	12550037
1330 18 19 LR999925.1	12297212
1302 21 21 LR999925.1	12104861
1301 21 21 LR999925.1	12104854
1292 21 21 LR999925.1	12043426
1248 23 23 LR999925.1	11156306
1147 23 23 LR999925.1	10527433
1206 23 23 LR999925.1	10879058
1277 23 23 LR999925.1	11738353
1149 23 23 LR999925.1	10527463
1156 23 23 LR999925.1	10549062
1249 23 23 LR999925.1	11156338
1159 23 23 LR999925.1	10549131
1278 23 23 LR999925.1	11738366
1179 23 23 LR999925.1	10706045
1279 23 23 LR999925.1	11738386
1145 23 23 LR999925.1	10527247
1105 27 27 LR999925.1	9775177
1107 27 27 LR999925.1	9775188
1056 28 28 LR999925.1	9093534
1048 28 28 LR999925.1	9085577
1049 28 28 LR999925.1	9085579
1067 28 28 LR999925.1	9143600
1058 28 28 LR999925.1	9093571
1057 28 28 LR999925.1	9093553
1060 28 28 LR999925.1	9093618
1061 28 28 LR999925.1	9134660
1012 28 28 LR999925.1	9017043
1050 28 28 LR999925.1	9085598
1066 28 28 LR999925.1	9143562
1014 28 28 LR999925.1	9017088
1059 28 28 LR999925.1	9093578
1075 28 28 LR999925.1	9358286
1003 29 29 LR999925.1	8912690
1005 29 29 LR999925.1	8912706
1008 29 29 LR999925.1	9016852
989 29 29 LR999925.1	8651065
921 29 29 LR999925.1	8301849
1007 29 29 LR999925.1	8912722
893 29 29 LR999925.1	7880968
975 29 29 LR999925.1	8590964
894 29 29 LR999925.1	7881166
1006 29 29 LR999925.1	8912714
927 29 29 LR999925.1	8328991
871 30 30 LR999925.1	7789747
885 30 30 LR999925.1	7860182
795 31 31 LR999925.1	7449176
796 31 31 LR999925.1	7449185
729 31 32 LR999925.1	6414179
792 31 31 LR999925.1	7449015
786 30 31 LR999925.1	7327316
793 31 31 LR999925.1	7449094
716 32 32 LR999925.1	6330620
646 32 32 LR999925.1	5891765 34 39 39
769 32 32 LR999925.1	6913060
722 32 32 LR999925.1	6330656
718 32 32 LR999925.1	6330643
734 32 32 LR999925.1	6414317
717 32 32 LR999925.1	6330637
713 32 32 LR999925.1	6330384
723 32 32 LR999925.1	6330668
720 32 32 LR999925.1	6330653
737 32 32 LR999925.1	6679653
645 32 32 LR999925.1	5891756 34
721 32 32 LR999925.1	6330654
741 32 32 LR999925.1	6751887
685 33 33 LR999925.1	6179584
693 33 33 LR999925.1	6179699
688 33 33 LR999925.1	6179603
691 33 33 LR999925.1	6179640
699 33 33 LR999925.1	6223143
687 33 33 LR999925.1	6179601
639 34 34 LR999925.1	5845692
578 34 34 LR999925.1	5554312
647 32 32 LR999925.1	5891775 34
579 34 34 LR999925.1	5554315
635 34 34 LR999925.1	5639718
628 34 34 LR999925.1	5639480
619 34 34 LR999925.1	5631742
560 34 34 LR999925.1	5274691
584 34 34 LR999925.1	5554334
634 34 34 LR999925.1	5639710
582 34 34 LR999925.1	5554328
583 34 34 LR999925.1	5554332
616 34 34 LR999925.1	5631663
589 34 34 LR999925.1	5554446
617 34 34 LR999925.1	5631694
580 34 34 LR999925.1	5554319
621 34 34 LR999925.1	5631872
585 34 34 LR999925.1	5554361
590 34 34 LR999925.1	5554519
552 36 36 LR999925.1	5092295
555 36 36 LR999925.1	5092347
537 36 36 LR999925.1	5091905
556 36 36 LR999925.1	5092350
504 37 37 LR999925.1	4712695
501 37 37 LR999925.1	4712346
472 38 38 LR999925.1	4567014
479 38 38 LR999925.1	4567319
481 38 38 LR999925.1	4567381
13542 38 38 LR999932.1	14617904
480 38 38 LR999925.1	4567357
648 39 39 LR999925.1	5892002
459 39 40 LR999925.1	4462515
457 39 40 LR999925.1	4442979
458 39 40 LR999925.1	4462433
464 39 40 LR999925.1	4462569
8131 39 40 LR999929.1	9575641
417 41 41 LR999925.1	4193509
415 41 41 LR999925.1	4193478
420 41 41 LR999925.1	4193796
340 44 44 LR999925.1	3194016
349 44 44 LR999925.1	3194162
367 44 44 LR999925.1	3746598
347 44 44 LR999925.1	3194079
346 44 44 LR999925.1	3194074
350 44 44 LR999925.1	3194203
343 44 44 LR999925.1	3194055
345 44 44 LR999925.1	3194064
298 46 46 LR999925.1	3118532
302 46 46 LR999925.1	3118557
221 46 46 LR999925.1	2759618
303 46 46 LR999925.1	3118566
22621 41 41 LR999938.1	9440511 46
258 46 46 LR999925.1	2852828
220 46 46 LR999925.1	2759585
248 46 46 LR999925.1	2818318
223 46 46 LR999925.1	2759637
156 50 50 LR999925.1	2258142
155 50 50 LR999925.1	2257968
165 50 50 LR999925.1	2339600
147 50 50 LR999925.1	2251372
169 50 50 LR999925.1	2339682
141 51 51 LR999925.1	2154665
133 51 51 LR999925.1	2147275
142 51 51 LR999925.1	2154826
143 51 51 LR999925.1	2225775
134 51 51 LR999925.1	2147308
87 54 54 LR999925.1	1347740
22 54 56 LR999925.1	643201
24 54 56 LR999925.1	895597
19 54 56 LR999925.1	642966
21 54 56 LR999925.1	643177
2 59 59 LR999925.1	528270
805 59 65 LR999925.1	7483406
