35217 0 0 LR999948.1	9527853
35252 0 9 LR999948.1	9842367
35223 0 10 LR999948.1	9528071
35254 9 10 LR999948.1	9842379
35256 9 10 LR999948.1	9842392
35258 9 10 LR999948.1	9842424
35294 11 11 LR999948.1	10438300
35311 11 11 LR999948.1	10732435
35038 21 21 LR999948.1	7346549
35039 21 21 LR999948.1	7346553
35042 21 21 LR999948.1	7346568
35044 21 21 LR999948.1	7346575
35034 21 21 LR999948.1	7346539
35036 21 21 LR999948.1	7346544
35035 21 21 LR999948.1	7346541
35043 21 21 LR999948.1	7346574
35040 21 21 LR999948.1	7346561
35045 21 21 LR999948.1	7346598
35032 21 21 LR999948.1	7346528
35037 21 21 LR999948.1	7346545
35041 21 21 LR999948.1	7346567
35065 28 28 LR999948.1	7686605
35151 28 28 LR999948.1	8648767
35066 28 28 LR999948.1	7686643
35081 28 28 LR999948.1	8117641
35064 28 28 LR999948.1	7686588
35026 28 28 LR999948.1	7346269
35084 28 28 LR999948.1	8117818
35142 28 28 LR999948.1	8648670
35082 28 28 LR999948.1	8117661
35145 28 28 LR999948.1	8648714
35174 29 29 LR999948.1	8689957
35176 29 29 LR999948.1	8690020
35175 29 29 LR999948.1	8690004
35177 29 29 LR999948.1	8690325
38698 31 31 LR999952.1	423128
38688 31 31 LR999952.1	422967
34983 32 32 LR999948.1	6823917
34977 32 32 LR999948.1	6823845
34996 32 32 LR999948.1	6837425
34992 32 32 LR999948.1	6825413
34980 32 32 LR999948.1	6823878
34948 33 33 LR999948.1	6579927
34956 33 33 LR999948.1	6614869
34927 34 34 LR999948.1	6015328
34928 34 34 LR999948.1	6015329
34925 34 34 LR999948.1	6015306
34924 34 34 LR999948.1	6015297
34922 34 34 LR999948.1	6015277
34929 34 34 LR999948.1	6015367
34926 34 34 LR999948.1	6015324
34923 34 34 LR999948.1	6015284
34914 35 35 LR999948.1	5872317
34877 35 40 LR999948.1	5099768
34854 35 40 LR999948.1	4933749
34858 35 40 LR999948.1	4933965
34859 35 40 LR999948.1	4933983
34857 35 40 LR999948.1	4933890
34853 35 40 LR999948.1	4933725
34800 42 42 LR999948.1	4304176
34814 42 42 LR999948.1	4403767
34830 42 42 LR999948.1	4640027
34763 42 42 LR999948.1	3986234
34781 42 42 LR999948.1	4110928
34752 42 42 LR999948.1	3986112
34593 44 44 LR999948.1	2790442
34666 44 45 LR999948.1	3255284
34716 44 45 LR999948.1	3487542
34679 44 45 LR999948.1	3408220
34665 44 45 LR999948.1	3255127
34718 44 45 LR999948.1	3487678
34678 44 45 LR999948.1	3408020
34681 44 45 LR999948.1	3408304
34680 44 45 LR999948.1	3408269
34715 44 45 LR999948.1	3487499
34717 44 45 LR999948.1	3487547
34584 48 48 LR999948.1	2674787
34516 48 55 LR999948.1	1788174
34521 48 55 LR999948.1	1788288
34473 48 55 LR999948.1	1511984
34515 48 55 LR999948.1	1788168
34519 48 55 LR999948.1	1788194
34518 48 55 LR999948.1	1788176
34520 48 55 LR999948.1	1788209
34517 48 55 LR999948.1	1788175
34475 48 55 LR999948.1	1512006
34522 48 55 LR999948.1	1788367
34476 48 55 LR999948.1	1512041
7721 56 56 LR999929.1	5754100
7714 56 57 LR999929.1	5754059
7722 56 57 LR999929.1	5754111
34381 60 60 LR999948.1	662419
34409 60 60 LR999948.1	851184
34382 60 60 LR999948.1	662496
34291 62 62 LR999948.1	230583
34359 62 62 LR999948.1	258937
34357 62 62 LR999948.1	258911
34361 62 62 LR999948.1	258941
34297 62 62 LR999948.1	230750
34317 64 64 LR999948.1	249246
34320 64 64 LR999948.1	249269
34321 64 64 LR999948.1	249298
34310 64 64 LR999948.1	249191
34404 68 68 LR999948.1	851036
7724 68 73 LR999929.1	5754129
7723 68 73 LR999929.1	5754113
34463 83 83 LR999948.1	1459250
34465 83 83 LR999948.1	1459274
34462 83 83 LR999948.1	1459248
34464 83 83 LR999948.1	1459260
34461 83 83 LR999948.1	1459245
