10441 0 0 LR999931.1	290619
10476 0 0 LR999931.1	618056
10599 0 2 LR999931.1	1494447
10470 0 0 LR999931.1	592940
10472 0 0 LR999931.1	592971
10469 0 0 LR999931.1	592902
10470 0 0 LR999931.1	592940
10370 0 0 LR999931.1	255052
10468 0 0 LR999931.1	592899
10516 2 2 LR999931.1	928102
10611 2 3 LR999931.1	1499096
10604 2 3 LR999931.1	1494721
10610 2 3 LR999931.1	1499072
10609 2 3 LR999931.1	1498872
10602 2 3 LR999931.1	1494472
10655 5 5 LR999931.1	2103474
10681 5 5 LR999931.1	2241239
10669 5 5 LR999931.1	2103644
10658 5 5 LR999931.1	2103511
10664 5 5 LR999931.1	2103628
10680 5 5 LR999931.1	2241214
10663 5 5 LR999931.1	2103622
10656 5 5 LR999931.1	2103507
10667 5 5 LR999931.1	2103640
10665 5 5 LR999931.1	2103631
10657 5 5 LR999931.1	2103510
10670 5 5 LR999931.1	2103656
10687 5 5 LR999931.1	2241343
10659 5 5 LR999931.1	2103520
10686 5 5 LR999931.1	2241286
10666 5 5 LR999931.1	2103633
10689 5 5 LR999931.1	2241348
10668 5 5 LR999931.1	2103643
10660 5 5 LR999931.1	2103604
10688 5 5 LR999931.1	2241344
10710 6 6 LR999931.1	2376436
10713 6 6 LR999931.1	2376638
10739 7 7 LR999931.1	2687307
10722 7 7 LR999931.1	2625064
10742 7 7 LR999931.1	2687314
10723 7 7 LR999931.1	2625158
10743 7 7 LR999931.1	2687317
10737 7 7 LR999931.1	2680495
10757 11 11 LR999931.1	2980569
10756 11 11 LR999931.1	2844843
10788 14 14 LR999931.1	3101548
10818 14 18 LR999931.1	3479681
10847 18 19 LR999931.1	3932103
10846 18 19 LR999931.1	3931954
10876 18 19 LR999931.1	4128586
10875 18 19 LR999931.1	4128500
10913 20 20 LR999931.1	4436893
10911 20 20 LR999931.1	4436847
10912 20 20 LR999931.1	4436877
10910 20 20 LR999931.1	4436846
10903 20 20 LR999931.1	4436596
10993 23 23 LR999931.1	5591119 25
10984 23 23 LR999931.1	5590797 25
11008 24 24 LR999931.1	5868468
11013 24 24 LR999931.1	5868664
11012 24 24 LR999931.1	5868483
11007 24 24 LR999931.1	5868467
11011 24 24 LR999931.1	5868480
10996 25 25 LR999931.1	5836976
11000 25 25 LR999931.1	5837071
11014 25 25 LR999931.1	5868778
11038 30 30 LR999931.1	6389587
11036 30 30 LR999931.1	6389471
11048 31 31 LR999931.1	6750042
11055 31 32 LR999931.1	7124370
11058 31 32 LR999931.1	7124573
11061 31 32 LR999931.1	7124671
11057 31 32 LR999931.1	7124389
11054 31 32 LR999931.1	7124363
11060 31 32 LR999931.1	7124612
11056 31 32 LR999931.1	7124375
11059 31 32 LR999931.1	7124576
11096 34 34 LR999931.1	7723419
11157 34 34 LR999931.1	8060061
11094 34 34 LR999931.1	7723392
11158 34 34 LR999931.1	8060253
11131 34 34 LR999931.1	8005886
11161 34 34 LR999931.1	8060301
11118 34 34 LR999931.1	7960484
11128 34 34 LR999931.1	8005841
11163 34 34 LR999931.1	8060310
11162 34 34 LR999931.1	8060305
11134 34 34 LR999931.1	8006026
11133 34 34 LR999931.1	8006025
11156 34 34 LR999931.1	8060020
11127 34 34 LR999931.1	8005840
11068 31 34 LR999931.1	7236053
11130 34 34 LR999931.1	8005851
11129 34 34 LR999931.1	8005843
11097 34 34 LR999931.1	7723448
11160 34 34 LR999931.1	8060289
5783 35 35 LR999928.1	4065210
11352 35 36 LR999931.1	9802772
11307 35 36 LR999931.1	9608878
11188 35 36 LR999931.1	8522953
11225 35 36 LR999931.1	8882635
11353 35 36 LR999931.1	9802796
11243 35 36 LR999931.1	9063288
11261 35 36 LR999931.1	9221347
11231 35 36 LR999931.1	8887945
11344 35 36 LR999931.1	9749775
11305 35 36 LR999931.1	9608835
19549 35 36 LR999936.1	10930283
11242 35 36 LR999931.1	9063211
11318 35 36 LR999931.1	9709057
11320 35 36 LR999931.1	9709266
19553 35 36 LR999936.1	10930336
19551 35 36 LR999936.1	10930326
11340 35 36 LR999931.1	9749562
11351 35 36 LR999931.1	9802765
11346 35 36 LR999931.1	9749821
11209 35 36 LR999931.1	8631344
19552 35 36 LR999936.1	10930334
29679 39 39 LR999944.1	6892817
11367 39 39 LR999931.1	10017932
11443 39 39 LR999931.1	10856501
11532 39 39 LR999931.1	12034949
11445 39 39 LR999931.1	10856515
11370 39 39 LR999931.1	10017973
11371 39 39 LR999931.1	10018017
11368 39 39 LR999931.1	10017969
11436 39 39 LR999931.1	10856406
11396 39 39 LR999931.1	10080318
11446 39 39 LR999931.1	10856519
11478 39 39 LR999931.1	11454183
11374 39 39 LR999931.1	10079718
11438 39 39 LR999931.1	10856433
11380 39 39 LR999931.1	10079985
11486 39 39 LR999931.1	11454432
11444 39 39 LR999931.1	10856502
11391 39 39 LR999931.1	10080231
11533 39 39 LR999931.1	12034966
11393 39 39 LR999931.1	10080270
11388 39 39 LR999931.1	10080109
11432 39 39 LR999931.1	10382586
11440 39 39 LR999931.1	10856453
11433 39 39 LR999931.1	10382660
11377 39 39 LR999931.1	10079931
11369 39 39 LR999931.1	10017972
11394 39 39 LR999931.1	10080289
11427 39 39 LR999931.1	10380925
11401 39 39 LR999931.1	10081920
11534 39 39 LR999931.1	12035002
11482 39 39 LR999931.1	11454370
11464 39 39 LR999931.1	11325477
11722 40 40 LR999931.1	13377385
11637 40 40 LR999931.1	12734789
11775 40 40 LR999931.1	13767124
11752 40 40 LR999931.1	13400299
11583 40 40 LR999931.1	12586811
5784 40 40 LR999928.1	4065231
11751 40 40 LR999931.1	13400289
11736 40 40 LR999931.1	13384396
11723 40 40 LR999931.1	13377386
11582 40 40 LR999931.1	12586701
11655 40 40 LR999931.1	12928005
11789 40 40 LR999931.1	13791603
11549 40 40 LR999931.1	12094251
11708 40 40 LR999931.1	13227054
11750 40 40 LR999931.1	13400288
11744 40 40 LR999931.1	13389251
11745 40 40 LR999931.1	13389284
11721 40 40 LR999931.1	13377352
11737 40 40 LR999931.1	13384449
11798 40 40 LR999931.1	13791661
11792 40 40 LR999931.1	13791610
11787 40 40 LR999931.1	13791599
11795 40 40 LR999931.1	13791643
11754 40 40 LR999931.1	13400584
11753 40 40 LR999931.1	13400312
11589 40 40 LR999931.1	12587619
11541 40 40 LR999931.1	12094032
11540 40 40 LR999931.1	12094022
11709 40 40 LR999931.1	13315122
11588 40 40 LR999931.1	12587609
11790 40 40 LR999931.1	13791604
11791 40 40 LR999931.1	13791605
11707 40 40 LR999931.1	13227044
11825 41 41 LR999931.1	13937373
11821 41 41 LR999931.1	13937180
11887 41 41 LR999931.1	15037626
11970 42 42 LR999931.1	15455331
11614 40 40 LR999931.1	12734436 42
11936 42 42 LR999931.1	15330246
11935 42 42 LR999931.1	15319163
11979 42 42 LR999931.1	15456289
11915 42 42 LR999931.1	15121156
11681 41 41 LR999931.1	13007050 44
11677 44 44 LR999931.1	13007021
29682 50 51 LR999944.1	6892876
29685 50 51 LR999944.1	6892894
11448 51 64 LR999931.1	10856606
11450 51 64 LR999931.1	10856676
11455 51 64 LR999931.1	10856711
11449 51 64 LR999931.1	10856610
11454 51 64 LR999931.1	10856703
11807 65 65 LR999931.1	13791895
11451 65 65 LR999931.1	10856689
11812 66 66 LR999931.1	13791908
11805 66 66 LR999931.1	13791876
11811 66 66 LR999931.1	13791905
11816 66 66 LR999931.1	13791930
11808 66 66 LR999931.1	13791896
11739 70 70 LR999931.1	13388887
11205 70 79 LR999931.1	8631327
10978 79 82 LR999931.1	5528127
10987 79 82 LR999931.1	5590865
39631 79 82 LR999953.1	4542913
11802 95 95 LR999931.1	13791859
10860 95 96 LR999931.1	4038822
10861 95 96 LR999931.1	4038824
10865 95 96 LR999931.1	4039120
10864 95 96 LR999931.1	4038867
10929 97 97 LR999931.1	4576062
11504 97 98 LR999931.1	11818490
10937 97 98 LR999931.1	4748494
11570 97 98 LR999931.1	12455474
11568 97 98 LR999931.1	12455426
10940 97 98 LR999931.1	4748504
10943 97 98 LR999931.1	4748520
11569 97 98 LR999931.1	12455428
11136 97 98 LR999931.1	8006028
10944 97 98 LR999931.1	4748524
10938 97 98 LR999931.1	4748501
10939 97 98 LR999931.1	4748502
