18292 0 0 LR999935.1	14319564
18286 0 0 LR999935.1	14319520
18287 0 0 LR999935.1	14319533
18289 0 0 LR999935.1	14319554
18238 6 6 LR999935.1	14056461
18231 6 6 LR999935.1	14056279
18274 6 6 LR999935.1	14298175
18265 6 6 LR999935.1	14297791
18232 6 6 LR999935.1	14056280
18239 6 6 LR999935.1	14056474
18229 6 6 LR999935.1	14056274
18266 6 6 LR999935.1	14297935 11
18366 8 9 LR999935.1	14722143
18364 8 9 LR999935.1	14722115
18365 8 9 LR999935.1	14722130
18390 8 9 LR999935.1	14838930
18368 8 9 LR999935.1	14722160
18367 8 9 LR999935.1	14722155
18387 8 9 LR999935.1	14838669
18370 8 9 LR999935.1	14722172
18375 8 9 LR999935.1	14739787
18389 8 9 LR999935.1	14838689
18391 8 9 LR999935.1	14838937
18392 8 9 LR999935.1	14838939
18369 8 9 LR999935.1	14722163
18388 8 9 LR999935.1	14838673
18315 11 11 LR999935.1	14352592
18268 6 6 LR999935.1	14297977 11
18312 12 12 LR999935.1	14352347
18139 11 12 LR999935.1	13301079
18143 11 12 LR999935.1	13301096
18061 15 15 LR999935.1	12480921
18060 15 15 LR999935.1	12480912
18062 15 15 LR999935.1	12544792
18079 16 16 LR999935.1	12634877
18072 16 16 LR999935.1	12634679
18046 16 16 LR999935.1	12456729
18057 16 16 LR999935.1	12480692
18080 16 16 LR999935.1	12634889
18052 16 16 LR999935.1	12456820
18050 16 16 LR999935.1	12456761
18087 16 16 LR999935.1	12850179
18081 16 16 LR999935.1	12634896
18082 16 16 LR999935.1	12634902
18056 16 16 LR999935.1	12456878
18070 16 16 LR999935.1	12634648
18077 16 16 LR999935.1	12634857
18076 16 16 LR999935.1	12634845
18084 17 17 LR999935.1	12634908
17973 17 20 LR999935.1	12046068
17965 17 20 LR999935.1	12046006
17975 17 20 LR999935.1	12046183
17971 17 20 LR999935.1	12046046
17963 17 20 LR999935.1	12046003
17974 17 20 LR999935.1	12046182
17966 17 20 LR999935.1	12046008
17964 17 20 LR999935.1	12046004
17972 17 20 LR999935.1	12046067
17962 17 20 LR999935.1	12046000
17977 17 20 LR999935.1	12046273
17969 17 20 LR999935.1	12046034
17967 17 20 LR999935.1	12046021
17968 17 20 LR999935.1	12046027
17976 17 20 LR999935.1	12046241
17920 23 23 LR999935.1	11447290
17910 23 24 LR999935.1	11216105
17894 23 24 LR999935.1	11212595
17890 23 24 LR999935.1	11212535
17860 23 24 LR999935.1	11184460
17909 23 24 LR999935.1	11216087
17908 23 24 LR999935.1	11216068
17891 23 24 LR999935.1	11212539
17900 23 24 LR999935.1	11212812
17901 23 24 LR999935.1	11212845
17876 23 24 LR999935.1	11196140
17898 23 24 LR999935.1	11212786
17915 23 24 LR999935.1	11319787
17902 23 24 LR999935.1	11212850
17838 25 25 LR999935.1	11060277 27
17825 25 25 LR999935.1	10865432
17820 25 25 LR999935.1	10865148
17817 25 25 LR999935.1	10865109
17819 25 25 LR999935.1	10865144
17760 26 26 LR999935.1	10624092
17710 26 26 LR999935.1	10052135
17812 26 26 LR999935.1	10865056
17769 26 26 LR999935.1	10707229
17785 26 26 LR999935.1	10707370
17795 26 26 LR999935.1	10707535
17707 26 26 LR999935.1	10051931
17790 26 26 LR999935.1	10707426
17783 26 26 LR999935.1	10707363
17770 26 26 LR999935.1	10707235
17772 26 26 LR999935.1	10707268
17793 26 26 LR999935.1	10707497
17679 26 26 LR999935.1	9977147
17807 26 26 LR999935.1	10736074
17716 26 26 LR999935.1	10216578
17811 26 26 LR999935.1	10736413
17773 26 26 LR999935.1	10707270
17706 26 26 LR999935.1	10051912
17708 26 26 LR999935.1	10052023
17786 26 26 LR999935.1	10707377
17803 26 26 LR999935.1	10735882
17794 26 26 LR999935.1	10707523
17768 26 26 LR999935.1	10707227
17787 26 26 LR999935.1	10707394
17709 26 26 LR999935.1	10052084
17705 26 26 LR999935.1	10051909
17676 26 26 LR999935.1	9977115
17715 26 26 LR999935.1	10216570
17792 26 26 LR999935.1	10707494
17784 26 26 LR999935.1	10707366
17615 27 27 LR999935.1	9327899
17617 27 27 LR999935.1	9327908
17689 27 27 LR999935.1	10044705
17620 27 27 LR999935.1	9327949
17666 29 29 LR999935.1	9729191
17643 29 29 LR999935.1	9631632
17641 29 29 LR999935.1	9631539
17638 29 29 LR999935.1	9631458
17645 29 29 LR999935.1	9631708
17610 30 30 LR999935.1	9198553
17627 30 30 LR999935.1	9376897
17599 30 30 LR999935.1	9128765
17624 30 30 LR999935.1	9328228
17520 32 32 LR999935.1	8244141
17588 32 32 LR999935.1	8887470
17590 32 32 LR999935.1	8887657
17521 32 32 LR999935.1	8244207
17563 32 32 LR999935.1	8735184
17587 32 32 LR999935.1	8887442
17496 34 34 LR999935.1	8106595
17508 34 34 LR999935.1	8106712
17462 35 35 LR999935.1	7504789
17463 35 35 LR999935.1	7504804
17469 35 35 LR999935.1	7697459
17460 35 35 LR999935.1	7504613
17459 35 35 LR999935.1	7504611
17467 35 35 LR999935.1	7688444
17464 35 35 LR999935.1	7504808
17461 35 35 LR999935.1	7504728
17383 37 37 LR999935.1	6971132
17342 37 37 LR999935.1	6692121
17388 37 37 LR999935.1	6971267
17400 37 37 LR999935.1	6971352
17335 37 37 LR999935.1	6691980
17380 37 37 LR999935.1	6971103
17402 37 37 LR999935.1	6971360
17381 37 37 LR999935.1	6971106
17404 37 37 LR999935.1	6971373
17341 37 37 LR999935.1	6692061
17391 37 37 LR999935.1	6971283
17379 37 37 LR999935.1	6971102
17338 37 37 LR999935.1	6692021
17387 37 37 LR999935.1	6971172
17386 37 37 LR999935.1	6971160
17392 37 37 LR999935.1	6971287
17401 37 37 LR999935.1	6971353
17397 37 37 LR999935.1	6971328
17398 37 37 LR999935.1	6971332
17297 38 38 LR999935.1	5994820
17292 38 38 LR999935.1	5994699
17299 38 38 LR999935.1	5994944
17302 38 38 LR999935.1	6013713
17291 38 38 LR999935.1	5994655
17240 39 39 LR999935.1	5581039
17249 39 39 LR999935.1	5795402
17241 39 39 LR999935.1	5581076
17298 39 39 LR999935.1	5994838
17250 41 41 LR999935.1	5795405
17231 41 43 LR999935.1	5375084
17180 41 43 LR999935.1	4867789
17218 41 43 LR999935.1	5368050
17222 41 43 LR999935.1	5368139
17237 41 43 LR999935.1	5580962
17236 41 43 LR999935.1	5479610
17235 41 43 LR999935.1	5479519
17225 41 43 LR999935.1	5368202
17214 41 43 LR999935.1	5289285
17208 41 43 LR999935.1	5289065
17219 41 43 LR999935.1	5368058
17179 44 44 LR999935.1	4867788
17156 44 44 LR999935.1	4564758
17178 44 44 LR999935.1	4867773
17165 44 44 LR999935.1	4564917
17149 44 44 LR999935.1	4498695
17175 44 44 LR999935.1	4867677
17129 44 44 LR999935.1	4330199
16755 49 49 LR999935.1	674759
16896 49 51 LR999935.1	2146679
16892 49 51 LR999935.1	2146673
16888 49 51 LR999935.1	2146668
16901 49 51 LR999935.1	2146690
16909 49 51 LR999935.1	2146704
16900 49 51 LR999935.1	2146689
16905 49 51 LR999935.1	2146699
16903 49 51 LR999935.1	2146694
16897 49 51 LR999935.1	2146683
16891 49 51 LR999935.1	2146671
16907 49 51 LR999935.1	2146701
16894 49 51 LR999935.1	2146676
16893 49 51 LR999935.1	2146675
16898 49 51 LR999935.1	2146686
16887 49 51 LR999935.1	2146667
16886 49 51 LR999935.1	2146664
16890 49 51 LR999935.1	2146670
16904 49 51 LR999935.1	2146696
16908 49 51 LR999935.1	2146702
16981 49 49 LR999935.1	2639176 52
16979 52 53 LR999935.1	2639156
16977 52 53 LR999935.1	2639022
16976 52 53 LR999935.1	2638988
16980 52 53 LR999935.1	2639175
17027 49 49 LR999935.1	2936606 54
17054 54 54 LR999935.1	3154143
17021 49 49 LR999935.1	2936543 54
17030 54 54 LR999935.1	3153474
17020 49 49 LR999935.1	2936499 54
6254 54 54 LR999928.1	8113715
17019 54 54 LR999935.1	2936483
17031 54 54 LR999935.1	3153482
17019 54 54 LR999935.1	2936483
17008 55 55 LR999935.1	2924623
17012 55 55 LR999935.1	2924943
17011 55 55 LR999935.1	2924859
17009 55 55 LR999935.1	2924674
16815 56 56 LR999935.1	1780227
16829 56 56 LR999935.1	1829670
16835 56 56 LR999935.1	1829742
16836 56 56 LR999935.1	1829756
16832 56 56 LR999935.1	1829704
16827 56 56 LR999935.1	1829643
16816 56 56 LR999935.1	1780294
16826 56 56 LR999935.1	1829534
16759 61 61 LR999935.1	728207
16768 61 61 LR999935.1	728602
16716 63 64 LR999935.1	159981
16717 63 64 LR999935.1	160112
16722 64 64 LR999935.1	163746
16751 64 66 LR999935.1	674414
