6206 0 0 LR999928.1	7937858
6214 0 0 LR999928.1	8009812
6205 0 0 LR999928.1	7937849
6208 0 0 LR999928.1	7937917
6209 0 0 LR999928.1	7938116
6264 1 1 LR999928.1	8271669
5229 0 0 LR999928.1	317126
5219 1 1 LR999928.1	166731
6939 1 1 LR999928.1	15276691
6799 0 1 LR999928.1	14024933
5687 1 1 LR999928.1	2870771 3
5684 3 3 LR999928.1	2870757
19847 1 1 LR999936.1	13584263
6207 0 0 LR999928.1	7937913
5458 1 1 LR999928.1	1897662
5463 1 1 LR999928.1	1897698
6462 1 1 LR999928.1	10765520
5468 1 1 LR999928.1	1897736
6940 1 1 LR999928.1	15276720
6261 1 1 LR999928.1	8271649
6681 1 1 LR999928.1	13261638
6000 1 2 LR999928.1	6220817
5220 1 1 LR999928.1	166749
5686 1 1 LR999928.1	2870769
5686 1 1 LR999928.1	2870769
5544 1 1 LR999928.1	2083970
6006 1 2 LR999928.1	6220872
5218 1 1 LR999928.1	166724
6188 2 3 LR999928.1	7749452
6192 2 3 LR999928.1	7749485
6190 2 3 LR999928.1	7749465
6189 2 3 LR999928.1	7749455
6193 2 3 LR999928.1	7749509
5462 7 7 LR999928.1	1897689
5469 7 8 LR999928.1	1897747
5464 8 9 LR999928.1	1897701
5454 7 9 LR999928.1	1897548
5451 8 9 LR999928.1	1897535
5457 8 9 LR999928.1	1897660
3926 15 15 LR999927.1	7061061
3927 15 16 LR999927.1	7098228
6445 16 16 LR999928.1	10664995
6389 16 23 LR999928.1	9809741
6390 16 23 LR999928.1	9809742
6102 24 24 LR999928.1	7329526
5693 24 26 LR999928.1	2871007
5315 26 28 LR999928.1	917807
5330 28 30 LR999928.1	918139
5320 29 30 LR999928.1	918080
5329 30 31 LR999928.1	918121
5328 31 33 LR999928.1	918117
5314 33 36 LR999928.1	917803
5347 36 37 LR999928.1	1150549
5197 37 40 LR999928.1	156341
5207 37 40 LR999928.1	156524
5196 37 40 LR999928.1	156334
5205 37 40 LR999928.1	156513
5211 37 40 LR999928.1	156584
5202 37 40 LR999928.1	156497
5210 37 42 LR999928.1	156551
5206 37 40 LR999928.1	156519
5199 37 40 LR999928.1	156393
5195 37 40 LR999928.1	156327
5378 37 40 LR999928.1	1299778
5209 37 40 LR999928.1	156532
5189 41 41 LR999928.1	156187
5188 41 41 LR999928.1	156184
5193 41 41 LR999928.1	156292
5396 41 41 LR999928.1	1335235
5187 41 41 LR999928.1	156025
5184 41 41 LR999928.1	155979
5183 41 41 LR999928.1	155970
5191 41 41 LR999928.1	156207
5185 41 41 LR999928.1	155993
5264 42 42 LR999928.1	657694
5253 42 42 LR999928.1	371233
5242 42 42 LR999928.1	371041
5300 42 42 LR999928.1	824843
5255 42 42 LR999928.1	371241
5400 42 42 LR999928.1	1412606
5180 42 42 LR999928.1	136340
5403 42 42 LR999928.1	1412639
5267 42 42 LR999928.1	657985
5406 42 42 LR999928.1	1434173
5404 42 42 LR999928.1	1412734
5186 41 42 LR999928.1	156017
5177 42 42 LR999928.1	136281
5256 42 42 LR999928.1	371254
5179 42 42 LR999928.1	136302
5393 42 42 LR999928.1	1335121
5254 42 42 LR999928.1	371237
5178 42 42 LR999928.1	136283
5243 42 42 LR999928.1	371069
5175 42 42 LR999928.1	136253
5176 42 42 LR999928.1	136271
5395 42 42 LR999928.1	1335185
5299 42 42 LR999928.1	824682
5402 42 42 LR999928.1	1412628
5170 41 42 LR999928.1	136198
5174 42 42 LR999928.1	136249
5429 43 43 LR999928.1	1532786
5459 43 43 LR999928.1	1897664
5430 43 43 LR999928.1	1532814
5475 43 43 LR999928.1	1940288
5460 43 43 LR999928.1	1897674
5465 43 43 LR999928.1	1897702
5427 43 43 LR999928.1	1532766
5487 45 45 LR999928.1	2052372
5579 45 45 LR999928.1	2329287
5494 45 45 LR999928.1	2052460
5517 45 45 LR999928.1	2052591
5488 45 45 LR999928.1	2052385
5508 45 45 LR999928.1	2052520
5515 45 45 LR999928.1	2052561
5497 45 45 LR999928.1	2052474
5501 45 45 LR999928.1	2052492
5485 45 45 LR999928.1	2052315
5518 45 45 LR999928.1	2052592
5500 45 45 LR999928.1	2052491
5519 45 45 LR999928.1	2052600
5502 45 45 LR999928.1	2052496
5580 45 45 LR999928.1	2329297
5499 45 45 LR999928.1	2052489
5631 47 47 LR999928.1	2610637
5679 47 47 LR999928.1	2759136
5705 47 47 LR999928.1	2953258
5739 47 47 LR999928.1	3317507
5698 47 47 LR999928.1	2882885
5717 47 47 LR999928.1	2953506
5632 47 47 LR999928.1	2647720
5629 47 47 LR999928.1	2610443
5661 47 47 LR999928.1	2745263
5761 47 47 LR999928.1	3324061
5765 47 47 LR999928.1	3324492
5716 47 47 LR999928.1	2953488
5700 47 47 LR999928.1	2883016
5770 49 49 LR999928.1	3773093
5482 49 50 LR999928.1	1979946
5367 49 50 LR999928.1	1256147
5793 51 51 LR999928.1	4268385
5912 51 55 LR999928.1	5206087
5826 51 55 LR999928.1	4822042
5923 51 55 LR999928.1	5206120
5842 51 55 LR999928.1	4839183
5856 51 55 LR999928.1	4839341
5813 51 55 LR999928.1	4812585
5862 51 55 LR999928.1	4839369
5821 51 55 LR999928.1	4822016
5828 51 55 LR999928.1	4822050
5916 51 55 LR999928.1	5206097
5861 51 55 LR999928.1	4839367
5816 51 55 LR999928.1	4812742
5808 51 55 LR999928.1	4607076
5817 51 55 LR999928.1	4812768
5908 51 55 LR999928.1	5206026
5844 51 55 LR999928.1	4839244
5858 51 55 LR999928.1	4839348
5913 51 55 LR999928.1	5206092
5814 51 55 LR999928.1	4812681
30104 51 55 LR999944.1	9502382
5921 51 55 LR999928.1	5206116
5911 51 55 LR999928.1	5206081
5845 51 55 LR999928.1	4839261
5807 51 55 LR999928.1	4607057
5806 51 55 LR999928.1	4607056
6075 58 58 LR999928.1	6948719
6068 58 58 LR999928.1	6948276
6072 58 58 LR999928.1	6948439
5969 58 58 LR999928.1	6055444
6035 58 58 LR999928.1	6383263
6017 58 58 LR999928.1	6274498
6067 58 58 LR999928.1	6948203
5986 58 58 LR999928.1	6115875
6019 58 58 LR999928.1	6274516
6016 58 58 LR999928.1	6274493
6127 59 59 LR999928.1	7330063
6106 59 59 LR999928.1	7329589
6111 59 59 LR999928.1	7329729
6110 59 59 LR999928.1	7329631
6360 58 59 LR999928.1	9435848 61
6104 59 59 LR999928.1	7329570
6109 59 59 LR999928.1	7329613
6120 59 59 LR999928.1	7329985
6123 59 59 LR999928.1	7330020
6116 59 59 LR999928.1	7329813
6129 59 59 LR999928.1	7364171
6112 59 59 LR999928.1	7329741
6121 59 59 LR999928.1	7329997
6107 59 59 LR999928.1	7329601
6108 59 59 LR999928.1	7329610
6128 59 59 LR999928.1	7330068
6115 59 59 LR999928.1	7329753
6122 59 59 LR999928.1	7329999
6131 59 59 LR999928.1	7364525
6124 59 59 LR999928.1	7330028
6237 60 60 LR999928.1	8017222
6215 60 60 LR999928.1	8009830
6241 60 60 LR999928.1	8017405
6228 60 60 LR999928.1	8010203
6284 60 60 LR999928.1	8436154
6246 60 60 LR999928.1	8017472
6243 60 60 LR999928.1	8017445
6230 60 60 LR999928.1	8010327
6134 60 60 LR999928.1	7440337
6233 60 60 LR999928.1	8010387
6244 60 60 LR999928.1	8017463
6220 60 60 LR999928.1	8010087
6274 60 60 LR999928.1	8271979
6245 60 60 LR999928.1	8017470
6227 60 60 LR999928.1	8010156
6147 60 60 LR999928.1	7491876
6144 60 60 LR999928.1	7440486
6240 60 60 LR999928.1	8017364
6285 60 60 LR999928.1	8436155
6225 60 60 LR999928.1	8010128
6146 60 60 LR999928.1	7440498
6229 60 60 LR999928.1	8010323
6325 61 61 LR999928.1	9217289
6373 61 61 LR999928.1	9436120
6372 61 61 LR999928.1	9436115
6346 61 61 LR999928.1	9348193
6336 61 61 LR999928.1	9217466
6351 61 61 LR999928.1	9348238
6348 61 61 LR999928.1	9348208
6374 61 61 LR999928.1	9436142
6375 61 61 LR999928.1	9436144
6338 61 61 LR999928.1	9217510
6366 61 61 LR999928.1	9435910
6330 61 61 LR999928.1	9217444
6376 61 61 LR999928.1	9436168
6334 61 61 LR999928.1	9217458
6331 61 61 LR999928.1	9217452
6358 61 61 LR999928.1	9348293
6367 61 61 LR999928.1	9435929
6318 61 61 LR999928.1	9217217
6329 61 61 LR999928.1	9217443
6321 61 61 LR999928.1	9217229
6341 61 61 LR999928.1	9348180
6371 61 61 LR999928.1	9436113
6345 61 61 LR999928.1	9348187
6332 61 61 LR999928.1	9217455
6324 61 61 LR999928.1	9217283
6400 63 63 LR999928.1	9926941
6395 63 63 LR999928.1	9862909
6384 63 63 LR999928.1	9809455
6399 63 63 LR999928.1	9926755
6396 63 63 LR999928.1	9862997
6422 64 64 LR999928.1	10278771
6425 64 64 LR999928.1	10282308
6456 65 65 LR999928.1	10665309
6477 65 65 LR999928.1	10804389
6486 65 65 LR999928.1	10861299
6447 65 65 LR999928.1	10665207
6476 65 65 LR999928.1	10804387
6535 66 66 LR999928.1	11434565
6412 66 66 LR999928.1	9938095
6527 66 66 LR999928.1	11434247
6539 66 66 LR999928.1	11434592
6537 66 66 LR999928.1	11434570
6532 66 66 LR999928.1	11434315
6533 66 66 LR999928.1	11434525
6528 66 66 LR999928.1	11434248
6529 66 66 LR999928.1	11434251
6538 66 66 LR999928.1	11434575
6531 66 66 LR999928.1	11434276
6530 66 66 LR999928.1	11434253
6524 67 67 LR999928.1	11386492
6577 67 69 LR999928.1	11993273
6559 67 69 LR999928.1	11879979
6558 67 69 LR999928.1	11879935
6570 67 69 LR999928.1	11993094
6550 67 69 LR999928.1	11689873
6574 67 69 LR999928.1	11993183
6548 67 69 LR999928.1	11565834
6573 67 69 LR999928.1	11993162
6571 67 69 LR999928.1	11993121
6545 67 69 LR999928.1	11565614
6564 67 69 LR999928.1	11919576
6557 67 69 LR999928.1	11879694
6566 67 69 LR999928.1	11919628
6562 67 69 LR999928.1	11919308
6589 70 70 LR999928.1	12175486
6586 70 70 LR999928.1	12175404
6593 70 70 LR999928.1	12175528
6591 70 70 LR999928.1	12175518
6588 70 70 LR999928.1	12175460
6585 70 70 LR999928.1	12175378
6605 77 77 LR999928.1	12544364
6644 77 77 LR999928.1	12890444
6648 77 77 LR999928.1	12890612
6599 78 78 LR999928.1	12543930
6661 78 80 LR999928.1	13079645
6815 80 82 LR999928.1	14061948
6924 80 82 LR999928.1	14651802
6667 80 82 LR999928.1	13148541
6668 80 82 LR999928.1	13148542
6704 83 83 LR999928.1	13423897
6706 83 83 LR999928.1	13423917
6753 83 83 LR999928.1	13940155
6889 83 83 LR999928.1	14362160
6700 83 83 LR999928.1	13423856
6885 83 83 LR999928.1	14362044
6705 83 83 LR999928.1	13423902
6887 83 83 LR999928.1	14362097
6692 83 83 LR999928.1	13402666
6884 83 83 LR999928.1	14362039
6893 83 83 LR999928.1	14362324
6814 83 83 LR999928.1	14061946
6923 80 82 LR999928.1	14641826 84
6890 84 84 LR999928.1	14362199
6913 84 84 LR999928.1	14581117
7004 86 86 LR999928.1	15387963
6949 86 86 LR999928.1	15276791
7078 86 86 LR999928.1	15577742
6929 86 86 LR999928.1	15101321
6959 86 86 LR999928.1	15277010
7042 86 86 LR999928.1	15549541
6971 86 86 LR999928.1	15326292
6994 86 86 LR999928.1	15387852
6954 86 86 LR999928.1	15276991
7005 86 86 LR999928.1	15387967
6997 86 86 LR999928.1	15387917
6960 86 86 LR999928.1	15299449
7043 86 86 LR999928.1	15549574
6930 86 86 LR999928.1	15101397
6932 86 86 LR999928.1	15101415
7079 86 86 LR999928.1	15577871
6952 86 86 LR999928.1	15276956
6946 86 86 LR999928.1	15276765
7077 86 86 LR999928.1	15577714
6951 86 86 LR999928.1	15276950
7080 86 86 LR999928.1	15577950
7047 86 86 LR999928.1	15549625
7076 86 86 LR999928.1	15577703
6931 86 86 LR999928.1	15101404
6811 92 92 LR999928.1	14061631
6800 92 92 LR999928.1	14024935
6798 92 92 LR999928.1	14024929
