28079 0 0 LR999943.1	2615343
28216 0 0 LR999943.1	3015602
28218 0 0 LR999943.1	3015611
28358 0 0 LR999943.1	4319851
28359 0 0 LR999943.1	4320037
27787 5 5 LR999943.1	412381
27788 5 5 LR999943.1	412399
27846 17 17 LR999943.1	814754
27836 17 20 LR999943.1	644294
27780 20 21 LR999943.1	412194
27865 20 21 LR999943.1	837739
27864 20 21 LR999943.1	837738
27866 20 21 LR999943.1	837759
27920 20 21 LR999943.1	1299682
27911 20 21 LR999943.1	1029468
27782 20 21 LR999943.1	412331
27774 20 21 LR999943.1	412145
27885 20 21 LR999943.1	941954
27912 20 21 LR999943.1	1029492
27777 20 21 LR999943.1	412162
27827 20 21 LR999943.1	475151
27908 20 21 LR999943.1	1029439
27776 20 21 LR999943.1	412153
27791 20 21 LR999943.1	412451
27779 20 21 LR999943.1	412182
27821 20 21 LR999943.1	474974
27817 20 21 LR999943.1	474956
27903 20 21 LR999943.1	1029303
27900 20 21 LR999943.1	1029259
27775 20 21 LR999943.1	412151
27781 20 21 LR999943.1	412218
27901 20 21 LR999943.1	1029274
27906 20 21 LR999943.1	1029376
27909 20 21 LR999943.1	1029460
27899 20 21 LR999943.1	1029258
27789 20 21 LR999943.1	412400
27826 20 21 LR999943.1	475136
27828 20 21 LR999943.1	475183
27881 20 21 LR999943.1	941797
27907 20 21 LR999943.1	1029429
27880 20 21 LR999943.1	941745
27893 20 21 LR999943.1	1021188
27818 20 21 LR999943.1	474957
27837 20 21 LR999943.1	644319
27933 24 24 LR999943.1	1426186
28034 24 25 LR999943.1	2185316
27961 24 25 LR999943.1	1587903
28035 24 25 LR999943.1	2185343
28033 24 25 LR999943.1	2185306
8139 26 26 LR999929.1	9575935
8134 26 26 LR999929.1	9575889
28295 27 27 LR999943.1	3798918
28291 27 27 LR999943.1	3798853
28290 27 27 LR999943.1	3798803
28264 28 28 LR999943.1	3246126
28263 28 28 LR999943.1	3246125
28261 29 29 LR999943.1	3246066
28257 29 29 LR999943.1	3245878
28262 29 29 LR999943.1	3246120
28255 29 29 LR999943.1	3245871
28292 29 29 LR999943.1	3798855
28272 29 29 LR999943.1	3272669
28260 29 29 LR999943.1	3246064
28256 29 29 LR999943.1	3245876
28293 29 29 LR999943.1	3798899
28258 29 29 LR999943.1	3246052
28259 29 29 LR999943.1	3246054
28338 31 31 LR999943.1	4129903
28360 31 31 LR999943.1	4320040
28421 31 31 LR999943.1	4470764
28417 31 31 LR999943.1	4470685
28419 31 31 LR999943.1	4470699
28331 31 31 LR999943.1	4129819
28415 31 31 LR999943.1	4470680
28423 31 31 LR999943.1	4470785
28343 31 31 LR999943.1	4130030
28383 31 31 LR999943.1	4362865
28382 31 31 LR999943.1	4362823
28361 31 31 LR999943.1	4320061
28399 31 31 LR999943.1	4363217
28389 31 31 LR999943.1	4362943
28376 31 31 LR999943.1	4362733
28474 32 32 LR999943.1	5394850
28440 32 32 LR999943.1	4787428
28436 32 32 LR999943.1	4787266
28439 32 32 LR999943.1	4787404
28475 32 32 LR999943.1	5394856
28445 32 32 LR999943.1	4908152
28446 32 32 LR999943.1	4908170
28434 32 32 LR999943.1	4787222
28444 32 32 LR999943.1	4908151
28435 32 32 LR999943.1	4787237
28491 33 33 LR999943.1	5708554
28494 33 33 LR999943.1	5708641
28492 33 33 LR999943.1	5708559
28490 33 33 LR999943.1	5708548
28493 33 33 LR999943.1	5708637
28468 33 33 LR999943.1	5340068
28496 33 33 LR999943.1	5708907
28555 37 37 LR999943.1	6760279
28569 37 37 LR999943.1	6968692
28553 37 37 LR999943.1	6760207
28548 37 37 LR999943.1	6683492
28547 37 37 LR999943.1	6683423
28563 37 37 LR999943.1	6822622
28600 39 39 LR999943.1	7342554
28588 39 39 LR999943.1	7273669
28599 39 39 LR999943.1	7342541
28601 39 39 LR999943.1	7342562
28594 39 39 LR999943.1	7322657
28606 39 39 LR999943.1	7342795
28589 39 39 LR999943.1	7273746
28781 41 41 LR999943.1	8506662
28630 41 42 LR999943.1	7541880
28626 41 42 LR999943.1	7541793
28625 41 42 LR999943.1	7541788
28629 41 42 LR999943.1	7541856
28667 43 43 LR999943.1	7797818
28747 43 43 LR999943.1	8279364
28742 43 43 LR999943.1	8279294
28748 43 43 LR999943.1	8279394
28760 43 43 LR999943.1	8343661
28666 43 43 LR999943.1	7797731
28761 43 43 LR999943.1	8343687
28741 43 43 LR999943.1	8229858
28749 43 43 LR999943.1	8279423
28665 43 43 LR999943.1	7797730
28671 43 43 LR999943.1	7797865
28686 43 43 LR999943.1	7813497
28826 45 45 LR999943.1	9012274
28821 45 45 LR999943.1	9012233
28858 45 45 LR999943.1	9061101
28857 45 45 LR999943.1	9061100
28828 45 45 LR999943.1	9012282
28859 45 45 LR999943.1	9061149
28864 46 46 LR999943.1	9219245
28863 46 46 LR999943.1	9087071
28872 48 48 LR999943.1	9350780
28868 48 48 LR999943.1	9350721
28871 48 48 LR999943.1	9350733
28964 49 49 LR999943.1	9894147
28981 49 50 LR999943.1	10497884
28943 49 49 LR999943.1	9866088
28956 49 49 LR999943.1	9893893
28979 49 50 LR999943.1	10497811
28984 50 50 LR999943.1	10497934
28983 50 50 LR999943.1	10497908
28982 50 50 LR999943.1	10497890
29050 51 51 LR999943.1	11397767
29047 51 51 LR999943.1	11397736
29048 51 51 LR999943.1	11397743
29049 51 51 LR999943.1	11397747
29045 51 51 LR999943.1	11397708
29041 51 51 LR999943.1	11397601
29081 52 52 LR999943.1	11567137
29075 52 52 LR999943.1	11567050
29079 52 52 LR999943.1	11567103
29073 52 52 LR999943.1	11567034
29077 52 52 LR999943.1	11567060
29116 53 53 LR999943.1	12339876
29098 53 53 LR999943.1	11792643
29100 53 53 LR999943.1	11792683
29099 53 53 LR999943.1	11792680
29088 0 0 LR999943.1	11765941
29087 56 56 LR999943.1	11765892
29193 62 62 LR999943.1	12936456
29196 62 62 LR999943.1	12936748
29230 63 63 LR999943.1	13149586
29229 63 63 LR999943.1	13149571
29236 63 63 LR999943.1	13149702
29224 63 63 LR999943.1	13149545
29227 63 63 LR999943.1	13149553
29231 63 63 LR999943.1	13149596
29231 63 63 LR999943.1	13149596
29226 63 63 LR999943.1	13149549
29223 63 63 LR999943.1	13149533
29234 63 63 LR999943.1	13149688
