16580 0 0 LR999934.1	13567372
16320 0 13 LR999934.1	10718054
16397 0 0 LR999934.1	11798093
16396 0 0 LR999934.1	11492120
16321 0 13 LR999934.1	10718163
16397 0 0 LR999934.1	11798093
16243 18 18 LR999934.1	10329229
16514 14 15 LR999934.1	13210389
15729 14 15 LR999934.1	5852747
15330 14 15 LR999934.1	626964
16513 14 15 LR999934.1	13210363
16515 14 15 LR999934.1	13210420
15971 14 15 LR999934.1	7794712
15331 18 18 LR999934.1	626980
16443 18 29 LR999934.1	12071774
16447 18 29 LR999934.1	12273196
16442 18 29 LR999934.1	12071768
15306 44 44 LR999934.1	125365
15305 44 46 LR999934.1	125361
15302 46 49 LR999934.1	14622
15303 46 49 LR999934.1	14633
15322 50 50 LR999934.1	278062
15342 50 52 LR999934.1	627058
15345 50 52 LR999934.1	627332
15564 58 58 LR999934.1	3004934
15579 58 58 LR999934.1	3019893
15580 58 58 LR999934.1	3019925
15578 58 58 LR999934.1	3019891
15569 59 59 LR999934.1	3005127
15551 59 59 LR999934.1	2908810
15550 59 59 LR999934.1	2908792
15544 59 59 LR999934.1	2831732
15570 59 59 LR999934.1	3005152
15568 59 59 LR999934.1	3005087
15562 59 59 LR999934.1	3004890
15561 59 59 LR999934.1	3004885
15552 59 59 LR999934.1	2908847
15556 59 59 LR999934.1	2909060
15565 59 59 LR999934.1	3004950
15563 59 59 LR999934.1	3004916
15698 60 60 LR999934.1	5797356
15713 60 60 LR999934.1	5797564
15743 60 60 LR999934.1	5931187
15699 60 60 LR999934.1	5797366
15714 60 60 LR999934.1	5797587
15700 60 60 LR999934.1	5797374
15553 60 60 LR999934.1	2909012
15701 60 60 LR999934.1	5797448
15742 60 60 LR999934.1	5931125
15712 60 60 LR999934.1	5797563
15715 60 60 LR999934.1	5797591
15710 61 61 LR999934.1	5797556
15705 61 61 LR999934.1	5797503
15708 61 61 LR999934.1	5797540
15709 61 61 LR999934.1	5797541
15707 61 61 LR999934.1	5797529
15747 65 65 LR999934.1	6130561
15750 65 65 LR999934.1	6130617
15813 67 67 LR999934.1	6325648
15858 67 68 LR999934.1	6636350
15856 67 68 LR999934.1	6636308
15859 67 68 LR999934.1	6636410
15852 67 68 LR999934.1	6636282
15857 67 68 LR999934.1	6636326
15913 69 69 LR999934.1	7290465
15924 69 69 LR999934.1	7290656
15918 69 69 LR999934.1	7290475
15912 69 69 LR999934.1	7290460
15936 69 69 LR999934.1	7324150
15917 69 69 LR999934.1	7290474
15910 69 69 LR999934.1	7290450
15973 70 70 LR999934.1	7794770
15979 70 70 LR999934.1	7794883
15978 70 70 LR999934.1	7794862
15980 70 70 LR999934.1	7794894
15981 70 70 LR999934.1	7794927
16087 69 69 LR999934.1	8818690 72
16047 72 73 LR999934.1	8355496
16049 72 73 LR999934.1	8355501
16050 72 73 LR999934.1	8355570
16107 74 74 LR999934.1	9216608
16119 74 74 LR999934.1	9216877
16110 74 74 LR999934.1	9216646
16118 74 74 LR999934.1	9216804
16109 74 74 LR999934.1	9216643
16114 75 75 LR999934.1	9216688
16111 75 75 LR999934.1	9216656
16125 75 75 LR999934.1	9382994
16112 75 75 LR999934.1	9216664
16123 75 75 LR999934.1	9382907
16150 75 75 LR999934.1	9654506
16129 75 75 LR999934.1	9383040
16176 77 77 LR999934.1	9890701
16175 77 77 LR999934.1	9890665
16174 77 77 LR999934.1	9890658
16250 78 78 LR999934.1	10329284
16249 78 78 LR999934.1	10329282
16196 78 78 LR999934.1	10047619
16251 78 78 LR999934.1	10329311
16198 78 78 LR999934.1	10047807
16247 78 78 LR999934.1	10329252
16266 78 78 LR999934.1	10394822
16271 79 79 LR999934.1	10455300
16224 79 79 LR999934.1	10171677
16274 79 79 LR999934.1	10455341
16293 80 80 LR999934.1	10567376
16297 80 80 LR999934.1	10567398
16299 80 80 LR999934.1	10567408
16301 80 80 LR999934.1	10567419
16290 80 80 LR999934.1	10567341
16302 80 80 LR999934.1	10567435
16298 80 80 LR999934.1	10567403
16433 84 85 LR999934.1	12026161
16405 84 84 LR999934.1	11875707
16382 84 84 LR999934.1	11394803
16378 84 84 LR999934.1	11394716
16410 84 84 LR999934.1	11875898
16413 84 84 LR999934.1	11923898
16403 84 84 LR999934.1	11875693
16355 84 84 LR999934.1	11207996
16404 84 84 LR999934.1	11875700
16377 84 84 LR999934.1	11394703
16406 84 84 LR999934.1	11875710
16386 84 84 LR999934.1	11394892
16407 84 84 LR999934.1	11875729
16388 84 84 LR999934.1	11394918
16387 84 84 LR999934.1	11394907
16384 84 84 LR999934.1	11394823
16389 84 84 LR999934.1	11491744
16383 84 84 LR999934.1	11394821
16478 85 85 LR999934.1	12319466
16379 84 84 LR999934.1	11394718
16411 84 84 LR999934.1	11875953
16474 85 85 LR999934.1	12319367
16359 84 86 LR999934.1	11208159
16473 85 85 LR999934.1	12319362
16476 85 85 LR999934.1	12319390
16475 86 86 LR999934.1	12319371
16535 86 88 LR999934.1	13340913
16531 86 88 LR999934.1	13340703
16534 86 88 LR999934.1	13340906
16533 86 88 LR999934.1	13340905
16527 86 88 LR999934.1	13340606
16521 86 88 LR999934.1	13294513
16553 89 89 LR999934.1	13553419
16560 89 91 LR999934.1	13553682
16554 89 89 LR999934.1	13553420
16558 89 89 LR999934.1	13553652
16619 90 91 LR999934.1	14043140
16559 89 91 LR999934.1	13553656
16555 91 93 LR999934.1	13553421
16456 93 104 LR999934.1	12273261
16454 93 104 LR999934.1	12273232
16457 93 104 LR999934.1	12273277
16458 93 104 LR999934.1	12273282
16451 93 104 LR999934.1	12273222
16459 93 104 LR999934.1	12273296
16453 93 104 LR999934.1	12273230
16455 93 104 LR999934.1	12273247
16461 111 111 LR999934.1	12313662
16569 111 111 LR999934.1	13567086
16462 111 111 LR999934.1	12313668
16226 111 111 LR999934.1	10171723
15960 128 128 LR999934.1	7649239
