4931 0 0 LR999927.1	14434887
5101 0 4 LR999927.1	15375449
5097 0 5 LR999927.1	15375415
5125 0 5 LR999927.1	15598815
5104 0 4 LR999927.1	15375540
5124 0 5 LR999927.1	15598762
5127 0 5 LR999927.1	15598834
5103 0 4 LR999927.1	15375487
5126 0 5 LR999927.1	15598831
5119 0 5 LR999927.1	15598635
5102 0 4 LR999927.1	15375480
5104 0 4 LR999927.1	15375540
4987 8 8 LR999927.1	14852955
4991 8 8 LR999927.1	14853071
5035 8 8 LR999927.1	15210728
5047 8 8 LR999927.1	15272864
4988 8 8 LR999927.1	14852978
5041 8 8 LR999927.1	15263613
4990 8 8 LR999927.1	14853054
5046 8 8 LR999927.1	15263706
4950 9 9 LR999927.1	14462674
4948 9 9 LR999927.1	14462592
4891 9 9 LR999927.1	14316908
4933 9 9 LR999927.1	14434933
4943 9 9 LR999927.1	14462418
4885 9 9 LR999927.1	14316680
4979 9 9 LR999927.1	14685364
4887 9 9 LR999927.1	14316702
4945 9 9 LR999927.1	14462445
4947 9 9 LR999927.1	14462471
4919 9 9 LR999927.1	14434753
4949 9 9 LR999927.1	14462629
4981 9 9 LR999927.1	14685450
4888 9 9 LR999927.1	14316727
4946 9 9 LR999927.1	14462449
4889 9 9 LR999927.1	14316729
4928 9 9 LR999927.1	14434831
4869 10 10 LR999927.1	14183762
4867 10 10 LR999927.1	14183749
4870 10 10 LR999927.1	14183770
4868 10 10 LR999927.1	14183750
4865 10 10 LR999927.1	14183743
4862 10 10 LR999927.1	14183717
4859 10 10 LR999927.1	13975665
4864 10 10 LR999927.1	14183733
4863 10 10 LR999927.1	14183720
4866 10 10 LR999927.1	14183748
4960 11 11 LR999927.1	14495833
4793 11 16 LR999927.1	13373122 18
4836 11 16 LR999927.1	13513090
4803 17 17 LR999927.1	13409494
4807 17 17 LR999927.1	13409686
4809 17 17 LR999927.1	13409688
4804 17 17 LR999927.1	13409520
4820 17 17 LR999927.1	13456948
4802 17 17 LR999927.1	13409493
4810 17 17 LR999927.1	13409693
4821 17 17 LR999927.1	13456951
4805 17 17 LR999927.1	13409621
4785 18 18 LR999927.1	13340131
4796 18 19 LR999927.1	13373297
4721 19 20 LR999927.1	12852543
4754 20 21 LR999927.1	12907534
4745 20 21 LR999927.1	12907321
4725 20 21 LR999927.1	12852759
4727 20 21 LR999927.1	12852860
4752 20 21 LR999927.1	12907503
4722 20 21 LR999927.1	12852555
4742 20 21 LR999927.1	12907300
4707 20 21 LR999927.1	12653985
4724 20 21 LR999927.1	12852751
4726 20 21 LR999927.1	12852769
4723 20 21 LR999927.1	12852647
4755 20 21 LR999927.1	12907587
4694 20 21 LR999927.1	12338671
4741 20 21 LR999927.1	12907297
4744 20 21 LR999927.1	12907316
4672 22 22 LR999927.1	12062378
4656 22 22 LR999927.1	12007941
4648 22 22 LR999927.1	11982458
4665 22 22 LR999927.1	12047854
4680 22 22 LR999927.1	12189106
4647 22 22 LR999927.1	11982407
4646 22 22 LR999927.1	11982403
4674 22 22 LR999927.1	12062452
4666 22 22 LR999927.1	12048116
4652 22 22 LR999927.1	11982792
4602 27 27 LR999927.1	11810924
22333 27 27 LR999938.1	6375132
4585 27 27 LR999927.1	11645898
4604 27 27 LR999927.1	11810956
4620 27 27 LR999927.1	11840471
4621 27 27 LR999927.1	11840636
4605 27 27 LR999927.1	11818993
4575 28 28 LR999927.1	11517905
4576 28 28 LR999927.1	11517918
4573 28 28 LR999927.1	11517896
4541 29 29 LR999927.1	10796271
4546 29 29 LR999927.1	10888587
4349 29 29 LR999927.1	9789194 31
4346 29 29 LR999927.1	9789174 31
4348 29 29 LR999927.1	9789185 31
4544 29 29 LR999927.1	10888338
4505 29 29 LR999927.1	10686783
4347 29 29 LR999927.1	9789179 31
4545 29 29 LR999927.1	10888474
4529 29 29 LR999927.1	10789406
4491 29 29 LR999927.1	10616987
4527 29 29 LR999927.1	10789382
4524 29 29 LR999927.1	10789345
4528 29 29 LR999927.1	10789397
4542 29 29 LR999927.1	10888261
4504 29 29 LR999927.1	10686769
4350 29 29 LR999927.1	9789195 31
4552 29 29 LR999927.1	11066530
4437 30 30 LR999927.1	10318951
4434 30 30 LR999927.1	10318920
4319 30 30 LR999927.1	9782773
4435 30 30 LR999927.1	10318921
4436 30 30 LR999927.1	10318932
4430 30 30 LR999927.1	10318886
15950 31 31 LR999934.1	7446454
4330 29 29 LR999927.1	9786557 31
4392 31 31 LR999927.1	10068219
4299 31 31 LR999927.1	9685881
4397 31 31 LR999927.1	10074564
4285 31 31 LR999927.1	9594410
4359 31 31 LR999927.1	9845876
4329 29 29 LR999927.1	9786551 31
4395 31 31 LR999927.1	10074347
4396 31 31 LR999927.1	10074557
4302 31 31 LR999927.1	9685895
4165 31 32 LR999927.1	8773777
4383 31 31 LR999927.1	10068167
15954 31 31 LR999934.1	7446496
4310 31 31 LR999927.1	9739913
4366 31 31 LR999927.1	9962384
4164 31 32 LR999927.1	8773767
15942 31 31 LR999934.1	7446336
4398 31 31 LR999927.1	10074593
15941 31 31 LR999934.1	7446318
4387 31 31 LR999927.1	10068188
4279 31 31 LR999927.1	9574359
4415 31 31 LR999927.1	10079745
4163 31 32 LR999927.1	8773765
4288 31 31 LR999927.1	9594705
4284 31 31 LR999927.1	9594315
4136 32 32 LR999927.1	8727988
4162 31 32 LR999927.1	8773763
4121 32 32 LR999927.1	8695359
4127 32 32 LR999927.1	8727657
4275 32 32 LR999927.1	9402715
4211 32 32 LR999927.1	9120228
4126 32 32 LR999927.1	8727654
4221 32 32 LR999927.1	9143264
4150 32 32 LR999927.1	8737935
4241 32 32 LR999927.1	9172715
4191 32 32 LR999927.1	8933395
4158 32 32 LR999927.1	8738153
4222 32 32 LR999927.1	9143277
4149 32 32 LR999927.1	8737930
4216 32 32 LR999927.1	9120276
4110 32 32 LR999927.1	8632647
4147 32 32 LR999927.1	8737908
4143 32 32 LR999927.1	8737543
4112 32 32 LR999927.1	8632656
4148 32 32 LR999927.1	8737913
4069 34 34 LR999927.1	8361950
4101 34 34 LR999927.1	8491125
4070 34 34 LR999927.1	8361956
4067 34 34 LR999927.1	8361947
4068 34 34 LR999927.1	8361948
4052 34 34 LR999927.1	8250705
4055 34 34 LR999927.1	8349693
3992 35 36 LR999927.1	7603449
3914 35 36 LR999927.1	7033031
3975 35 36 LR999927.1	7477832
3909 35 36 LR999927.1	7032944
3915 35 36 LR999927.1	7033037
3947 35 36 LR999927.1	7263705
3913 35 36 LR999927.1	7032988
3912 35 36 LR999927.1	7032969
3908 35 36 LR999927.1	7032932
3967 35 36 LR999927.1	7477796
3911 35 36 LR999927.1	7032963
3972 35 36 LR999927.1	7477823
3910 35 36 LR999927.1	7032947
3993 35 36 LR999927.1	7603473
3944 35 36 LR999927.1	7263456
3979 35 36 LR999927.1	7477876
3971 35 36 LR999927.1	7477822
3976 35 36 LR999927.1	7477834
3876 37 37 LR999927.1	6510816
3877 37 37 LR999927.1	6510831 39
3864 38 39 LR999927.1	6419559
3747 38 38 LR999927.1	5461378
3831 38 38 LR999927.1	6383386
3740 38 38 LR999927.1	5461138
3867 38 39 LR999927.1	6419679
3789 38 38 LR999927.1	6066346
3838 38 38 LR999927.1	6392535
3861 38 39 LR999927.1	6419523
3825 38 38 LR999927.1	6279801
3748 38 38 LR999927.1	5461421
3866 38 39 LR999927.1	6419666
3833 38 38 LR999927.1	6383527
3749 38 38 LR999927.1	5461425
3781 38 38 LR999927.1	6062583
3863 38 39 LR999927.1	6419551
3832 38 38 LR999927.1	6383443
3730 38 38 LR999927.1	5460846
3739 38 38 LR999927.1	5461125
3736 38 38 LR999927.1	5461112
3810 39 39 LR999927.1	6248613
3738 39 39 LR999927.1	5461124
3774 38 39 LR999927.1	5984341
3865 38 39 LR999927.1	6419573
3862 38 39 LR999927.1	6419549
3783 39 39 LR999927.1	6062663
3737 39 39 LR999927.1	5461116
3845 39 39 LR999927.1	6392793
3809 39 39 LR999927.1	6248516
3811 39 39 LR999927.1	6248651
3812 39 39 LR999927.1	6248656
3703 39 39 LR999927.1	5418042
3735 39 39 LR999927.1	5461094
3841 39 39 LR999927.1	6392543
1987 40 40 LR999926.1	1943789
3684 40 40 LR999927.1	4854009
3683 40 40 LR999927.1	4853893
1983 42 42 LR999926.1	1943515
3627 42 43 LR999927.1	2646127
3626 42 43 LR999927.1	2645984
3550 46 46 LR999927.1	1429127
3546 46 46 LR999927.1	1365461
3574 46 46 LR999927.1	1835146
3576 46 46 LR999927.1	1835197
3547 46 46 LR999927.1	1365476
3575 46 46 LR999927.1	1835164
3517 46 46 LR999927.1	496650
3578 46 46 LR999927.1	1835376
3552 46 46 LR999927.1	1429158
3516 46 46 LR999927.1	496617
3553 46 46 LR999927.1	1429251
3518 46 46 LR999927.1	496678
3577 46 46 LR999927.1	1835318
3617 48 48 LR999927.1	2255163
3619 48 48 LR999927.1	2255331
3618 48 48 LR999927.1	2255237
3529 51 51 LR999927.1	663834
4320 51 58 LR999927.1	9782779
4321 30 30 LR999927.1	9782787 58
3795 61 61 LR999927.1	6130637
4043 61 62 LR999927.1	8147628
4046 61 62 LR999927.1	8147644
4045 61 62 LR999927.1	8147630
5001 67 67 LR999927.1	14991934
4594 67 75 LR999927.1	11788964
4009 78 78 LR999927.1	7672244
3960 78 78 LR999927.1	7473710
4010 77 77 LR999927.1	7672246
3673 78 78 LR999927.1	4525016
4759 78 92 LR999927.1	12907609
