16805 0 0 LR999935.1	1549599
40209 0 9 LR999954.1	4047543
40210 0 9 LR999954.1	4047551
40206 0 9 LR999954.1	4047533
40211 0 9 LR999954.1	4047552
40208 0 9 LR999954.1	4047540
40212 0 9 LR999954.1	4186995
40207 0 9 LR999954.1	4047537
40133 28 28 LR999954.1	2914794
40104 28 30 LR999954.1	2803449
40105 28 30 LR999954.1	2803489
40142 28 31 LR999954.1	2915002
40128 28 31 LR999954.1	2914745
40111 28 31 LR999954.1	2803523
40136 28 31 LR999954.1	2914930
40130 28 31 LR999954.1	2914754
40054 28 31 LR999954.1	2584951
40141 28 31 LR999954.1	2914981
40138 28 31 LR999954.1	2914940
40131 28 31 LR999954.1	2914780
40067 33 33 LR999954.1	2627168
40151 33 36 LR999954.1	3309300
40154 33 36 LR999954.1	3309387
40150 33 36 LR999954.1	3309270
40262 43 43 LR999954.1	4583223
40264 43 43 LR999954.1	4583230
40263 43 43 LR999954.1	4583225
40318 47 47 LR999954.1	5279585
40311 47 47 LR999954.1	5279318
40352 53 53 LR999954.1	5969591
40378 53 57 LR999954.1	6926423
40375 53 57 LR999954.1	6926378
40372 53 57 LR999954.1	6926184
40382 61 61 LR999954.1	6956209
