30668 0 0 LR999945.1	1613272
31414 0 9 LR999945.1	8174927
31773 9 20 LR999945.1	12143041
31774 9 20 LR999945.1	12143046
31772 9 20 LR999945.1	12143040
31775 9 20 LR999945.1	12143054
31821 42 42 LR999945.1	12439279
31867 42 43 LR999945.1	12762407
31830 42 43 LR999945.1	12611750
31764 44 44 LR999945.1	12071629
31690 44 44 LR999945.1	11365028
31688 44 44 LR999945.1	11364937
31691 44 44 LR999945.1	11365106
31676 46 46 LR999945.1	11347086
31675 46 46 LR999945.1	11311565
31649 47 47 LR999945.1	11013126
31665 47 47 LR999945.1	11084842
31640 47 47 LR999945.1	10914750
31657 47 47 LR999945.1	11072029
31651 47 47 LR999945.1	11013174
31641 47 47 LR999945.1	10914775
31631 48 48 LR999945.1	10828229
31475 48 51 LR999945.1	8896125
31477 48 51 LR999945.1	8896203
31545 48 51 LR999945.1	9978908
31544 48 51 LR999945.1	9978906
31472 48 51 LR999945.1	8896068
31539 48 51 LR999945.1	9978725
31478 48 51 LR999945.1	8896227
31572 48 51 LR999945.1	10434406
31479 48 51 LR999945.1	8896236
31474 48 51 LR999945.1	8896110
31549 48 51 LR999945.1	9978934
31550 48 51 LR999945.1	9978960
31396 55 55 LR999945.1	8020223
31431 55 55 LR999945.1	8311813
31397 55 55 LR999945.1	8020225
31433 55 55 LR999945.1	8311997
31430 55 55 LR999945.1	8311809
31392 55 55 LR999945.1	8019962
31361 56 56 LR999945.1	7304577
31370 56 56 LR999945.1	7304934
31362 56 56 LR999945.1	7304619
31371 56 56 LR999945.1	7304989
31350 55 55 LR999945.1	6970220 57
31351 57 57 LR999945.1	6970247
31289 58 58 LR999945.1	6402242
31292 58 58 LR999945.1	6402290
31299 57 58 LR999945.1	6585664
31166 61 61 LR999945.1	5727706
31161 61 62 LR999945.1	5454305
31160 61 62 LR999945.1	5454237
31177 61 62 LR999945.1	5728031
31203 61 62 LR999945.1	5755538
31204 61 62 LR999945.1	5755547
31210 61 62 LR999945.1	5755626
31171 61 62 LR999945.1	5727725
31172 61 62 LR999945.1	5727758
31211 61 62 LR999945.1	5780223
31268 61 62 LR999945.1	6255648
31175 61 62 LR999945.1	5728016
31173 61 62 LR999945.1	5727972
31209 61 62 LR999945.1	5755566
31176 61 62 LR999945.1	5728028
31174 61 62 LR999945.1	5727991
31178 61 62 LR999945.1	5736098
31079 64 64 LR999945.1	4631436
31142 64 64 LR999945.1	5430816
31081 64 64 LR999945.1	4631487
31047 64 64 LR999945.1	4519669
31082 64 64 LR999945.1	4694028
31076 64 64 LR999945.1	4631382
31140 64 64 LR999945.1	5343196
31048 64 64 LR999945.1	4519755
31078 64 64 LR999945.1	4631419
31049 64 64 LR999945.1	4519769
31141 64 64 LR999945.1	5343197
31137 64 64 LR999945.1	5343178
31139 64 64 LR999945.1	5343194
31084 64 64 LR999945.1	4694119
31085 64 64 LR999945.1	4694367
31138 64 64 LR999945.1	5343184
31030 65 65 LR999945.1	4425657
30918 65 68 LR999945.1	3683675
30919 65 68 LR999945.1	3683747
31014 65 68 LR999945.1	4318595
31021 65 68 LR999945.1	4318939
30921 65 68 LR999945.1	3823907
31017 65 68 LR999945.1	4318837
30917 65 68 LR999945.1	3683620
31022 65 68 LR999945.1	4318999
31013 65 68 LR999945.1	4318581
31001 69 69 LR999945.1	4084059
30953 69 69 LR999945.1	3965735
30983 69 69 LR999945.1	4083864
30974 69 69 LR999945.1	4050466
30956 69 69 LR999945.1	3981756
30970 70 70 LR999945.1	4050373
30999 70 70 LR999945.1	4083962
31000 70 70 LR999945.1	4084006
30997 70 70 LR999945.1	4083936
30998 70 70 LR999945.1	4083947
30993 70 70 LR999945.1	4083901
30982 70 70 LR999945.1	4083860
30989 70 70 LR999945.1	4083888
30976 70 70 LR999945.1	4050554
30972 70 70 LR999945.1	4050445
30971 70 70 LR999945.1	4050391
30907 74 74 LR999945.1	3521748
30906 74 74 LR999945.1	3521745
30897 74 74 LR999945.1	3521646
30883 74 74 LR999945.1	3321969
30903 74 74 LR999945.1	3521716
30807 76 76 LR999945.1	2709878
30826 76 76 LR999945.1	2836344
30777 76 76 LR999945.1	2676877
30806 76 76 LR999945.1	2709874
30791 76 76 LR999945.1	2706681
30778 76 76 LR999945.1	2676959
30797 76 76 LR999945.1	2709612
30825 78 78 LR999945.1	2836043
30714 78 81 LR999945.1	2112859
30768 81 82 LR999945.1	2339360
30748 82 83 LR999945.1	2308007
30733 82 83 LR999945.1	2170300
30747 82 83 LR999945.1	2307992
30708 82 83 LR999945.1	2039133
30712 82 83 LR999945.1	2039282
30744 82 83 LR999945.1	2307968
30734 82 83 LR999945.1	2170387
30735 82 83 LR999945.1	2170396
30741 82 83 LR999945.1	2173465
30749 82 83 LR999945.1	2308049
30743 82 83 LR999945.1	2307911
30706 82 83 LR999945.1	1971833
30738 82 83 LR999945.1	2173181
30745 82 83 LR999945.1	2307972
30746 82 83 LR999945.1	2307978
30710 82 83 LR999945.1	2039157
30704 82 83 LR999945.1	1971617
30711 82 83 LR999945.1	2039178
30709 82 83 LR999945.1	2039154
30702 82 83 LR999945.1	1971440
30591 85 85 LR999945.1	1279715
30640 85 85 LR999945.1	1468090
30594 85 85 LR999945.1	1279747
30660 85 85 LR999945.1	1593726
30593 85 85 LR999945.1	1279736
30655 85 85 LR999945.1	1593545
30654 85 85 LR999945.1	1593524
30667 85 85 LR999945.1	1613248
30659 85 85 LR999945.1	1593720
30588 85 85 LR999945.1	1279690
30656 85 85 LR999945.1	1593551
30533 89 89 LR999945.1	490835
30535 89 89 LR999945.1	490935
30520 90 90 LR999945.1	402976
30511 90 90 LR999945.1	400579
30507 90 90 LR999945.1	400555
30510 90 90 LR999945.1	400576
30504 91 91 LR999945.1	400544
