1852 0 0 LR999926.1	478501
1854 0 0 LR999926.1	478564
1853 0 0 LR999926.1	478531
1844 0 0 LR999926.1	376847
1841 0 0 LR999926.1	376622
1845 0 0 LR999926.1	376949
1842 0 0 LR999926.1	376639
1867 1 1 LR999926.1	652057
1888 1 3 LR999926.1	1002182
1956 3 6 LR999926.1	1759200
1954 3 6 LR999926.1	1759189
1974 7 7 LR999926.1	1816581
1975 7 7 LR999926.1	1816590
1966 7 7 LR999926.1	1816315
1978 7 7 LR999926.1	1816627
1972 7 7 LR999926.1	1816555
1977 7 7 LR999926.1	1816613
1976 7 7 LR999926.1	1816595
2002 8 8 LR999926.1	2056515
1998 8 8 LR999926.1	2056173
2017 12 12 LR999926.1	2429352
2018 12 12 LR999926.1	2429385
2272 15 15 LR999926.1	4522472
2155 15 15 LR999926.1	3408312
2153 15 15 LR999926.1	3408204
2111 16 16 LR999926.1	3276082
25192 16 16 LR999941.1	3826862
2151 16 16 LR999926.1	3408118
2096 16 16 LR999926.1	3214667
25195 16 16 LR999941.1	3826893
25199 16 16 LR999941.1	3826942
2128 16 16 LR999926.1	3328705
25191 16 16 LR999941.1	3826860
2072 16 16 LR999926.1	2977271
2130 16 16 LR999926.1	3328710
25193 16 16 LR999941.1	3826885
25194 16 16 LR999941.1	3826888
2110 16 16 LR999926.1	3276069
2211 16 16 LR999926.1	3971988
2097 16 16 LR999926.1	3214706
2271 17 17 LR999926.1	4522466
2207 17 17 LR999926.1	3971970
2199 17 17 LR999926.1	3934139
2192 17 17 LR999926.1	3933865
2326 15 15 LR999926.1	4747214 17
2301 17 17 LR999926.1	4689860
2193 17 17 LR999926.1	3933871
2208 17 17 LR999926.1	3971976
2250 17 17 LR999926.1	4397149
2298 17 17 LR999926.1	4689837
2296 17 17 LR999926.1	4689827
2185 17 17 LR999926.1	3827718
2299 17 17 LR999926.1	4689847
2246 16 17 LR999926.1	4397049
2292 17 17 LR999926.1	4689795
2312 17 17 LR999926.1	4729367
2245 17 17 LR999926.1	4397047
2294 17 17 LR999926.1	4689807
2186 17 17 LR999926.1	3827743
2293 17 17 LR999926.1	4689800
2251 17 17 LR999926.1	4397152
2235 17 17 LR999926.1	4379809
2187 17 17 LR999926.1	3827746
2300 17 17 LR999926.1	4689856
2257 17 17 LR999926.1	4474612
2242 17 17 LR999926.1	4396850
2329 15 15 LR999926.1	4747261 17
2295 17 17 LR999926.1	4689809
2302 17 17 LR999926.1	4690138
2234 17 17 LR999926.1	4379653
2229 17 17 LR999926.1	4277663
2297 17 17 LR999926.1	4689829
2261 17 17 LR999926.1	4474959
2480 20 20 LR999926.1	6222731
2438 20 20 LR999926.1	5767363
2447 20 20 LR999926.1	5856298
2436 20 20 LR999926.1	5767354
2408 20 20 LR999926.1	5722186
2448 20 20 LR999926.1	5856454
2477 20 20 LR999926.1	6164209
2431 20 20 LR999926.1	5767328
2479 20 20 LR999926.1	6164438
2429 20 20 LR999926.1	5767324
2503 21 21 LR999926.1	6420647
2496 21 21 LR999926.1	6420489
2499 21 21 LR999926.1	6420509
2507 21 21 LR999926.1	6420692
2610 23 23 LR999926.1	7824569
2565 23 24 LR999926.1	7473015
2591 23 24 LR999926.1	7749728
2518 23 24 LR999926.1	6695922
2566 23 24 LR999926.1	7535836
2592 23 24 LR999926.1	7749762
2633 23 24 LR999926.1	7824896
2529 23 24 LR999926.1	7185061
2530 23 24 LR999926.1	7295380
2543 23 24 LR999926.1	7299411
2547 23 24 LR999926.1	7299482
2562 23 24 LR999926.1	7472869
2527 23 24 LR999926.1	7185028
2593 23 24 LR999926.1	7749854
2609 23 24 LR999926.1	7824568
2540 23 24 LR999926.1	7299307
2582 23 24 LR999926.1	7569248
2588 23 24 LR999926.1	7749661
2545 23 24 LR999926.1	7299437
2590 23 24 LR999926.1	7749712
2741 27 27 LR999926.1	8959393
2742 27 27 LR999926.1	8959425
2744 27 27 LR999926.1	8959546
2753 29 29 LR999926.1	9165397
13144 29 29 LR999932.1	11015546
13147 29 29 LR999932.1	11015584
2776 30 30 LR999926.1	9814321
2780 30 30 LR999926.1	9814415
2760 30 30 LR999926.1	9516722
2798 30 30 LR999926.1	9912924
2759 30 30 LR999926.1	9516670
2779 30 30 LR999926.1	9814373
2757 30 30 LR999926.1	9516648
2770 30 30 LR999926.1	9814150
2756 30 30 LR999926.1	9516626
2758 30 30 LR999926.1	9516649
2781 30 30 LR999926.1	9814417
2774 30 30 LR999926.1	9814205
2775 30 30 LR999926.1	9814214
2859 39 39 LR999926.1	10936408
2867 39 39 LR999926.1	10970172
2868 39 39 LR999926.1	10970233
3042 39 39 LR999926.1	12115580
2918 40 41 LR999926.1	11187745
2845 40 40 LR999926.1	10757514
2925 40 40 LR999926.1	11188104
2961 40 41 LR999926.1	11372120
2917 40 41 LR999926.1	11187631
2929 40 40 LR999926.1	11211328
2880 40 40 LR999926.1	11042663
2957 40 40 LR999926.1	11371995
2956 40 40 LR999926.1	11311711
2930 40 40 LR999926.1	11211329
2881 40 40 LR999926.1	11042728
2923 40 40 LR999926.1	11188076
2865 40 40 LR999926.1	10970115
2967 40 40 LR999926.1	11383907
2943 40 40 LR999926.1	11211535
2893 40 40 LR999926.1	11101150
2891 40 40 LR999926.1	11101146
2936 40 40 LR999926.1	11211465
2920 40 40 LR999926.1	11188008
2860 40 41 LR999926.1	10936417
2899 40 40 LR999926.1	11101220
2978 41 41 LR999926.1	11566944
2975 41 41 LR999926.1	11566628
2878 41 41 LR999926.1	11042615
2991 109 109 LR999926.1	11661531
2992 109 109 LR999926.1	11661532
3058 46 46 LR999926.1	12537701
3060 46 46 LR999926.1	12537757
3067 47 47 LR999926.1	12545526
3129 47 50 LR999926.1	13404352
3097 47 50 LR999926.1	12895416
3146 47 50 LR999926.1	13482620
3182 52 52 LR999926.1	14003079
3180 52 52 LR999926.1	14002762
3179 52 52 LR999926.1	14002753
3214 54 54 LR999926.1	14389516
3217 54 54 LR999926.1	14389788
3197 54 54 LR999926.1	14106461
3215 54 54 LR999926.1	14389738
3350 54 54 LR999926.1	15440805
3444 54 54 LR999926.1	16238787
3427 54 54 LR999926.1	16051876
3359 54 54 LR999926.1	15440888
3213 54 54 LR999926.1	14389511
3211 54 54 LR999926.1	14389508
3354 54 54 LR999926.1	15440860
3448 54 54 LR999926.1	16238820
3443 54 54 LR999926.1	16238781
3436 54 54 LR999926.1	16052163
3428 54 54 LR999926.1	16051887
3442 54 54 LR999926.1	16238770
3290 54 54 LR999926.1	15115894
3352 54 54 LR999926.1	15440823
3431 54 54 LR999926.1	16052079
3432 54 54 LR999926.1	16052080
3357 54 54 LR999926.1	15440877
3308 54 54 LR999926.1	15348144
3307 54 54 LR999926.1	15348141
3458 54 54 LR999926.1	16328625
3361 54 54 LR999926.1	15440897
3241 55 55 LR999926.1	14515362
3236 55 55 LR999926.1	14473137
3240 58 58 LR999926.1	14473403
3183 58 65 LR999926.1	14003083
3401 65 72 LR999926.1	15534723
3402 65 72 LR999926.1	15534734
3407 65 72 LR999926.1	15534947
3400 73 73 LR999926.1	15534722
3398 73 73 LR999926.1	15534682
3399 73 73 LR999926.1	15534715
3395 73 73 LR999926.1	15534666
2195 76 76 LR999926.1	3933928
3198 76 80 LR999926.1	14111583
3004 80 88 LR999926.1	11801110
2467 88 89 LR999926.1	6094679
2468 88 89 LR999926.1	6094686
3229 80 94 LR999926.1	14457455
2464 88 89 LR999926.1	6094660
2469 88 89 LR999926.1	6094702
2471 88 89 LR999926.1	6094756
2472 88 89 LR999926.1	6094802
2470 88 89 LR999926.1	6094705
2466 88 89 LR999926.1	6094673
2463 90 90 LR999926.1	6094655
3026 90 91 LR999926.1	11988058
2946 90 91 LR999926.1	11211541
3193 90 91 LR999926.1	14106203
3025 90 91 LR999926.1	11988057
2444 93 93 LR999926.1	5824469
3408 93 93 LR999926.1	15534957
2443 93 93 LR999926.1	5824228
3403 93 93 LR999926.1	15534914
3135 94 94 LR999926.1	13434241
2732 94 94 LR999926.1	8845019
3404 94 94 LR999926.1	15534923
2727 94 94 LR999926.1	8844970
3405 94 94 LR999926.1	15534937
3465 94 94 LR999926.1	16349102
3406 94 94 LR999926.1	15534941
2578 94 94 LR999926.1	7546329
2731 94 94 LR999926.1	8845003
2786 94 94 LR999926.1	9912675
2424 94 94 LR999926.1	5749696
2576 94 94 LR999926.1	7546303
2579 94 94 LR999926.1	7569148
2532 94 94 LR999926.1	7295426
2577 94 94 LR999926.1	7546313
2283 94 94 LR999926.1	4522565
2720 95 95 LR999926.1	8844649
2722 95 95 LR999926.1	8844695
2720 95 95 LR999926.1	8844649
2723 95 95 LR999926.1	8844711
2721 95 95 LR999926.1	8844694
2726 95 95 LR999926.1	8844934
2735 95 95 LR999926.1	8845036
2783 99 99 LR999926.1	9912639
2465 99 101 LR999926.1	6094669
3464 101 103 LR999926.1	16349057
2677 109 109 LR999926.1	8581114
2679 109 109 LR999926.1	8581286
2285 108 109 LR999926.1	4522570
2725 109 109 LR999926.1	8844744
2284 109 109 LR999926.1	4522569
2736 109 109 LR999926.1	8845043
