11996 0 0 LR999932.1	777429
11995 0 0 LR999932.1	777404
12003 0 0 LR999932.1	777764
11997 0 0 LR999932.1	777436
12004 0 0 LR999932.1	777780
11993 0 0 LR999932.1	777387
12002 1 1 LR999932.1	777493
12007 1 7 LR999932.1	819666
12014 1 7 LR999932.1	819881
12012 1 7 LR999932.1	819695
12033 8 8 LR999932.1	1141136
12065 8 8 LR999932.1	1288709
12032 8 8 LR999932.1	1141032
12028 8 8 LR999932.1	1140953
12029 8 8 LR999932.1	1140974
12143 11 11 LR999932.1	1724356
12085 11 11 LR999932.1	1465541
12142 11 11 LR999932.1	1724349
12083 11 11 LR999932.1	1465496
12157 12 12 LR999932.1	1820185
12156 12 12 LR999932.1	1820179
12144 11 11 LR999932.1	1724528 13
12225 13 20 LR999932.1	2619935
12226 13 20 LR999932.1	2619977
12234 21 21 LR999932.1	2638066
12235 21 21 LR999932.1	2638311
12233 21 21 LR999932.1	2638037
12274 22 22 LR999932.1	2955899
12367 22 22 LR999932.1	3599586
12340 22 22 LR999932.1	3447358
12275 23 23 LR999932.1	2956078
12551 23 28 LR999932.1	5371808 30
12552 23 28 LR999932.1	5371856 30
12477 29 29 LR999932.1	4429316
12478 29 29 LR999932.1	4429321
12479 29 29 LR999932.1	4429428
12579 30 30 LR999932.1	5668348
12529 30 30 LR999932.1	5165775
12631 30 30 LR999932.1	6007459
12528 30 30 LR999932.1	5165770
12531 30 30 LR999932.1	5165818
12642 30 30 LR999932.1	6007743
12639 30 30 LR999932.1	6007681
12574 30 30 LR999932.1	5668262
12613 30 30 LR999932.1	6007129
12533 30 30 LR999932.1	5165824
12618 30 30 LR999932.1	6007292
12534 30 30 LR999932.1	5165834
12530 30 30 LR999932.1	5165791
12614 30 30 LR999932.1	6007145
12532 30 30 LR999932.1	5165819
12616 30 30 LR999932.1	6007154
12619 30 30 LR999932.1	6007318
12637 30 30 LR999932.1	6007666
12641 30 30 LR999932.1	6007716
12505 30 30 LR999932.1	4608025
12580 30 30 LR999932.1	5668371
12583 30 30 LR999932.1	5668518
12615 30 30 LR999932.1	6007148
12643 30 30 LR999932.1	6007768
12617 30 30 LR999932.1	6007169
12535 30 30 LR999932.1	5166066
12576 30 30 LR999932.1	5668300
12623 30 30 LR999932.1	6007331
12721 31 31 LR999932.1	6349804
12648 31 31 LR999932.1	6082963
12717 31 31 LR999932.1	6349727
12654 31 31 LR999932.1	6181405
12805 31 31 LR999932.1	7592144
13042 31 31 LR999932.1	10357939
12723 31 31 LR999932.1	6349823
12653 31 31 LR999932.1	6181400
12650 31 31 LR999932.1	6082996
12724 31 31 LR999932.1	6349871
12719 31 31 LR999932.1	6349749
12781 31 31 LR999932.1	7366112
12796 31 31 LR999932.1	7591888
12657 31 31 LR999932.1	6181546
12800 31 31 LR999932.1	7591933
12722 31 31 LR999932.1	6349820
12649 31 31 LR999932.1	6082986
12808 31 31 LR999932.1	7592228
12802 31 31 LR999932.1	7591937
12718 31 31 LR999932.1	6349728
12691 31 31 LR999932.1	6255182
12656 31 31 LR999932.1	6181516
12720 31 31 LR999932.1	6349798
12797 31 31 LR999932.1	7591895
12689 31 31 LR999932.1	6255153
12687 31 31 LR999932.1	6255143
12725 31 31 LR999932.1	6349896
12801 31 31 LR999932.1	7591934
12860 32 32 LR999932.1	8464608
12945 32 32 LR999932.1	9373521
12911 32 32 LR999932.1	9072586
12924 32 32 LR999932.1	9304065
12865 32 32 LR999932.1	8464704
12854 32 32 LR999932.1	8215607
12861 32 32 LR999932.1	8464612
12908 32 32 LR999932.1	9072326
12922 32 32 LR999932.1	9303936
12903 32 32 LR999932.1	8918145
12967 33 33 LR999932.1	9554703
12956 33 33 LR999932.1	9547968
12968 33 33 LR999932.1	9554724
13206 34 34 LR999932.1	11432619
13200 34 34 LR999932.1	11390813
13192 34 34 LR999932.1	11390654
13213 34 34 LR999932.1	11432695
13195 34 34 LR999932.1	11390775
13189 34 34 LR999932.1	11390613
13186 34 34 LR999932.1	11390600
13221 34 34 LR999932.1	11432759
13194 34 34 LR999932.1	11390769
13210 34 34 LR999932.1	11432644
13207 34 34 LR999932.1	11432621
13188 34 34 LR999932.1	11390603
13220 34 34 LR999932.1	11432747
13197 34 34 LR999932.1	11390795
13205 34 34 LR999932.1	11432616
13208 34 34 LR999932.1	11432637
13216 34 34 LR999932.1	11432712
13116 34 34 LR999932.1	10875238
13160 34 34 LR999932.1	11046316
13311 34 34 LR999932.1	11951968
13115 34 34 LR999932.1	10875237
13217 34 34 LR999932.1	11432717
13187 34 34 LR999932.1	11390602
19488 34 34 LR999936.1	10381607
13209 34 34 LR999932.1	11432639
13190 34 34 LR999932.1	11390631
13185 34 34 LR999932.1	11390598
13070 34 34 LR999932.1	10563018
13204 34 34 LR999932.1	11432609
13162 34 34 LR999932.1	11046349
13223 34 34 LR999932.1	11432795
13215 34 34 LR999932.1	11432706
13181 34 34 LR999932.1	11116499
13202 34 34 LR999932.1	11390822
13219 34 34 LR999932.1	11432742
13212 34 34 LR999932.1	11432686
13398 34 34 LR999932.1	13146139
13312 34 34 LR999932.1	11951975
13264 34 36 LR999932.1	11784102
13201 34 34 LR999932.1	11390820
13193 34 34 LR999932.1	11390659
13196 34 34 LR999932.1	11390793
13199 34 34 LR999932.1	11390802
13218 34 34 LR999932.1	11432724
13211 34 34 LR999932.1	11432669
13117 34 34 LR999932.1	10875245
13538 35 35 LR999932.1	14617605
13092 35 36 LR999932.1	10642111
13091 35 36 LR999932.1	10629250
13088 35 36 LR999932.1	10629199
13275 37 37 LR999932.1	11784200
13277 37 37 LR999932.1	11784224
13262 39 39 LR999932.1	11784087
13165 39 39 LR999932.1	11046377
13164 39 39 LR999932.1	11046372
13261 39 39 LR999932.1	11784084
13265 39 39 LR999932.1	11784104
13259 39 39 LR999932.1	11784076
13157 39 39 LR999932.1	11046220
13263 39 39 LR999932.1	11784095
13166 39 39 LR999932.1	11046396
13158 39 39 LR999932.1	11046236
13156 39 39 LR999932.1	11046218
13159 39 39 LR999932.1	11046290
13268 39 39 LR999932.1	11784150
13163 39 39 LR999932.1	11046357
13079 41 41 LR999932.1	10628919
13083 41 41 LR999932.1	10629002
13271 42 42 LR999932.1	11784171
13270 42 42 LR999932.1	11784161
13269 42 42 LR999932.1	11784157
13272 43 43 LR999932.1	11784183
13273 43 43 LR999932.1	11784197
13454 50 50 LR999932.1	13778041
13453 50 50 LR999932.1	13778019
13462 50 50 LR999932.1	13891304
13474 52 52 LR999932.1	14197076
13472 52 52 LR999932.1	14197052
13477 52 52 LR999932.1	14197251
13475 52 52 LR999932.1	14197112
13493 53 53 LR999932.1	14248959
13521 53 53 LR999932.1	14412000
13494 53 53 LR999932.1	14249001
13484 53 53 LR999932.1	14207900
8475 53 53 LR999929.1	12909248
13492 53 53 LR999932.1	14248799
19851 53 53 LR999936.1	13584331
13490 53 53 LR999932.1	14248786
13486 53 53 LR999932.1	14208086
13489 53 53 LR999932.1	14248774
8473 53 53 LR999929.1	12909216
13524 53 53 LR999932.1	14412119
19849 53 53 LR999936.1	13584300
13491 53 53 LR999932.1	14248788
13528 53 53 LR999932.1	14412203
13523 53 53 LR999932.1	14412115
13522 53 53 LR999932.1	14412107
13584 53 53 LR999932.1	15354547
13525 53 53 LR999932.1	14412122
16329 54 54 LR999934.1	11011360 57
17275 57 57 LR999935.1	5905444
16331 54 54 LR999934.1	11011397
40733 55 57 LR999955.1	4163637
40730 55 57 LR999955.1	4163458
17277 57 59 LR999935.1	5905480
