8679 0 0 LR999929.1	14808400
8674 0 0 LR999929.1	14808342
8675 0 0 LR999929.1	14808354
8678 3 3 LR999929.1	14808377
8688 3 3 LR999929.1	15088678
8693 3 3 LR999929.1	15207268
8670 3 3 LR999929.1	14808126
8668 3 3 LR999929.1	14808098
8660 3 3 LR999929.1	14748922
8669 3 3 LR999929.1	14808123
8672 3 3 LR999929.1	14808148
8643 6 6 LR999929.1	14446914
8642 6 6 LR999929.1	14391837
8617 8 8 LR999929.1	14058725
8562 8 8 LR999929.1	13689536
8570 8 8 LR999929.1	13689816
8498 8 8 LR999929.1	13052627
8625 8 8 LR999929.1	14058763
8615 8 8 LR999929.1	14058591
8561 8 8 LR999929.1	13689535
8620 8 8 LR999929.1	14058755
8485 8 8 LR999929.1	13022023
8560 8 8 LR999929.1	13689508
8499 8 8 LR999929.1	13052630
8493 8 8 LR999929.1	13052621
8482 8 8 LR999929.1	13021961
8494 8 8 LR999929.1	13052623
8495 8 8 LR999929.1	13052624
8507 8 8 LR999929.1	13180191
8619 8 8 LR999929.1	14058753
8500 8 8 LR999929.1	13052818
8616 8 8 LR999929.1	14058721
8496 8 8 LR999929.1	13052625
8497 8 8 LR999929.1	13052626
8626 8 8 LR999929.1	14058765
8423 9 9 LR999929.1	12492254
8422 9 9 LR999929.1	12492202
8365 12 12 LR999929.1	11942004
8306 12 12 LR999929.1	11596872
8371 12 12 LR999929.1	12009062
8328 12 12 LR999929.1	11680095
8225 14 14 LR999929.1	10352801
8260 14 14 LR999929.1	10847461
8249 14 14 LR999929.1	10847328
8037 15 15 LR999929.1	8418838
8029 15 15 LR999929.1	8418706
8191 15 15 LR999929.1	9883934
7995 15 15 LR999929.1	8224999
7935 15 15 LR999929.1	7828663
8104 15 15 LR999929.1	9454305
7965 15 15 LR999929.1	8009879
8201 15 15 LR999929.1	9966285
8035 15 15 LR999929.1	8418812
8192 15 15 LR999929.1	9884096
8099 15 15 LR999929.1	9210529
8030 15 15 LR999929.1	8418711
8100 15 15 LR999929.1	9210547
8102 15 15 LR999929.1	9454107
7928 15 15 LR999929.1	7828616
7929 15 15 LR999929.1	7828631
8098 15 15 LR999929.1	9210507
8162 15 15 LR999929.1	9859352
7933 15 15 LR999929.1	7828657
8160 15 15 LR999929.1	9859342
7996 15 15 LR999929.1	8225009
7940 15 15 LR999929.1	7828903
7934 15 15 LR999929.1	7828659
8156 15 15 LR999929.1	9859096
8106 15 15 LR999929.1	9454405
8155 15 15 LR999929.1	9859074
7936 15 15 LR999929.1	7828679
7932 15 15 LR999929.1	7828655
8193 15 15 LR999929.1	9884101
8198 15 15 LR999929.1	9966129
8157 15 15 LR999929.1	9859115
8101 15 15 LR999929.1	9454077
8032 15 15 LR999929.1	8418728
7952 15 15 LR999929.1	7881722
7966 15 15 LR999929.1	8009921
8088 15 15 LR999929.1	9202214
7953 15 15 LR999929.1	7881881
8087 15 15 LR999929.1	9202173
8121 16 16 LR999929.1	9501328
8119 16 16 LR999929.1	9501322
8118 16 16 LR999929.1	9501307
8122 16 16 LR999929.1	9501401
8031 16 16 LR999929.1	8418713
8120 16 16 LR999929.1	9501326
7920 20 20 LR999929.1	7300163
7921 20 20 LR999929.1	7300221
7922 20 20 LR999929.1	7300235
7897 21 21 LR999929.1	7189838
7896 21 21 LR999929.1	7189836
7895 21 21 LR999929.1	7189820
7892 21 21 LR999929.1	7189719
7894 21 21 LR999929.1	7189813
7893 21 21 LR999929.1	7189738
7891 22 22 LR999929.1	7189716
7832 22 22 LR999929.1	6732039
7889 22 22 LR999929.1	7189675
7830 22 22 LR999929.1	6731824
7833 22 22 LR999929.1	6732047
7824 25 25 LR999929.1	6543220
7823 25 25 LR999929.1	6543175
7791 27 27 LR999929.1	6176307
7653 27 27 LR999929.1	5628596
7650 27 27 LR999929.1	5628519
7578 27 27 LR999929.1	4883632
7626 27 27 LR999929.1	5311557
7643 27 27 LR999929.1	5391471
7710 27 27 LR999929.1	5664606
7655 27 27 LR999929.1	5628598
7654 27 27 LR999929.1	5628597
7580 27 27 LR999929.1	4883713
7639 27 27 LR999929.1	5391381
7792 27 27 LR999929.1	6176313
7579 27 27 LR999929.1	4883686
7627 27 27 LR999929.1	5311589
7652 27 27 LR999929.1	5628559
7651 27 27 LR999929.1	5628555
7656 27 27 LR999929.1	5628659
7696 27 27 LR999929.1	5664414
7638 27 27 LR999929.1	5391368
7637 27 27 LR999929.1	5391367
7711 27 27 LR999929.1	5664630
7772 27 27 LR999929.1	6048734
7788 27 27 LR999929.1	6070224
7596 28 28 LR999929.1	4943598
7547 28 29 LR999929.1	4562688
7550 28 29 LR999929.1	4562912
7548 28 29 LR999929.1	4562697
7463 30 30 LR999929.1	3558272
7507 30 30 LR999929.1	4042526
7528 30 30 LR999929.1	4281624
7460 30 30 LR999929.1	3558009
7462 30 30 LR999929.1	3558262
7514 30 30 LR999929.1	4095486
7501 30 30 LR999929.1	4042434
7502 30 30 LR999929.1	4042440
7504 30 30 LR999929.1	4042484
7472 31 31 LR999929.1	3755301
7469 31 31 LR999929.1	3754955
7429 37 37 LR999929.1	3050506
7223 37 37 LR999929.1	1483832
7269 38 38 LR999929.1	1724333
7371 38 38 LR999929.1	2299296
7370 38 38 LR999929.1	2267850
7369 38 38 LR999929.1	2267839
7409 38 38 LR999929.1	2691370
7271 38 38 LR999929.1	1724434
7229 37 37 LR999929.1	1484060 39
7243 39 40 LR999929.1	1593830
7120 40 44 LR999929.1	74157
7122 40 44 LR999929.1	74207
7134 40 44 LR999929.1	74473
7125 40 44 LR999929.1	74220
7127 40 44 LR999929.1	74236
7128 40 44 LR999929.1	74375
7126 40 44 LR999929.1	74226
7124 40 44 LR999929.1	74219
7131 40 44 LR999929.1	74415
7133 40 44 LR999929.1	74448
7164 64 64 LR999929.1	574872
