37577 0 0 LR999951.1	515919
37556 0 0 LR999951.1	443667
37558 0 0 LR999951.1	504871
37543 1 1 LR999951.1	425927
37613 1 1 LR999951.1	883945
37587 1 1 LR999951.1	516163
37542 1 1 LR999951.1	425835
37549 1 1 LR999951.1	443617
37616 1 1 LR999951.1	884221
37643 5 5 LR999951.1	1300273
37636 5 5 LR999951.1	1300045
37634 5 5 LR999951.1	1300009
37630 5 5 LR999951.1	1300001
37665 6 6 LR999951.1	1453276
37674 6 6 LR999951.1	1571579
37723 10 10 LR999951.1	2073531
37737 10 10 LR999951.1	2074039
37728 10 10 LR999951.1	2073777
37701 10 10 LR999951.1	1940839
37724 10 10 LR999951.1	2073544
37706 10 10 LR999951.1	1940992
37698 10 10 LR999951.1	1940793
37738 10 10 LR999951.1	2074040
37702 10 10 LR999951.1	1940950
37739 10 10 LR999951.1	2074041
37697 10 10 LR999951.1	1940782
37740 10 10 LR999951.1	2074053
37705 10 10 LR999951.1	1940984
37703 10 10 LR999951.1	1940974
37741 10 10 LR999951.1	2074055
37733 10 10 LR999951.1	2073980
37734 10 10 LR999951.1	2074019
37690 10 10 LR999951.1	1866623
37742 10 10 LR999951.1	2074065
37689 10 10 LR999951.1	1866601
37700 10 10 LR999951.1	1940819
37736 10 10 LR999951.1	2074025
37830 11 11 LR999951.1	2755777
37826 11 11 LR999951.1	2755573
37831 11 11 LR999951.1	2755832
37823 11 11 LR999951.1	2745150
37827 11 11 LR999951.1	2755591
37829 11 11 LR999951.1	2755774
37800 11 13 LR999951.1	2648685
37794 12 12 LR999951.1	2648560
37801 11 13 LR999951.1	2648686
37802 11 13 LR999951.1	2648691
37792 12 12 LR999951.1	2648541
37804 11 13 LR999951.1	2648703
37843 13 13 LR999951.1	2807490
37842 13 13 LR999951.1	2807140
37809 14 14 LR999951.1	2648754
37810 14 14 LR999951.1	2648794
37807 14 14 LR999951.1	2648728
37808 14 14 LR999951.1	2648750
37884 18 18 LR999951.1	3330950
37885 18 19 LR999951.1	3330955
37896 18 19 LR999951.1	3331059
37893 18 19 LR999951.1	3331011
37894 18 19 LR999951.1	3331039
37907 18 19 LR999951.1	3331271
37897 18 19 LR999951.1	3331155
37895 18 19 LR999951.1	3331040
38013 20 20 LR999951.1	4148086
37992 20 20 LR999951.1	4147456
38012 20 20 LR999951.1	4148049
38007 20 20 LR999951.1	4147980
37993 20 20 LR999951.1	4147476
37955 20 20 LR999951.1	3908269
37965 20 20 LR999951.1	3908474
37940 20 20 LR999951.1	3593513
37994 20 20 LR999951.1	4147493
37988 20 20 LR999951.1	4147155
38008 20 20 LR999951.1	4147989
37962 20 20 LR999951.1	3908460
37963 20 20 LR999951.1	3908463
38006 20 20 LR999951.1	4147971
37964 20 20 LR999951.1	3908465
37996 21 21 LR999951.1	4147533
38000 21 21 LR999951.1	4147590
38061 23 23 LR999951.1	4392270
38067 23 24 LR999951.1	4518190
38068 23 24 LR999951.1	4653555
38065 23 24 LR999951.1	4518155
38066 23 24 LR999951.1	4518165
38064 23 24 LR999951.1	4518153
38069 26 26 LR999951.1	4687269
38093 26 27 LR999951.1	4731621
38095 26 27 LR999951.1	4731649
38091 26 27 LR999951.1	4731582
38094 26 27 LR999951.1	4731631
38124 28 28 LR999951.1	5002202
38125 28 28 LR999951.1	5002207
38138 29 29 LR999951.1	5112379
38612 29 45 LR999951.1	9036413
