33273 0 0 LR999947.1	1053174
33244 0 0 LR999947.1	929138
33274 0 0 LR999947.1	1053175
33276 0 0 LR999947.1	1053404
33272 0 0 LR999947.1	1053171
33271 0 0 LR999947.1	1053155
33246 0 0 LR999947.1	929147
33275 0 0 LR999947.1	1053320
33293 1 1 LR999947.1	1282756
33296 1 1 LR999947.1	1282805
33313 1 2 LR999947.1	1315768
33316 1 2 LR999947.1	1315801
33284 1 1 LR999947.1	1282562
33301 1 2 LR999947.1	1315646
33319 1 2 LR999947.1	1315830
33283 1 1 LR999947.1	1282480
33285 1 1 LR999947.1	1282690
33304 1 2 LR999947.1	1315668
33306 1 2 LR999947.1	1315689
33302 1 2 LR999947.1	1315660
33317 1 2 LR999947.1	1315806
33390 7 7 LR999947.1	2304887
33389 7 7 LR999947.1	2304886
41099 10 10 LR999940.1	9720674
41101 10 13 LR999940.1	9720684
33394 10 11 LR999947.1	2305060
33393 10 11 LR999947.1	2305054
33396 10 11 LR999947.1	2541090
33419 13 14 LR999947.1	2853886
33420 13 14 LR999947.1	2853898
33441 13 14 LR999947.1	2871331
33436 13 14 LR999947.1	2871295
33442 13 14 LR999947.1	2871336
33438 13 14 LR999947.1	2871309
33437 13 14 LR999947.1	2871297
22325 13 14 LR999938.1	6375067
33455 13 14 LR999947.1	2995234
33440 13 14 LR999947.1	2871322
33443 13 14 LR999947.1	2871356
22332 13 14 LR999938.1	6375128
33416 13 14 LR999947.1	2853853
33454 13 14 LR999947.1	2994945
33439 13 14 LR999947.1	2871317
33477 16 16 LR999947.1	3409260
33478 16 16 LR999947.1	3409276
33505 17 17 LR999947.1	3862474
33506 17 17 LR999947.1	3862484
33485 17 17 LR999947.1	3644855
33508 17 17 LR999947.1	3946413
33520 18 18 LR999947.1	3979809
33519 18 18 LR999947.1	3979806
33534 19 19 LR999947.1	4196341
33596 19 19 LR999947.1	4612307
33544 19 19 LR999947.1	4196563
33643 21 21 LR999947.1	5232811
33647 21 21 LR999947.1	5232995
33649 21 21 LR999947.1	5233033
33646 21 21 LR999947.1	5232977
33648 21 21 LR999947.1	5233016
33644 22 22 LR999947.1	5232827
33679 22 23 LR999947.1	5829118
33675 22 23 LR999947.1	5829067
33681 26 26 LR999947.1	5884229
33680 26 26 LR999947.1	5829120
33692 28 28 LR999947.1	6081166
33694 28 28 LR999947.1	6081196
33690 28 28 LR999947.1	6081121
33693 28 28 LR999947.1	6081175
33687 29 29 LR999947.1	6080973
33704 29 30 LR999947.1	6314039
33724 30 33 LR999947.1	6585016
33752 33 34 LR999947.1	6719129
13148 33 34 LR999932.1	11015636
33751 33 34 LR999947.1	6719058
33750 33 34 LR999947.1	6718910
33887 36 36 LR999947.1	7795320
33801 36 36 LR999947.1	7091021
33839 36 36 LR999947.1	7378235
33890 36 36 LR999947.1	7795348
33878 36 36 LR999947.1	7646424
33798 36 36 LR999947.1	7090724
33896 36 36 LR999947.1	7835547
33881 36 36 LR999947.1	7656057
33862 36 36 LR999947.1	7554268
33840 36 36 LR999947.1	7378249
33943 37 37 LR999947.1	8050712
33952 37 37 LR999947.1	8051008
33946 37 37 LR999947.1	8050739
33949 37 37 LR999947.1	8050957
33944 37 37 LR999947.1	8050714
33945 37 37 LR999947.1	8050727
34012 40 40 LR999947.1	8883501
34141 40 44 LR999947.1	10267912
34223 44 45 LR999947.1	10850816
34182 44 45 LR999947.1	10734002
34284 46 46 LR999947.1	11612398
34279 46 46 LR999947.1	11612362
34263 58 58 LR999947.1	11306590
34041 58 59 LR999947.1	9445900
34040 58 59 LR999947.1	9445894
20401 71 71 LR999937.1	3589819
