35700 0 0 LR999949.1	2965959
35698 0 0 LR999949.1	2965955
35701 0 0 LR999949.1	2965990
35699 0 0 LR999949.1	2965957
35878 5 5 LR999949.1	5606341
35883 5 6 LR999949.1	5648847
35931 6 10 LR999949.1	6393864
35356 10 22 LR999949.1	260430
35389 22 23 LR999949.1	640739
35406 22 23 LR999949.1	641013
35396 22 23 LR999949.1	640819
35387 22 23 LR999949.1	640731
35399 22 23 LR999949.1	640944
35404 22 23 LR999949.1	640977
35395 22 23 LR999949.1	640814
35407 22 23 LR999949.1	641033
35437 24 24 LR999949.1	1075471
35472 24 24 LR999949.1	1326456
35471 24 24 LR999949.1	1326232
35543 27 27 LR999949.1	2098992
35544 27 27 LR999949.1	2098998
35562 27 27 LR999949.1	2161443
35539 28 28 LR999949.1	2098981
35551 28 28 LR999949.1	2099056
35545 28 28 LR999949.1	2099021
35635 30 30 LR999949.1	2498095
35630 30 30 LR999949.1	2498032
35631 30 30 LR999949.1	2498049
35632 30 30 LR999949.1	2498050
35634 30 30 LR999949.1	2498081
35633 30 30 LR999949.1	2498072
35629 30 30 LR999949.1	2498026
35636 30 30 LR999949.1	2498123
35684 32 32 LR999949.1	2843459
35668 32 32 LR999949.1	2843278
35669 32 32 LR999949.1	2843299
35664 32 32 LR999949.1	2843260
35680 32 32 LR999949.1	2843406
35666 32 32 LR999949.1	2843265
35753 33 34 LR999949.1	3551193
35758 33 34 LR999949.1	3551400
35696 33 34 LR999949.1	2965951
35693 33 34 LR999949.1	2896693
35752 33 34 LR999949.1	3551192
35691 33 34 LR999949.1	2896643
35695 33 34 LR999949.1	2965942
35740 33 34 LR999949.1	3551054
35694 33 34 LR999949.1	2965941
35692 33 34 LR999949.1	2896653
35857 39 39 LR999949.1	5283992
35855 39 39 LR999949.1	5283927
35854 39 39 LR999949.1	5283890
35851 39 39 LR999949.1	5233664
35822 39 39 LR999949.1	4915602
35865 42 42 LR999949.1	5527980
35864 42 42 LR999949.1	5487492
35888 42 42 LR999949.1	5760177
35890 42 42 LR999949.1	5760409
35875 42 42 LR999949.1	5606319
35968 45 45 LR999949.1	6605876
35972 45 45 LR999949.1	6605926
35970 45 45 LR999949.1	6605903
35975 45 45 LR999949.1	6605971
35903 46 46 LR999949.1	6176019
35922 46 46 LR999949.1	6393779
35932 46 46 LR999949.1	6393865
35923 46 46 LR999949.1	6393806
35902 46 46 LR999949.1	6175882
36040 49 49 LR999949.1	7503181
36005 49 49 LR999949.1	7243427
36004 49 49 LR999949.1	7243424
37501 55 55 LR999951.1	42251
36101 55 58 LR999949.1	8509985
36107 55 58 LR999949.1	8510065
36102 55 58 LR999949.1	8510006
36163 66 66 LR999949.1	9406465
36159 66 66 LR999949.1	9406291
36158 66 66 LR999949.1	9406290
36183 70 70 LR999949.1	9449073
36189 70 71 LR999949.1	9628050
36236 71 73 LR999949.1	9973727
36298 73 74 LR999949.1	11092499
36296 73 74 LR999949.1	11092480
36293 73 74 LR999949.1	11092441
36297 73 74 LR999949.1	11092497
36299 73 74 LR999949.1	11092516
36303 73 74 LR999949.1	11092548
36294 73 74 LR999949.1	11092465
36299 73 74 LR999949.1	11092516
36295 73 74 LR999949.1	11092478
36301 73 74 LR999949.1	11092529
