29947 0 0 LR999944.1	8407539
30436 0 15 LR999944.1	12408352
30438 0 15 LR999944.1	12408359
30434 16 16 LR999944.1	12408344
30426 16 16 LR999944.1	12263039
30452 16 16 LR999944.1	12604990
30451 16 16 LR999944.1	12604969
30425 16 16 LR999944.1	12262997
30463 17 17 LR999944.1	12605291
30458 17 17 LR999944.1	12605191
30453 16 17 LR999944.1	12604998
30459 17 17 LR999944.1	12605219
30455 17 17 LR999944.1	12605045
30456 17 17 LR999944.1	12605053
30404 19 19 LR999944.1	11952456
30349 19 21 LR999944.1	11401866
30366 19 21 LR999944.1	11502580
30354 19 21 LR999944.1	11401905
30308 23 23 LR999944.1	10985720
30309 23 23 LR999944.1	10985753
30306 23 23 LR999944.1	10985657
30216 26 26 LR999944.1	10054808
30218 26 26 LR999944.1	10054932
30217 26 26 LR999944.1	10054810
30179 27 27 LR999944.1	9873366
30161 27 28 LR999944.1	9783380
30186 27 27 LR999944.1	9935607
30177 27 28 LR999944.1	9872987
30137 27 28 LR999944.1	9783257
30150 27 28 LR999944.1	9783334
30178 27 27 LR999944.1	9873310
30171 27 28 LR999944.1	9788665
30170 27 28 LR999944.1	9788658
30151 27 28 LR999944.1	9783337
30172 27 28 LR999944.1	9788705
30185 28 28 LR999944.1	9935429
30176 27 28 LR999944.1	9788818
30173 27 28 LR999944.1	9788720
30155 27 28 LR999944.1	9783345
30174 27 28 LR999944.1	9788763
30175 27 28 LR999944.1	9788777
30013 32 32 LR999944.1	9135423
30011 32 32 LR999944.1	9135405
30009 32 32 LR999944.1	9135401
29983 32 32 LR999944.1	8925744
29982 32 32 LR999944.1	8925607
30012 33 33 LR999944.1	9135420
30037 33 33 LR999944.1	9144085
29998 33 33 LR999944.1	8983507
30010 33 33 LR999944.1	9135404
30045 33 33 LR999944.1	9144145
30047 33 33 LR999944.1	9144171
30046 33 33 LR999944.1	9144149
30039 33 33 LR999944.1	9144097
29989 34 34 LR999944.1	8983271
29916 34 40 LR999944.1	8335571
29893 40 41 LR999944.1	8122330
29875 40 41 LR999944.1	8120157 45
29853 43 43 LR999944.1	7921163
29852 43 43 LR999944.1	7894162
29817 43 43 LR999944.1	7667717
29813 43 43 LR999944.1	7667687
29788 43 44 LR999944.1	7538049
29808 43 43 LR999944.1	7667654
29787 43 44 LR999944.1	7538048
29807 43 43 LR999944.1	7667490
29818 43 43 LR999944.1	7667722
29814 43 43 LR999944.1	7667704
29816 43 43 LR999944.1	7667715
29811 44 44 LR999944.1	7667677
29777 44 45 LR999944.1	7537991
29738 44 45 LR999944.1	7322601
29780 44 45 LR999944.1	7538002
29786 44 45 LR999944.1	7538038
29746 44 45 LR999944.1	7322865
29756 43 45 LR999944.1	7395433
29851 44 45 LR999944.1	7894153
29741 44 45 LR999944.1	7322635
29810 44 44 LR999944.1	7667667
29758 43 45 LR999944.1	7395477
29748 44 45 LR999944.1	7322875
29740 44 45 LR999944.1	7322615
29861 44 45 LR999944.1	7943952
29747 44 45 LR999944.1	7322867
38045 44 45 LR999951.1	4391939
38037 44 45 LR999951.1	4319352
29783 44 45 LR999944.1	7538011
29855 44 45 LR999944.1	7921451
29743 44 45 LR999944.1	7322665
29749 44 45 LR999944.1	7322962
29742 44 45 LR999944.1	7322642
38042 44 45 LR999951.1	4319390
29673 47 47 LR999944.1	6892701
29620 47 48 LR999944.1	5894520
29604 47 48 LR999944.1	5867011
29621 47 48 LR999944.1	5894624
29592 49 49 LR999944.1	5666198
29593 49 49 LR999944.1	5804297
29584 50 50 LR999944.1	5522731
29585 50 50 LR999944.1	5522813
29578 50 50 LR999944.1	5522516
29579 50 50 LR999944.1	5522527
29583 50 50 LR999944.1	5522730
29581 50 50 LR999944.1	5522706
29577 50 50 LR999944.1	5522504
29576 50 50 LR999944.1	5522477
29484 52 52 LR999944.1	3919188
29516 52 52 LR999944.1	4436680
29459 55 55 LR999944.1	3649603
29357 55 55 LR999944.1	2793453
29355 55 55 LR999944.1	2793382
29458 55 55 LR999944.1	3477923
29359 55 55 LR999944.1	2793456
29450 55 55 LR999944.1	3477886
29403 56 56 LR999944.1	3227985
29333 56 56 LR999944.1	2424836
29330 56 56 LR999944.1	2424800
29395 56 56 LR999944.1	3227959
29334 56 56 LR999944.1	2424874
29393 56 56 LR999944.1	3227954
29405 56 56 LR999944.1	3228012
29351 58 58 LR999944.1	2760073
29299 58 65 LR999944.1	1181236
29252 58 65 LR999944.1	280790
29267 58 65 LR999944.1	362004
29268 58 65 LR999944.1	362033
29298 58 65 LR999944.1	1181227
29301 58 65 LR999944.1	1181307
29269 58 65 LR999944.1	362042
29257 58 65 LR999944.1	281045
29253 58 67 LR999944.1	280793
29300 69 69 LR999944.1	1181238
29255 58 67 LR999944.1	280813
29254 67 67 LR999944.1	280812
29256 69 69 LR999944.1	280820
29437 69 78 LR999944.1	3477581
