18728 0 0 LR999936.1	3303575
18802 0 10 LR999936.1	3751149
18473 0 0 LR999936.1	939011
18472 0 0 LR999936.1	745004
18472 0 0 LR999936.1	745004
18942 12 12 LR999936.1	5227531
18941 12 12 LR999936.1	5227482
19112 12 12 LR999936.1	7163755
18959 12 12 LR999936.1	5391047
19822 0 0 LR999936.1	13206311 12
18937 12 12 LR999936.1	5227231
18936 12 12 LR999936.1	5227230
19421 12 12 LR999936.1	9949199
18935 12 12 LR999936.1	5227227
18932 12 12 LR999936.1	5227155
18938 12 12 LR999936.1	5227454
19422 12 12 LR999936.1	9950225
18933 12 12 LR999936.1	5227212
18940 12 12 LR999936.1	5227477
18939 12 12 LR999936.1	5227470
18934 12 12 LR999936.1	5227224
18945 14 14 LR999936.1	5227594
19767 14 18 LR999936.1	12800881
19044 18 20 LR999936.1	6439028
18652 20 22 LR999936.1	2534983
18651 20 22 LR999936.1	2510694
19346 26 26 LR999936.1	9497737
19543 26 27 LR999936.1	10930064
19545 26 27 LR999936.1	10930081
19296 30 30 LR999936.1	9263073
19939 30 42 LR999936.1	14373132
19942 30 42 LR999936.1	14373214
19970 41 42 LR999936.1	14677925
19968 41 42 LR999936.1	14677850
19969 41 42 LR999936.1	14677861
19976 41 42 LR999936.1	14678162
19966 41 42 LR999936.1	14677810
19797 44 44 LR999936.1	12998825
19735 44 44 LR999936.1	12650015 48
19790 44 44 LR999936.1	12998770
19734 44 44 LR999936.1	12649672 48
19793 44 44 LR999936.1	12998781
19796 44 44 LR999936.1	12998810
19791 44 45 LR999936.1	12998776
19870 45 45 LR999936.1	13656929
19863 45 45 LR999936.1	13656867
19792 45 45 LR999936.1	12998777
19864 45 45 LR999936.1	13656878
19866 45 45 LR999936.1	13656887
19869 45 45 LR999936.1	13656915
19867 45 45 LR999936.1	13656896
19885 45 45 LR999936.1	13719296
19794 45 45 LR999936.1	12998785
19795 45 45 LR999936.1	12998788
19868 45 45 LR999936.1	13656901
19837 46 46 LR999936.1	13283021
19843 46 46 LR999936.1	13289851
19741 47 47 LR999936.1	12708925
19742 47 47 LR999936.1	12709112
19678 48 48 LR999936.1	12380233
19685 48 48 LR999936.1	12445343
19687 48 48 LR999936.1	12445566
19724 48 48 LR999936.1	12626127
19712 49 49 LR999936.1	12524365
19660 49 51 LR999936.1	11926690
19597 49 51 LR999936.1	11783785
19616 49 51 LR999936.1	11898329
19600 49 51 LR999936.1	11783803
19598 49 51 LR999936.1	11783786
19602 49 51 LR999936.1	11783826
19662 49 51 LR999936.1	11926719
19659 49 51 LR999936.1	11926620
19622 49 51 LR999936.1	11898412
19606 49 51 LR999936.1	11783974
19627 49 51 LR999936.1	11898451
19599 49 51 LR999936.1	11783789
19605 49 51 LR999936.1	11783861
19604 49 51 LR999936.1	11783848
19532 55 55 LR999936.1	10865233
19534 55 55 LR999936.1	10865339
19524 56 56 LR999936.1	10724730
19523 56 57 LR999936.1	10724722
19522 56 57 LR999936.1	10724721
19519 56 57 LR999936.1	10724663
19515 56 57 LR999936.1	10724633
19516 56 57 LR999936.1	10724635
19521 56 57 LR999936.1	10724681
19517 56 57 LR999936.1	10724639
19513 56 57 LR999936.1	10724628
19507 58 58 LR999936.1	10483954
19508 58 58 LR999936.1	10483962
19410 59 59 LR999936.1	9811604
19406 59 59 LR999936.1	9811576
19455 59 59 LR999936.1	10214478
19408 59 59 LR999936.1	9811579
19453 59 59 LR999936.1	10214473
19409 59 59 LR999936.1	9811594
19405 59 59 LR999936.1	9811574
19456 59 59 LR999936.1	10214507
19454 59 59 LR999936.1	10214475
19452 59 59 LR999936.1	10214464
19395 59 59 LR999936.1	9811391
19446 59 59 LR999936.1	10214233
19449 59 59 LR999936.1	10214293
19440 59 59 LR999936.1	10203130
19469 59 59 LR999936.1	10371553
19447 59 59 LR999936.1	10214277
19442 59 59 LR999936.1	10214176
19445 59 59 LR999936.1	10214207
19444 59 59 LR999936.1	10214195
19407 59 59 LR999936.1	9811578
19448 59 59 LR999936.1	10214290
19320 60 60 LR999936.1	9306382
19313 60 60 LR999936.1	9306285
19319 60 60 LR999936.1	9306348
19317 60 60 LR999936.1	9306330
19316 60 60 LR999936.1	9306317
19318 60 60 LR999936.1	9306342
19277 62 62 LR999936.1	8797220
19278 62 62 LR999936.1	8797231
19276 62 62 LR999936.1	8797218
19274 62 62 LR999936.1	8797206
19279 62 62 LR999936.1	8797246
19249 64 64 LR999936.1	8435065
19252 64 64 LR999936.1	8661423
19248 64 64 LR999936.1	8435045
19268 64 64 LR999936.1	8701084
19250 64 64 LR999936.1	8661409
19177 65 65 LR999936.1	7752338
19189 65 65 LR999936.1	7752600
19198 65 65 LR999936.1	7805852
8136 65 65 LR999929.1	9575893
19182 65 65 LR999936.1	7752392
19199 65 65 LR999936.1	7806045
19183 65 65 LR999936.1	7752411
19176 65 65 LR999936.1	7533107
19200 65 65 LR999936.1	7918139
19220 65 65 LR999936.1	7948471
19221 65 65 LR999936.1	7948489
8132 65 65 LR999929.1	9575642
19184 65 65 LR999936.1	7752421
19154 66 66 LR999936.1	7421031
19158 66 66 LR999936.1	7421063
19152 66 66 LR999936.1	7421008
19159 66 66 LR999936.1	7421072
19153 66 66 LR999936.1	7421020
19155 66 66 LR999936.1	7421032
19157 66 66 LR999936.1	7421039
19156 66 66 LR999936.1	7421033
19084 69 69 LR999936.1	7127161
19088 69 69 LR999936.1	7127253
19140 69 69 LR999936.1	7357252
19081 69 69 LR999936.1	6773895
19058 70 70 LR999936.1	6498440
19057 70 70 LR999936.1	6498429
19059 70 70 LR999936.1	6589007
19056 70 70 LR999936.1	6498413
19046 73 73 LR999936.1	6439043
19043 73 73 LR999936.1	6438979
18948 73 73 LR999936.1	5227796
18968 73 73 LR999936.1	5419578
19045 73 73 LR999936.1	6439034
19042 73 73 LR999936.1	6438929
19047 73 73 LR999936.1	6439050
19040 73 73 LR999936.1	6438911
18901 75 75 LR999936.1	4745829
18899 75 75 LR999936.1	4745813
18867 76 76 LR999936.1	4570929
18882 76 76 LR999936.1	4571249
18897 76 76 LR999936.1	4745800
18871 76 76 LR999936.1	4571031
18896 76 76 LR999936.1	4745788
18881 76 76 LR999936.1	4571216
18875 76 76 LR999936.1	4571193
18840 77 77 LR999936.1	4363369
32760 77 79 LR999946.1	9269984
18841 77 77 LR999936.1	4363383
18704 78 78 LR999936.1	2975105
18731 78 78 LR999936.1	3303588
18732 78 78 LR999936.1	3303603
18696 78 78 LR999936.1	2975073
18789 78 78 LR999936.1	3750893
18787 78 78 LR999936.1	3750882
18788 78 78 LR999936.1	3750883
18784 78 78 LR999936.1	3750870
18785 78 78 LR999936.1	3750874
18736 78 78 LR999936.1	3303891
18761 78 78 LR999936.1	3500364
18791 78 78 LR999936.1	3750940
18721 79 79 LR999936.1	3129776
18764 79 79 LR999936.1	3500458
18720 79 79 LR999936.1	3129755
18657 79 79 LR999936.1	2535253
18722 79 79 LR999936.1	3303511
18650 79 79 LR999936.1	2510693
18664 79 79 LR999936.1	2694497
18716 79 79 LR999936.1	3129717
18689 79 79 LR999936.1	2975031
18713 79 79 LR999936.1	3129603
18656 79 79 LR999936.1	2535189
18686 79 79 LR999936.1	2975005
18644 79 79 LR999936.1	2510470
18677 79 79 LR999936.1	2858337
18718 79 79 LR999936.1	3129750
18717 79 79 LR999936.1	3129721
18719 79 79 LR999936.1	3129754
18700 79 79 LR999936.1	2975084
18763 79 79 LR999936.1	3500430
18641 79 79 LR999936.1	2510425
18666 79 79 LR999936.1	2694700
18574 81 81 LR999936.1	2073510
18547 81 81 LR999936.1	1528091
18572 81 81 LR999936.1	2073502
18504 81 81 LR999936.1	1142268
18536 81 81 LR999936.1	1323190
18507 81 81 LR999936.1	1198550
18506 81 81 LR999936.1	1142310
18560 81 81 LR999936.1	1720224
18550 81 81 LR999936.1	1528130
18581 81 81 LR999936.1	2073722
18551 81 81 LR999936.1	1528222
18553 81 81 LR999936.1	1528265
18552 81 81 LR999936.1	1528233
18548 81 81 LR999936.1	1528103
18549 81 81 LR999936.1	1528127
18505 81 81 LR999936.1	1142273
18579 81 81 LR999936.1	2073562
18577 81 81 LR999936.1	2073532
18478 85 85 LR999936.1	939310
18469 85 86 LR999936.1	744973
18470 85 86 LR999936.1	745001
18459 85 86 LR999936.1	744895
18401 85 86 LR999936.1	85279
18466 85 86 LR999936.1	744959
18456 85 86 LR999936.1	744751
18455 85 86 LR999936.1	744730
18457 85 86 LR999936.1	744757
18465 85 86 LR999936.1	744939
18403 85 86 LR999936.1	122018
18464 85 86 LR999936.1	744935
18428 85 86 LR999936.1	252002
18468 85 86 LR999936.1	744972
18438 85 86 LR999936.1	391697
18441 87 87 LR999936.1	391812
