13602 0 0 LR999933.1	241598
13680 0 2 LR999933.1	1297415
14153 2 2 LR999933.1	5960102
13653 6 12 LR999933.1	1162830
13656 6 12 LR999933.1	1162853
13651 6 12 LR999933.1	1162800
13657 6 12 LR999933.1	1162870
13679 13 13 LR999933.1	1297237
13631 13 13 LR999933.1	780786
13702 13 13 LR999933.1	1352926
13673 13 13 LR999933.1	1297168
13676 13 13 LR999933.1	1297196
13674 13 13 LR999933.1	1297177
13630 13 13 LR999933.1	780538
13678 13 13 LR999933.1	1297207
13677 13 13 LR999933.1	1297199
13675 13 13 LR999933.1	1297195
13713 14 14 LR999933.1	1521968
13723 14 15 LR999933.1	1619151
13728 14 15 LR999933.1	1619217
13774 18 18 LR999933.1	2107510
13771 18 19 LR999933.1	2107202
13792 19 20 LR999933.1	2414993
13791 19 20 LR999933.1	2414982
13793 19 20 LR999933.1	2414995
13790 19 20 LR999933.1	2414977
13795 19 20 LR999933.1	2415052
13794 19 20 LR999933.1	2415001
13789 19 20 LR999933.1	2414973
13832 25 25 LR999933.1	3022674
13867 25 27 LR999933.1	3200967
13863 25 27 LR999933.1	3200924
13864 25 27 LR999933.1	3200925
13855 25 27 LR999933.1	3200800
13861 25 27 LR999933.1	3200915
13858 25 27 LR999933.1	3200899
13852 25 27 LR999933.1	3200779
13862 25 27 LR999933.1	3200920
13868 25 27 LR999933.1	3200979
13856 25 27 LR999933.1	3200811
13859 25 27 LR999933.1	3200901
13860 25 27 LR999933.1	3200907
13866 25 27 LR999933.1	3200935
13854 25 27 LR999933.1	3200785
13893 28 28 LR999933.1	3680508
13939 28 29 LR999933.1	4128745
13951 28 29 LR999933.1	4220223
14037 31 31 LR999933.1	5267062
14045 31 31 LR999933.1	5267248
14043 31 31 LR999933.1	5267239
14041 31 31 LR999933.1	5267216
14039 31 31 LR999933.1	5267193
14048 31 31 LR999933.1	5267277
14066 31 31 LR999933.1	5287859
14034 31 31 LR999933.1	5166050
14038 31 31 LR999933.1	5267102
14049 31 31 LR999933.1	5267278
14046 31 31 LR999933.1	5267257
14052 31 31 LR999933.1	5267291
14047 31 31 LR999933.1	5267268
14050 31 31 LR999933.1	5267282
14051 31 31 LR999933.1	5267286
14044 31 31 LR999933.1	5267246
14085 31 31 LR999933.1	5358906
14053 31 31 LR999933.1	5267302
14040 31 31 LR999933.1	5267211
14068 31 31 LR999933.1	5288006
14096 32 32 LR999933.1	5591540
14130 32 32 LR999933.1	5807946
14098 32 32 LR999933.1	5591562
14095 32 32 LR999933.1	5591390
14137 32 32 LR999933.1	5844601
14145 32 32 LR999933.1	5959896
14116 32 32 LR999933.1	5807633
14144 32 32 LR999933.1	5867386
14141 32 32 LR999933.1	5844684
14119 32 32 LR999933.1	5807862
14127 32 32 LR999933.1	5807919
14122 32 32 LR999933.1	5807899
14097 32 32 LR999933.1	5591543
14131 32 32 LR999933.1	5807953
14118 32 32 LR999933.1	5807850
14123 32 32 LR999933.1	5807900
14125 32 32 LR999933.1	5807905
14161 34 34 LR999933.1	6063659
14344 34 39 LR999933.1	8229434
14342 34 39 LR999933.1	8229408
14338 34 39 LR999933.1	8229368
14343 34 39 LR999933.1	8229420
14341 34 39 LR999933.1	8229397
14339 34 39 LR999933.1	8229385
14266 40 40 LR999933.1	7702085
14233 34 34 LR999933.1	7102711 40
14261 40 40 LR999933.1	7701837
14355 40 40 LR999933.1	8340918
14204 34 34 LR999933.1	7013521 40
14262 40 40 LR999933.1	7701848
14347 40 40 LR999933.1	8229603
14359 40 40 LR999933.1	8341179
14294 40 40 LR999933.1	7924464
14257 40 40 LR999933.1	7701747
14253 40 40 LR999933.1	7552271
14263 40 40 LR999933.1	7702043
14251 40 40 LR999933.1	7552252
14348 40 40 LR999933.1	8229653
14259 40 40 LR999933.1	7701798
14265 40 40 LR999933.1	7702061
14252 40 40 LR999933.1	7552258
14236 40 40 LR999933.1	7305441
14254 40 40 LR999933.1	7552272
14264 40 40 LR999933.1	7702060
14370 41 41 LR999933.1	8565964
14371 41 42 LR999933.1	8565969
14386 41 41 LR999933.1	8764934
14390 41 41 LR999933.1	8902122
14447 41 41 LR999933.1	9330237
14385 41 41 LR999933.1	8764922
14424 41 41 LR999933.1	9081367
14495 41 41 LR999933.1	9775763
14397 41 41 LR999933.1	8902400
14427 41 41 LR999933.1	9081558
14498 41 41 LR999933.1	9775798
14429 41 41 LR999933.1	9081581
14423 41 41 LR999933.1	9081362
14455 41 41 LR999933.1	9405221
14433 41 41 LR999933.1	9152575
14395 41 41 LR999933.1	8902385
14422 41 41 LR999933.1	9081351
14369 41 42 LR999933.1	8565931
14499 41 41 LR999933.1	9775821
14421 41 41 LR999933.1	9081305
14439 41 41 LR999933.1	9177087
14449 41 41 LR999933.1	9330578
14440 41 41 LR999933.1	9177118
14426 41 41 LR999933.1	9081531
14456 41 41 LR999933.1	9405402
14428 41 41 LR999933.1	9081568
14434 41 41 LR999933.1	9152643
14420 41 41 LR999933.1	9081290
14452 41 41 LR999933.1	9405174
14381 41 41 LR999933.1	8764856
14372 41 41 LR999933.1	8565970
14373 41 41 LR999933.1	8565972
14391 41 41 LR999933.1	8902317
14505 42 42 LR999933.1	9828708
14557 42 42 LR999933.1	10161843
14504 42 42 LR999933.1	9828700
14512 42 42 LR999933.1	9828824
14564 42 42 LR999933.1	10162118
14503 42 42 LR999933.1	9828699
14507 42 42 LR999933.1	9828761
14563 42 42 LR999933.1	10162105
14560 42 42 LR999933.1	10161915
14509 42 42 LR999933.1	9828775
14548 42 42 LR999933.1	10092788
14518 42 42 LR999933.1	9900444
14508 42 42 LR999933.1	9828772
14511 42 42 LR999933.1	9828815
14510 42 42 LR999933.1	9828782
14550 42 42 LR999933.1	10092990
14506 42 42 LR999933.1	9828760
14514 42 42 LR999933.1	9828829
14580 43 43 LR999933.1	10363636
14581 43 43 LR999933.1	10363699
14579 43 43 LR999933.1	10363610
14743 46 46 LR999933.1	11433903
14680 46 46 LR999933.1	11077485
14737 46 46 LR999933.1	11433566
14740 46 46 LR999933.1	11433649
14685 46 46 LR999933.1	11077498
14688 46 46 LR999933.1	11077551
14920 47 47 LR999933.1	12468587
14689 47 47 LR999933.1	11077554
14814 47 47 LR999933.1	11814589
14919 47 47 LR999933.1	12468586
14683 47 47 LR999933.1	11077493
14917 47 47 LR999933.1	12468536
14878 47 47 LR999933.1	12203986
14877 47 47 LR999933.1	12203967
14932 47 47 LR999933.1	12468793
14826 47 47 LR999933.1	11931884
14831 47 47 LR999933.1	11931954
14921 47 47 LR999933.1	12468716
14874 47 47 LR999933.1	12203929
14924 47 47 LR999933.1	12468733
14872 47 47 LR999933.1	12203701
14875 47 47 LR999933.1	12203947
14918 47 47 LR999933.1	12468542
14800 47 47 LR999933.1	11797874
14923 47 47 LR999933.1	12468726
14818 47 47 LR999933.1	11814640
14879 47 47 LR999933.1	12203989
14819 47 48 LR999933.1	11814645
14817 47 47 LR999933.1	11814610
14882 47 47 LR999933.1	12204038
14816 47 47 LR999933.1	11814599
14867 47 47 LR999933.1	12115655
14880 47 47 LR999933.1	12203992
14927 47 47 LR999933.1	12468758
14828 47 47 LR999933.1	11931903
14930 47 47 LR999933.1	12468784
14881 47 47 LR999933.1	12204007
14829 47 47 LR999933.1	11931921
14873 47 47 LR999933.1	12203731
14692 46 47 LR999933.1	11077772
14871 47 47 LR999933.1	12203683
14975 48 48 LR999933.1	12893703
14947 48 48 LR999933.1	12668830
14970 48 48 LR999933.1	12893631
14972 48 48 LR999933.1	12893670
14954 48 48 LR999933.1	12814147
14974 48 48 LR999933.1	12893697
14955 48 48 LR999933.1	12814189
15043 52 52 LR999933.1	13690102
15046 52 54 LR999933.1	13690126
15049 52 54 LR999933.1	13690141
15084 52 53 LR999933.1	13862900
15058 52 54 LR999933.1	13690257
15051 52 54 LR999933.1	13690181
15090 54 54 LR999933.1	13924914
15053 52 54 LR999933.1	13690210
15047 52 54 LR999933.1	13690132
15038 54 54 LR999933.1	13643303
15050 52 54 LR999933.1	13690151
15036 54 54 LR999933.1	13643094
15039 54 54 LR999933.1	13643318
15091 54 54 LR999933.1	13925063
15023 54 54 LR999933.1	13480363
15100 54 54 LR999933.1	14013884
15104 55 55 LR999933.1	14014107
15106 55 55 LR999933.1	14014169
15116 56 56 LR999933.1	14062412
15187 56 57 LR999933.1	14618261
15195 57 58 LR999933.1	14690954
15173 57 58 LR999933.1	14570401
15126 57 58 LR999933.1	14176463
15124 57 58 LR999933.1	14176297
15130 57 58 LR999933.1	14176541
15128 57 58 LR999933.1	14176483
15127 57 58 LR999933.1	14176478
15130 57 58 LR999933.1	14176541
15131 57 58 LR999933.1	14176545
15240 57 58 LR999933.1	14901359
15258 57 58 LR999933.1	14940011
22616 57 58 LR999938.1	9314968
15194 57 58 LR999933.1	14690942
15295 57 58 LR999933.1	15282729
15122 57 58 LR999933.1	14176276
15123 57 58 LR999933.1	14176288
15260 57 58 LR999933.1	14940050
15129 57 58 LR999933.1	14176507
15118 62 62 LR999933.1	14062439
15115 62 62 LR999933.1	14062411
15113 62 62 LR999933.1	14062380
15114 62 62 LR999933.1	14062398
15112 62 62 LR999933.1	14062365
15111 62 62 LR999933.1	14062342
15188 69 69 LR999933.1	14660954
13803 69 79 LR999933.1	2500092
13804 79 81 LR999933.1	2500156
14742 81 88 LR999933.1	11433862
14808 81 88 LR999933.1	11799009
14415 81 88 LR999933.1	8952404
40862 81 88 LR999940.1	1049611
13665 81 88 LR999933.1	1162927
13806 81 88 LR999933.1	2500158
13732 81 88 LR999933.1	1667635
14522 81 88 LR999933.1	9900492
