23232 0 0 LR999939.1	230703
23269 0 0 LR999939.1	464209
23270 0 0 LR999939.1	464216
23274 0 0 LR999939.1	464262
23239 0 0 LR999939.1	232319
23231 0 0 LR999939.1	230663
23230 0 0 LR999939.1	230633
25186 3 3 LR999941.1	3826632
25190 3 3 LR999941.1	3826832
25188 3 3 LR999941.1	3826691
23326 3 3 LR999939.1	1286229
23336 4 4 LR999939.1	1539173
23357 4 4 LR999939.1	1690543
23329 5 5 LR999939.1	1486190
23330 5 5 LR999939.1	1486245
23408 7 7 LR999939.1	2092124
23409 7 7 LR999939.1	2092207
23407 7 7 LR999939.1	2092122
23398 7 7 LR999939.1	2014600
23477 9 9 LR999939.1	2872204
23537 9 10 LR999939.1	3103690
23556 9 10 LR999939.1	3138561
23423 9 10 LR999939.1	2285402
23510 9 10 LR999939.1	2981186
23539 9 10 LR999939.1	3103716
23541 9 10 LR999939.1	3103735
23558 9 10 LR999939.1	3138568
23551 9 10 LR999939.1	3138485
23538 9 10 LR999939.1	3103715
23511 9 10 LR999939.1	2981378
23559 9 10 LR999939.1	3138628
23562 9 10 LR999939.1	3138800
23508 9 10 LR999939.1	2981138
23512 9 10 LR999939.1	2981429
23557 9 10 LR999939.1	3138567
23533 9 10 LR999939.1	3103643
23550 9 10 LR999939.1	3138468
30107 18 18 LR999944.1	9502635
23696 18 19 LR999939.1	4736262
23694 18 19 LR999939.1	4736249
23697 18 19 LR999939.1	4736458
23740 20 20 LR999939.1	5194548
23738 20 20 LR999939.1	5194455
23743 20 20 LR999939.1	5290945
23770 20 20 LR999939.1	5355376
23757 20 20 LR999939.1	5349539
23756 20 20 LR999939.1	5349526
23739 20 20 LR999939.1	5194509
23772 20 20 LR999939.1	5355393
23771 20 20 LR999939.1	5355386
23773 20 20 LR999939.1	5355418
23744 20 20 LR999939.1	5314172
23768 20 20 LR999939.1	5355363
23791 21 21 LR999939.1	5500067
23792 21 21 LR999939.1	5516891
23815 21 21 LR999939.1	5661086
23790 21 21 LR999939.1	5500023
23775 20 20 LR999939.1	5355442 22
23777 20 20 LR999939.1	5355453 22
23776 20 20 LR999939.1	5355449 22
23914 23 23 LR999939.1	6384827
23846 23 23 LR999939.1	5931514
23834 23 23 LR999939.1	5892877
23888 23 23 LR999939.1	6195723
23844 23 23 LR999939.1	5931429
23892 23 23 LR999939.1	6217213
23894 23 23 LR999939.1	6217223
23886 23 23 LR999939.1	6195649
23913 23 23 LR999939.1	6384735
23852 24 24 LR999939.1	5973219
23935 24 25 LR999939.1	6774409
23944 24 25 LR999939.1	6869458
23943 24 25 LR999939.1	6869439
23942 24 25 LR999939.1	6869284
23933 24 25 LR999939.1	6774318
23928 24 25 LR999939.1	6741727
23971 26 26 LR999939.1	7408485
23985 26 27 LR999939.1	7776049
23988 26 27 LR999939.1	7776147
23987 26 27 LR999939.1	7776145
23979 26 27 LR999939.1	7775832
23986 26 27 LR999939.1	7776065
24046 31 31 LR999939.1	8370303
24080 31 31 LR999939.1	8470921
24043 31 31 LR999939.1	8325156
24057 31 31 LR999939.1	8426504
24075 31 31 LR999939.1	8470745
24076 31 31 LR999939.1	8470747
24052 31 31 LR999939.1	8404140
24066 31 31 LR999939.1	8428198
24047 31 31 LR999939.1	8370321
24078 31 31 LR999939.1	8470769
24070 31 31 LR999939.1	8428299
24068 31 31 LR999939.1	8428273
24077 31 31 LR999939.1	8470751
24098 32 32 LR999939.1	8641981
24105 32 32 LR999939.1	8806941
24198 33 33 LR999939.1	9272092
24199 33 33 LR999939.1	9272094
24176 34 34 LR999939.1	9271753
24243 34 34 LR999939.1	9892861
24175 34 34 LR999939.1	9271744
24213 34 34 LR999939.1	9706122
24170 34 34 LR999939.1	9271517
24247 34 34 LR999939.1	9892956
24241 34 34 LR999939.1	9892845
24254 34 34 LR999939.1	9893070
24246 34 34 LR999939.1	9892880
24215 34 34 LR999939.1	9706320
24168 34 34 LR999939.1	9271512
24171 34 34 LR999939.1	9271534
24249 34 34 LR999939.1	9892985
24214 34 34 LR999939.1	9706174
24271 34 34 LR999939.1	10034573
24244 34 34 LR999939.1	9892871
24242 34 34 LR999939.1	9892847
24219 34 34 LR999939.1	9795258
24277 35 35 LR999939.1	10044386
24278 35 35 LR999939.1	10044395
24305 35 35 LR999939.1	10217327
24294 35 35 LR999939.1	10144948
24330 36 36 LR999939.1	10834869
24333 36 36 LR999939.1	10834929
24340 36 36 LR999939.1	10838395
24342 36 36 LR999939.1	10838417
24334 36 36 LR999939.1	10835168
24309 36 36 LR999939.1	10437402
24308 36 36 LR999939.1	10437396
24458 38 38 LR999939.1	11563194
24378 38 38 LR999939.1	11230020
24496 38 38 LR999939.1	11864455
24426 38 38 LR999939.1	11354774
24359 38 38 LR999939.1	10975374
24466 38 38 LR999939.1	11563423
24360 38 38 LR999939.1	10975377
24467 38 38 LR999939.1	11563446
24463 38 38 LR999939.1	11563363
24423 38 38 LR999939.1	11354761
24457 38 38 LR999939.1	11563188
24361 40 40 LR999939.1	10975413
24420 40 40 LR999939.1	11354723
24358 40 40 LR999939.1	10975371
24434 43 43 LR999939.1	11420290
24429 43 43 LR999939.1	11408376
24428 43 43 LR999939.1	11408351
24164 62 62 LR999939.1	9271473
24780 62 63 LR999939.1	13722337
24102 62 63 LR999939.1	8806865
24103 62 63 LR999939.1	8806875
24779 62 63 LR999939.1	13722162
24776 62 63 LR999939.1	13722126
24778 62 63 LR999939.1	13722158
24777 62 63 LR999939.1	13722152
24781 62 63 LR999939.1	13722345
24422 78 78 LR999939.1	11354727
24706 78 84 LR999939.1	13208438
24584 84 86 LR999939.1	12210627
24633 86 90 LR999939.1	12763256
24689 86 90 LR999939.1	13013026
24595 86 90 LR999939.1	12279360
24688 86 90 LR999939.1	13013014
24690 86 90 LR999939.1	13013077
24695 86 90 LR999939.1	13019444
24581 86 90 LR999939.1	12210583
24741 91 91 LR999939.1	13552050
24739 91 91 LR999939.1	13551772
24738 91 91 LR999939.1	13551768
24618 94 94 LR999939.1	12571333
24698 94 96 LR999939.1	13128080
24697 95 96 LR999939.1	13036385
24326 96 105 LR999939.1	10529389
24791 105 108 LR999939.1	13853996
24367 108 112 LR999939.1	11036315
24597 108 112 LR999939.1	12279379
24598 108 112 LR999939.1	12279641
24596 108 112 LR999939.1	12279371
