23109 0 0 LR999938.1	12987844
23018 0 1 LR999938.1	12092748
23022 0 1 LR999938.1	12092887
23021 0 1 LR999938.1	12092881
23019 0 1 LR999938.1	12092759
23025 0 1 LR999938.1	12092945
23023 0 1 LR999938.1	12092906
23024 0 1 LR999938.1	12092925
23076 0 0 LR999938.1	12776138
22756 8 8 LR999938.1	10240835
22757 8 8 LR999938.1	10240837
22755 8 8 LR999938.1	10240832
22754 8 8 LR999938.1	10240830
22753 8 8 LR999938.1	10240829
22758 8 8 LR999938.1	10240843
23110 15 15 LR999938.1	12987855
23146 15 18 LR999938.1	13509404
23091 15 18 LR999938.1	12886589
23044 15 18 LR999938.1	12487646
23102 15 18 LR999938.1	12974201
23083 15 18 LR999938.1	12886378
23142 15 18 LR999938.1	13509126
23137 15 18 LR999938.1	13477518
23141 15 18 LR999938.1	13477583
23092 15 18 LR999938.1	12886630
23148 15 18 LR999938.1	13509428
23062 15 18 LR999938.1	12693053
23059 15 18 LR999938.1	12692982
23132 15 18 LR999938.1	13477369
23063 15 18 LR999938.1	12693062
23138 15 18 LR999938.1	13477566
23134 15 18 LR999938.1	13477384
23100 15 18 LR999938.1	12974099
23058 15 18 LR999938.1	12692780
23135 15 18 LR999938.1	13477424
23051 15 18 LR999938.1	12692735
22581 20 20 LR999938.1	9196159
23035 20 20 LR999938.1	12341748
22578 20 20 LR999938.1	9196129
22775 23 23 LR999938.1	10352307
22777 23 23 LR999938.1	10352430
22776 23 23 LR999938.1	10352319
22774 23 23 LR999938.1	10352305
23000 24 24 LR999938.1	12083049
23001 24 24 LR999938.1	12083054
22966 24 24 LR999938.1	11670768
22846 24 24 LR999938.1	10666236
22921 24 24 LR999938.1	11558200
22851 24 24 LR999938.1	10666319
22827 24 24 LR999938.1	10555718
22848 24 24 LR999938.1	10666240
22992 24 24 LR999938.1	11940561
22812 24 24 LR999938.1	10478265
22918 24 24 LR999938.1	11558175
22991 24 24 LR999938.1	11940411
23011 24 24 LR999938.1	12092686
22847 24 24 LR999938.1	10666239
22716 24 24 LR999938.1	10045593
22852 24 24 LR999938.1	10666340
22736 24 24 LR999938.1	10103815
22882 24 24 LR999938.1	10685967
22911 24 24 LR999938.1	11126718
22845 24 24 LR999938.1	10666225
22843 24 24 LR999938.1	10666210
22962 24 24 LR999938.1	11670537
22952 24 24 LR999938.1	11662620
22824 24 24 LR999938.1	10520445
22925 24 24 LR999938.1	11570876
22963 24 24 LR999938.1	11670541
22844 24 24 LR999938.1	10666211
22922 24 24 LR999938.1	11558222
23005 24 24 LR999938.1	12083097
22989 24 24 LR999938.1	11940362
22877 24 24 LR999938.1	10685823
22829 24 24 LR999938.1	10555845
22881 24 24 LR999938.1	10685955
22737 24 24 LR999938.1	10103948
22831 24 24 LR999938.1	10555901
22950 24 24 LR999938.1	11662557
22965 24 24 LR999938.1	11670682
22822 24 24 LR999938.1	10520443
22734 24 24 LR999938.1	10103759
22964 24 24 LR999938.1	11670543
22920 24 24 LR999938.1	11558196
22849 24 24 LR999938.1	10666275
22889 24 24 LR999938.1	10730416
22853 24 24 LR999938.1	10666376
22838 24 24 LR999938.1	10649271
22735 24 24 LR999938.1	10103780
22837 24 24 LR999938.1	10649243
22917 24 24 LR999938.1	11558170
22828 24 24 LR999938.1	10555821
22665 25 25 LR999938.1	9589381
22652 25 25 LR999938.1	9484374
22515 25 25 LR999938.1	8564581
22560 25 25 LR999938.1	8861850
22514 25 25 LR999938.1	8564531
22663 25 25 LR999938.1	9589353
22551 25 25 LR999938.1	8816490
22673 25 25 LR999938.1	9612286
22506 25 25 LR999938.1	8368351
22651 25 25 LR999938.1	9484334
22670 25 25 LR999938.1	9612148
22636 25 25 LR999938.1	9483715
22567 25 25 LR999938.1	8933567
22579 25 25 LR999938.1	9196131
22650 25 25 LR999938.1	9484073
22674 25 25 LR999938.1	9612290
22666 25 25 LR999938.1	9589400
22662 25 25 LR999938.1	9589324
22539 23 23 LR999938.1	8671981 25
22570 25 25 LR999938.1	9013104
22637 25 25 LR999938.1	9483718
22680 25 25 LR999938.1	9614224
22685 25 25 LR999938.1	9736292
22549 25 25 LR999938.1	8816315
22553 25 25 LR999938.1	8816507
22555 25 25 LR999938.1	8816534
22569 25 25 LR999938.1	8933770
22649 25 25 LR999938.1	9484036
22475 29 29 LR999938.1	7857484
22479 29 29 LR999938.1	7857570
22451 30 30 LR999938.1	7214392
22395 30 31 LR999938.1	6683111
22400 30 31 LR999938.1	6683167
22398 30 31 LR999938.1	6683138
22397 30 31 LR999938.1	6683137
22394 30 31 LR999938.1	6683103
22369 32 32 LR999938.1	6628010
22376 32 32 LR999938.1	6682601
22358 32 32 LR999938.1	6538659
22377 32 32 LR999938.1	6682607
22366 32 32 LR999938.1	6627934
22218 33 33 LR999938.1	5016904
22237 33 33 LR999938.1	5277899
22216 33 33 LR999938.1	5016854
22217 33 33 LR999938.1	5016864
22219 33 33 LR999938.1	5016970
22200 33 33 LR999938.1	4911506
22198 33 33 LR999938.1	4911490
22201 33 33 LR999938.1	4911512
22203 33 33 LR999938.1	4991174
22220 33 33 LR999938.1	5039568
22289 33 33 LR999938.1	5841346
22199 33 33 LR999938.1	4911503
22299 33 33 LR999938.1	5924643
22102 34 34 LR999938.1	4310481
22120 34 34 LR999938.1	4373842
22096 34 34 LR999938.1	4310418
22126 34 34 LR999938.1	4407152
22181 34 34 LR999938.1	4910598
22098 34 34 LR999938.1	4310439
22116 34 34 LR999938.1	4373556
22182 34 34 LR999938.1	4911227
22100 34 34 LR999938.1	4310470
22179 34 34 LR999938.1	4910573
22146 34 34 LR999938.1	4498787
22118 34 34 LR999938.1	4373795
22103 34 34 LR999938.1	4310502
22099 34 34 LR999938.1	4310455
22177 34 34 LR999938.1	4910555
22127 34 34 LR999938.1	4407170
22040 35 35 LR999938.1	4177864
22012 35 36 LR999938.1	4033483
22010 35 36 LR999938.1	4033443
21827 37 37 LR999938.1	2296849
21840 37 39 LR999938.1	2349497
21834 37 38 LR999938.1	2349266
21822 37 38 LR999938.1	2296665
21841 37 39 LR999938.1	2349514
21831 39 39 LR999938.1	2349081
21878 39 39 LR999938.1	2875672
21839 37 39 LR999938.1	2349419
21833 39 39 LR999938.1	2349241
21757 43 43 LR999938.1	1873237
21783 43 43 LR999938.1	1994918
21784 43 43 LR999938.1	1994975
21768 43 43 LR999938.1	1873570
21648 45 45 LR999938.1	928084
21620 45 45 LR999938.1	315669
21596 45 45 LR999938.1	91731
21619 45 45 LR999938.1	315581
21655 45 45 LR999938.1	928290
21656 45 45 LR999938.1	928295
21597 45 45 LR999938.1	91878
21692 46 46 LR999938.1	1046132
21686 46 46 LR999938.1	1046089
21691 46 46 LR999938.1	1046131
21765 53 53 LR999938.1	1873483
22054 53 65 LR999938.1	4218002
22053 65 66 LR999938.1	4217763
22448 66 73 LR999938.1	7214055
22449 66 73 LR999938.1	7214082
22058 74 75 LR999938.1	4256795
22062 74 75 LR999938.1	4256947
22065 74 75 LR999938.1	4257031
22063 74 75 LR999938.1	4256966
22059 74 75 LR999938.1	4256839
22064 74 75 LR999938.1	4256977
22065 74 75 LR999938.1	4257031
22268 75 75 LR999938.1	5818557
22281 75 84 LR999938.1	5818759
