10219 0 0 LR999930.1	14523466
10282 0 0 LR999930.1	14702602
9819 4 11 LR999930.1	11504037
9816 4 11 LR999930.1	11503954
9388 4 11 LR999930.1	7055865
9387 4 11 LR999930.1	7055861
9818 4 11 LR999930.1	11504028
9390 4 11 LR999930.1	7056179
9815 4 11 LR999930.1	11503952
8973 4 11 LR999930.1	2585515
9814 4 11 LR999930.1	11503922
10191 4 11 LR999930.1	14219348
10037 4 4 LR999930.1	13291655
9389 4 11 LR999930.1	7056117
9263 4 4 LR999930.1	6103747
9817 4 11 LR999930.1	11503967
9680 4 4 LR999930.1	10532921
9250 12 12 LR999930.1	6103645
9681 4 4 LR999930.1	10577885
9267 13 13 LR999930.1	6103948
9041 13 13 LR999930.1	3658635
9424 4 11 LR999930.1	7169165 15
9795 14 15 LR999930.1	11145900
9481 15 20 LR999930.1	7496310
9242 20 23 LR999930.1	6096353
9467 23 27 LR999930.1	7495975
9477 23 27 LR999930.1	7496255
9478 23 27 LR999930.1	7496256
9778 30 30 LR999930.1	11145586
15426 30 37 LR999934.1	1476850
10099 37 47 LR999930.1	13466403
10102 37 47 LR999930.1	13466467
10231 52 52 LR999930.1	14544309
10266 52 53 LR999930.1	14679616
10234 52 53 LR999930.1	14544381
10239 52 53 LR999930.1	14544462
10353 52 53 LR999930.1	15553059
10354 52 53 LR999930.1	15553313
10265 52 53 LR999930.1	14679614
10296 52 53 LR999930.1	14837768
10302 52 53 LR999930.1	14933919
10235 52 53 LR999930.1	14544385
10294 52 53 LR999930.1	14837743
10267 52 53 LR999930.1	14679645
10314 52 53 LR999930.1	15108210
10295 52 53 LR999930.1	14837747
10293 52 53 LR999930.1	14837528
10233 54 54 LR999930.1	14544372
10232 54 54 LR999930.1	14544367
10237 54 54 LR999930.1	14544407
10074 59 59 LR999930.1	13447204
10052 59 59 LR999930.1	13338753
10107 59 59 LR999930.1	13477202
10117 59 59 LR999930.1	13622847
10109 59 59 LR999930.1	13477387
10126 59 59 LR999930.1	13622932
10155 59 59 LR999930.1	13904696
10039 59 59 LR999930.1	13291663
10055 59 59 LR999930.1	13338953
10060 59 59 LR999930.1	13339034
10108 59 59 LR999930.1	13477313
10121 59 59 LR999930.1	13622905
38695 59 59 LR999952.1	423038
10120 59 59 LR999930.1	13622876
10118 59 59 LR999930.1	13622856
10082 59 59 LR999930.1	13447362
38691 59 59 LR999952.1	423009
10152 59 59 LR999930.1	13904628
9961 63 63 LR999930.1	12777539
9962 63 63 LR999930.1	12812574
9972 63 63 LR999930.1	12907246
9928 67 67 LR999930.1	12388329
9935 67 67 LR999930.1	12388608
9934 67 67 LR999930.1	12388567
9931 67 67 LR999930.1	12388379
9920 70 70 LR999930.1	12253289
9864 70 70 LR999930.1	11825663
9863 70 70 LR999930.1	11825625
9907 70 70 LR999930.1	12253093
9910 70 70 LR999930.1	12253164
9918 70 70 LR999930.1	12253270
9711 74 74 LR999930.1	10941427
9754 74 76 LR999930.1	11145143
9687 74 76 LR999930.1	10577918
9693 74 76 LR999930.1	10578239
9689 74 76 LR999930.1	10577927
9691 74 76 LR999930.1	10577969
9690 74 76 LR999930.1	10577932
9692 74 76 LR999930.1	10577986
9766 74 76 LR999930.1	11145300
9699 74 76 LR999930.1	10615207
9769 77 77 LR999930.1	11145340
9770 77 77 LR999930.1	11145352
9647 82 82 LR999930.1	9355417
9654 82 84 LR999930.1	9415697
9644 82 84 LR999930.1	9355378
9651 82 84 LR999930.1	9415544
9652 82 84 LR999930.1	9415565
9650 82 84 LR999930.1	9415542
9653 82 84 LR999930.1	9415613
9638 82 84 LR999930.1	9355322
9655 82 84 LR999930.1	9596903
9637 82 84 LR999930.1	9355319
9578 87 87 LR999930.1	9053606
9587 87 87 LR999930.1	9053724
9535 88 88 LR999930.1	8571603
9572 88 88 LR999930.1	9053545
9537 88 88 LR999930.1	8571611
9590 88 88 LR999930.1	9053786
9543 88 88 LR999930.1	8571680
9524 88 88 LR999930.1	8520946
9571 88 88 LR999930.1	9053538
9544 88 88 LR999930.1	8571745
9539 88 88 LR999930.1	8571639
9538 88 88 LR999930.1	8571615
9534 88 88 LR999930.1	8571602
9541 88 88 LR999930.1	8571661
9542 88 88 LR999930.1	8571670
9540 88 88 LR999930.1	8571651
9522 88 88 LR999930.1	8520933
9533 88 88 LR999930.1	8571596
9525 88 88 LR999930.1	8521092
9536 88 88 LR999930.1	8571609
9523 88 88 LR999930.1	8520934
9546 88 88 LR999930.1	8571853
9552 89 89 LR999930.1	8638323
9450 89 90 LR999930.1	7306618
9461 90 91 LR999930.1	7368943
9432 91 92 LR999930.1	7211614
9429 91 92 LR999930.1	7169435
9344 93 93 LR999930.1	6727624
9345 93 93 LR999930.1	6727630
9347 93 93 LR999930.1	6727695
9346 93 93 LR999930.1	6727689
9363 94 94 LR999930.1	6799052
9358 94 94 LR999930.1	6798991
9357 94 94 LR999930.1	6798985
9359 94 94 LR999930.1	6799000
9236 95 95 LR999930.1	6086114
9220 95 95 LR999930.1	6052802
9293 95 95 LR999930.1	6237377
9292 95 95 LR999930.1	6237366
9214 95 95 LR999930.1	5904862
9291 95 95 LR999930.1	6237360
9295 95 95 LR999930.1	6237381
9213 95 95 LR999930.1	5904819
9294 95 95 LR999930.1	6237378
9174 95 95 LR999930.1	5644008
9297 95 95 LR999930.1	6237389
9296 95 95 LR999930.1	6237388
9173 95 95 LR999930.1	5643986
9298 95 95 LR999930.1	6237455
9299 95 95 LR999930.1	6237471
9215 95 95 LR999930.1	5904923
9137 95 95 LR999930.1	4852023
9070 96 96 LR999930.1	3877741
9080 96 97 LR999930.1	3877952
9074 96 97 LR999930.1	3877819
9078 96 97 LR999930.1	3877927
9077 96 97 LR999930.1	3877923
9079 96 97 LR999930.1	3877946
9083 96 97 LR999930.1	3878006
9076 96 97 LR999930.1	3877890
9082 96 97 LR999930.1	3877984
9075 96 97 LR999930.1	3877831
9081 96 97 LR999930.1	3877962
8987 99 99 LR999930.1	2861502
9012 99 99 LR999930.1	3201463
9013 99 99 LR999930.1	3201519
9014 99 99 LR999930.1	3201543
8960 100 100 LR999930.1	2221713
8982 100 100 LR999930.1	2623457
8961 100 100 LR999930.1	2278876
8963 100 100 LR999930.1	2290462
8914 101 101 LR999930.1	1441075
8913 101 101 LR999930.1	1440959
8915 101 101 LR999930.1	1441116
8946 101 101 LR999930.1	1805755
8802 102 102 LR999930.1	298690
8778 102 102 LR999930.1	173102
8832 102 102 LR999930.1	571449
8799 102 102 LR999930.1	298647
8863 102 102 LR999930.1	1010101
8798 102 102 LR999930.1	298616
8855 102 102 LR999930.1	781701
8772 102 102 LR999930.1	133476
8779 102 102 LR999930.1	173124
8857 102 102 LR999930.1	781723
8771 102 102 LR999930.1	133472
8852 102 102 LR999930.1	781668
8785 102 102 LR999930.1	173301
8859 102 102 LR999930.1	1009951
8769 102 102 LR999930.1	133328
8903 102 102 LR999930.1	1183527
8853 102 102 LR999930.1	781670
8784 102 102 LR999930.1	173290
9201 111 111 LR999930.1	5847665
