39836 0 0 LR999953.1	6250082
39832 0 0 LR999953.1	6250070
39831 0 0 LR999953.1	6250063
39839 0 0 LR999953.1	6250104
39834 0 0 LR999953.1	6250076
39373 30 30 LR999953.1	162409
39366 30 30 LR999953.1	162210
39371 30 30 LR999953.1	162392
39368 30 30 LR999953.1	162337
39370 30 30 LR999953.1	162349
39367 30 30 LR999953.1	162222
39373 30 30 LR999953.1	162409
39372 30 30 LR999953.1	162407
39374 30 30 LR999953.1	162424
39369 30 30 LR999953.1	162341
39390 31 32 LR999953.1	750303
39389 31 32 LR999953.1	750299
39388 31 32 LR999953.1	750263
39392 31 32 LR999953.1	750358
39391 31 32 LR999953.1	750320
39459 39 39 LR999953.1	1901156
39420 39 39 LR999953.1	1609602
39455 39 39 LR999953.1	1900955
39499 42 42 LR999953.1	2409785
39514 42 42 LR999953.1	2410091
39510 42 42 LR999953.1	2410076
39517 42 42 LR999953.1	2410104
39519 42 42 LR999953.1	2410122
39506 42 42 LR999953.1	2410013
39518 42 42 LR999953.1	2410107
39504 42 42 LR999953.1	2409874
39497 42 42 LR999953.1	2409716
39625 44 44 LR999953.1	4126727
39606 44 45 LR999953.1	3850650
39566 44 45 LR999953.1	3355559
39571 44 45 LR999953.1	3355785
39537 44 45 LR999953.1	2988037
39697 47 47 LR999953.1	5472369
39706 47 47 LR999953.1	5472580
39693 47 47 LR999953.1	5472025
39709 47 47 LR999953.1	5472622
39707 47 47 LR999953.1	5472598
39643 47 47 LR999953.1	4694165
39677 47 47 LR999953.1	5377509
39708 47 47 LR999953.1	5472600
39678 48 48 LR999953.1	5377531
39690 48 48 LR999953.1	5377667
39682 48 48 LR999953.1	5377548
39585 48 48 LR999953.1	3565415
39688 48 48 LR999953.1	5377641
39808 52 52 LR999953.1	6065974
39779 52 52 LR999953.1	5970694
39777 52 52 LR999953.1	5970447
39799 52 52 LR999953.1	6058695
39798 52 52 LR999953.1	6058662
39810 52 52 LR999953.1	6065999
39811 52 52 LR999953.1	6066017
39773 52 52 LR999953.1	5970421
39782 62 62 LR999953.1	5970748
39781 62 62 LR999953.1	5970742
39901 69 69 LR999953.1	7981864
39899 69 69 LR999953.1	7981776
32131 92 92 LR999946.1	3472237
32134 92 93 LR999946.1	3472340
32128 92 93 LR999946.1	3472205
32129 92 93 LR999946.1	3472222
32132 92 93 LR999946.1	3472304
32136 92 93 LR999946.1	3472383
