39340 0 0 LR999952.1	7993750
39341 0 0 LR999952.1	7993768
39346 0 0 LR999952.1	7993782
39342 0 0 LR999952.1	7993769
39345 0 0 LR999952.1	7993781
39350 0 0 LR999952.1	7993833
39352 0 0 LR999952.1	7994030
39344 0 0 LR999952.1	7993779
39347 0 0 LR999952.1	7993811
39295 1 1 LR999952.1	7243949
39294 1 1 LR999952.1	7243908
39293 1 1 LR999952.1	7243897
39304 1 1 LR999952.1	7289570
8137 3 3 LR999929.1	9575896
39167 3 4 LR999952.1	5297151
39166 3 4 LR999952.1	5279625
39109 5 5 LR999952.1	4893485
39129 5 5 LR999952.1	4893666
39114 5 5 LR999952.1	4893504
39181 5 5 LR999952.1	5297414
39112 5 5 LR999952.1	4893500
39127 5 5 LR999952.1	4893631
39113 5 5 LR999952.1	4893502
39111 5 5 LR999952.1	4893488
39124 5 5 LR999952.1	4893605
39177 5 5 LR999952.1	5297388
39125 5 5 LR999952.1	4893615
39178 5 5 LR999952.1	5297390
39123 5 5 LR999952.1	4893599
39179 5 5 LR999952.1	5297394
39072 6 6 LR999952.1	4538440
39061 6 7 LR999952.1	4361288
39106 6 6 LR999952.1	4807226
1923 6 7 LR999926.1	1260375
39066 7 7 LR999952.1	4361325
39027 7 8 LR999952.1	3796253
39028 7 8 LR999952.1	3796276
39037 7 8 LR999952.1	3868928
39021 7 8 LR999952.1	3777397
39038 7 8 LR999952.1	3868939
39020 7 8 LR999952.1	3777361
39017 7 8 LR999952.1	3777310
39031 7 8 LR999952.1	3810509
39016 7 8 LR999952.1	3777307
39018 7 8 LR999952.1	3777314
39011 7 8 LR999952.1	3777236
38996 10 10 LR999952.1	3603664
38993 10 10 LR999952.1	3603560
38988 10 10 LR999952.1	3603472
38991 10 10 LR999952.1	3603485
38981 11 11 LR999952.1	3509974
38971 11 12 LR999952.1	3394274
38970 11 12 LR999952.1	3394222
38850 21 21 LR999952.1	2349065
38844 21 22 LR999952.1	2190063
38838 21 22 LR999952.1	2189960
38840 21 22 LR999952.1	2189976
38842 21 22 LR999952.1	2189983
38841 23 23 LR999952.1	2189981
38843 23 23 LR999952.1	2190015
38738 26 26 LR999952.1	1294575
38735 26 26 LR999952.1	1294468
38739 26 26 LR999952.1	1294845
38737 26 26 LR999952.1	1294568
38732 27 27 LR999952.1	1282916
38733 27 27 LR999952.1	1282938
38731 27 27 LR999952.1	1282879
38725 29 29 LR999952.1	1115101
38667 29 32 LR999952.1	361269
26748 32 33 LR999942.1	4013419
38778 33 46 LR999952.1	1616169
38776 33 46 LR999952.1	1616162
38775 33 46 LR999952.1	1616161
38773 33 46 LR999952.1	1616152
38774 33 46 LR999952.1	1616156
38772 33 46 LR999952.1	1616118
38777 33 46 LR999952.1	1616167
38779 33 46 LR999952.1	1616184
38780 33 46 LR999952.1	1616185
10830 46 63 LR999931.1	3776719
