21201 0 0 LR999937.1	10099969
21370 0 0 LR999937.1	11621969
21368 0 0 LR999937.1	11621956
40875 0 0 LR999940.1	1352810
20067 4 5 LR999937.1	371698
21369 4 5 LR999937.1	11621957
21307 4 5 LR999937.1	10999303
21287 7 9 LR999937.1	10831648
20583 7 9 LR999937.1	5081971
20841 9 12 LR999937.1	7900583
20840 9 12 LR999937.1	7900575
20837 9 12 LR999937.1	7900451
20838 9 12 LR999937.1	7900472
20842 9 12 LR999937.1	7900618
21506 13 13 LR999937.1	13241844
21505 13 13 LR999937.1	13241840
21244 16 16 LR999937.1	10330881
20457 16 20 LR999937.1	4169318
20455 16 20 LR999937.1	4169256
20736 31 31 LR999937.1	6946245
20060 31 44 LR999937.1	278243
20035 44 45 LR999937.1	277933
20037 44 45 LR999937.1	278050
20038 44 45 LR999937.1	278053
20042 44 44 LR999937.1	278175
20036 44 45 LR999937.1	278049
20083 44 45 LR999937.1	562897
20038 44 45 LR999937.1	278053
20096 44 45 LR999937.1	600090
20059 44 45 LR999937.1	278242
19994 44 45 LR999937.1	109555
20100 44 45 LR999937.1	600109
19991 44 45 LR999937.1	109534
20005 44 45 LR999937.1	160493
20076 44 45 LR999937.1	562563
19997 44 45 LR999937.1	109570
19990 44 45 LR999937.1	109515
20101 44 45 LR999937.1	600146
20099 44 45 LR999937.1	600095
20004 44 45 LR999937.1	160487
20077 44 45 LR999937.1	562586
19985 44 45 LR999937.1	109460
20088 44 45 LR999937.1	599928
20078 44 45 LR999937.1	562638
19993 44 45 LR999937.1	109549
19996 44 45 LR999937.1	109566
20079 44 45 LR999937.1	562660
19995 44 45 LR999937.1	109556
20006 31 44 LR999937.1	160494
20095 44 45 LR999937.1	600066
20097 44 45 LR999937.1	600091
20098 44 45 LR999937.1	600094
20141 46 46 LR999937.1	922218
20132 46 46 LR999937.1	907035
20133 46 46 LR999937.1	907059
20267 49 49 LR999937.1	1904000
20254 49 49 LR999937.1	1872395
20194 49 49 LR999937.1	1153374
20256 49 49 LR999937.1	1872441
20259 49 49 LR999937.1	1872471
20206 49 49 LR999937.1	1153545
20196 49 49 LR999937.1	1153380
20255 49 49 LR999937.1	1872438
20205 49 49 LR999937.1	1153504
20195 49 49 LR999937.1	1153376
20198 49 49 LR999937.1	1153389
20203 49 49 LR999937.1	1153491
20197 49 49 LR999937.1	1153381
20149 49 49 LR999937.1	1019017
20260 49 49 LR999937.1	1872484
20230 49 49 LR999937.1	1785072
20159 51 51 LR999937.1	1119181
20164 51 51 LR999937.1	1119226
20157 51 51 LR999937.1	1119049
20156 51 51 LR999937.1	1119043
20319 55 55 LR999937.1	2686405
20301 55 55 LR999937.1	2645339
20320 55 55 LR999937.1	2686438
20321 55 55 LR999937.1	2686616
20360 57 57 LR999937.1	3168846
20362 57 57 LR999937.1	3169121
20359 57 57 LR999937.1	3168793
20356 57 57 LR999937.1	3168762
20341 57 57 LR999937.1	3124795
20361 57 57 LR999937.1	3169010
20355 57 57 LR999937.1	3168754
20357 57 57 LR999937.1	3168776
20391 58 58 LR999937.1	3408755
20382 58 58 LR999937.1	3408599
20500 61 61 LR999937.1	4286583
20493 61 61 LR999937.1	4286503
20495 61 61 LR999937.1	4286526
20498 61 61 LR999937.1	4286551
20462 61 61 LR999937.1	4246665
20554 61 61 LR999937.1	4620599
20505 61 61 LR999937.1	4286783
20428 61 61 LR999937.1	3970741
20506 61 61 LR999937.1	4286836
20494 61 61 LR999937.1	4286514
20504 61 61 LR999937.1	4286765
20496 61 61 LR999937.1	4286534
20499 61 61 LR999937.1	4286552
20501 61 61 LR999937.1	4286755
20552 61 61 LR999937.1	4620550
20497 61 61 LR999937.1	4286538
20502 61 61 LR999937.1	4286762
20503 61 61 LR999937.1	4286763
20534 61 61 LR999937.1	4319962
20557 61 61 LR999937.1	4620777
20553 61 61 LR999937.1	4620553
20529 62 62 LR999937.1	4319807
20588 62 64 LR999937.1	5189797
20590 62 64 LR999937.1	5189863
20589 62 64 LR999937.1	5189825
20758 65 65 LR999937.1	7203423 67
20696 65 66 LR999937.1	6656131
20681 65 66 LR999937.1	6655735
20709 65 66 LR999937.1	6668096
20686 65 66 LR999937.1	6655822
20653 65 66 LR999937.1	6464623
20402 65 66 LR999937.1	3762252
20707 65 66 LR999937.1	6668052
20692 65 66 LR999937.1	6656083
20710 65 66 LR999937.1	6668098
20705 65 66 LR999937.1	6668031
20662 65 66 LR999937.1	6464903
20703 65 66 LR999937.1	6668026
20697 65 66 LR999937.1	6657942
20704 65 66 LR999937.1	6668029
20711 65 66 LR999937.1	6668099
20708 65 66 LR999937.1	6668053
20671 65 66 LR999937.1	6542504
20695 65 66 LR999937.1	6656105
20690 65 66 LR999937.1	6656038
20655 65 66 LR999937.1	6464692
20682 65 66 LR999937.1	6655748
20706 65 66 LR999937.1	6668051
20740 67 67 LR999937.1	7180623
20720 67 67 LR999937.1	6945973
20734 67 67 LR999937.1	6946200
20731 67 67 LR999937.1	6946168
20717 67 67 LR999937.1	6945960
20728 67 67 LR999937.1	6946154
20729 67 67 LR999937.1	6946164
20743 67 67 LR999937.1	7180704
20727 67 67 LR999937.1	6946149
20742 67 67 LR999937.1	7180671
20730 67 67 LR999937.1	6946165
20716 67 67 LR999937.1	6945949
20746 67 67 LR999937.1	7180740
20725 67 67 LR999937.1	6946006
20790 69 69 LR999937.1	7441658
20791 69 69 LR999937.1	7441748
20778 69 69 LR999937.1	7368305
20798 69 69 LR999937.1	7585343
20801 69 69 LR999937.1	7585361
20779 69 69 LR999937.1	7368313
20799 69 69 LR999937.1	7585345
20812 70 70 LR999937.1	7681975
20811 70 70 LR999937.1	7681925
20810 70 70 LR999937.1	7681702
20817 73 73 LR999937.1	7728377
20828 73 73 LR999937.1	7768427
20820 73 73 LR999937.1	7728506
20850 75 75 LR999937.1	7927582
20851 75 75 LR999937.1	7927606
20857 75 75 LR999937.1	7978030
20950 76 76 LR999937.1	8520660
20870 76 76 LR999937.1	8156997
20944 76 76 LR999937.1	8520473
20943 76 76 LR999937.1	8520467
21107 77 77 LR999937.1	9694573
21071 77 77 LR999937.1	9262885
20239 77 77 LR999937.1	1818007
21110 77 77 LR999937.1	9694599
21072 77 77 LR999937.1	9262946
21111 77 77 LR999937.1	9694609
21112 77 77 LR999937.1	9694627
21028 77 77 LR999937.1	8829940
20240 77 77 LR999937.1	1818023
21027 77 77 LR999937.1	8829927
21023 77 77 LR999937.1	8829760
21106 77 77 LR999937.1	9694541
20248 77 77 LR999937.1	1818157
20244 77 77 LR999937.1	1818072
20235 77 77 LR999937.1	1817977
21024 77 77 LR999937.1	8829884
21097 77 77 LR999937.1	9675779
21025 77 77 LR999937.1	8829901
21108 77 77 LR999937.1	9694579
20247 77 77 LR999937.1	1818139
20245 77 77 LR999937.1	1818093
21109 77 77 LR999937.1	9694586
20989 77 77 LR999937.1	8621440
21245 78 78 LR999937.1	10330907
21362 78 78 LR999937.1	11605782
21352 78 78 LR999937.1	11230520
21228 78 78 LR999937.1	10180486
21281 78 78 LR999937.1	10831539
21283 78 78 LR999937.1	10831547
21280 78 78 LR999937.1	10831536
21226 78 78 LR999937.1	10180483
21282 78 78 LR999937.1	10831545
21284 78 78 LR999937.1	10831570
21275 78 78 LR999937.1	10830155
21341 78 78 LR999937.1	11218422
21289 78 78 LR999937.1	10831726
21279 78 78 LR999937.1	10831534
21285 78 78 LR999937.1	10831637
21204 78 78 LR999937.1	10099997
21318 78 78 LR999937.1	11030956
21246 78 78 LR999937.1	10330925
21333 78 78 LR999937.1	11106841
21348 78 78 LR999937.1	11218605
21251 78 78 LR999937.1	10373352
21328 78 78 LR999937.1	11106800
21225 78 78 LR999937.1	10180451
20241 78 78 LR999937.1	1818029
21332 78 78 LR999937.1	11106834
21229 78 78 LR999937.1	10180512
21227 78 78 LR999937.1	10180485
21329 78 78 LR999937.1	11106804
21288 78 78 LR999937.1	10831658
21330 78 78 LR999937.1	11106832
21331 78 78 LR999937.1	11106833
21337 78 78 LR999937.1	11106887
21308 79 79 LR999937.1	10999304
21395 79 80 LR999937.1	11950339
21394 79 80 LR999937.1	11950329
21396 79 80 LR999937.1	11950340
21404 79 80 LR999937.1	11951656
21397 79 80 LR999937.1	11950634
21402 79 80 LR999937.1	11951561
21419 81 81 LR999937.1	12169346
21426 81 81 LR999937.1	12281870
21301 82 82 LR999937.1	10999037
21079 82 83 LR999937.1	9424641
21078 82 83 LR999937.1	9424630
21080 82 83 LR999937.1	9424728
21473 89 89 LR999937.1	12913363
21472 89 89 LR999937.1	12913328
21475 89 89 LR999937.1	12913423
21496 90 90 LR999937.1	13194110
21516 90 90 LR999937.1	13242143
21513 90 90 LR999937.1	13242125
21512 90 90 LR999937.1	13242124
21552 91 91 LR999937.1	13745161
21555 90 91 LR999937.1	14121472
21551 91 91 LR999937.1	13744887
21563 93 93 LR999937.1	14274887
21560 93 93 LR999937.1	14126224
21588 93 93 LR999937.1	14482408
21562 93 93 LR999937.1	14126247
21202 104 104 LR999937.1	10099970
