31919 0 0 LR999946.1	481133
31919 0 0 LR999946.1	481133
31920 0 0 LR999946.1	481216
31897 1 1 LR999946.1	346050
31895 1 1 LR999946.1	345848
31924 1 1 LR999946.1	481282
31896 1 1 LR999946.1	345853
31921 1 1 LR999946.1	481224
31918 1 1 LR999946.1	481123
40983 2 2 LR999940.1	6690908
31904 2 2 LR999946.1	470235
31966 5 5 LR999946.1	1281552
31987 5 5 LR999946.1	1489116
31967 5 5 LR999946.1	1415934
31980 5 5 LR999946.1	1441754
31973 5 5 LR999946.1	1441503
32008 8 8 LR999946.1	1817752 10
32007 8 8 LR999946.1	1817749 10
32072 9 9 LR999946.1	2224912
32004 9 9 LR999946.1	1817517
32066 9 9 LR999946.1	2224858
32073 9 9 LR999946.1	2224919
32075 9 9 LR999946.1	2224961
32078 9 9 LR999946.1	2224984
32067 9 9 LR999946.1	2224876
32076 9 9 LR999946.1	2224963
32065 9 9 LR999946.1	2224830
32071 9 9 LR999946.1	2224903
32056 8 8 LR999946.1	2220598 10
32069 9 9 LR999946.1	2224887
32062 9 9 LR999946.1	2224795
32070 9 9 LR999946.1	2224900
32064 9 9 LR999946.1	2224813
32063 9 9 LR999946.1	2224800
32074 9 9 LR999946.1	2224920
32068 9 9 LR999946.1	2224886
32016 8 8 LR999946.1	1817834 10
32103 10 13 LR999946.1	2640558
32104 10 13 LR999946.1	2640810
32242 22 22 LR999946.1	4446895
32240 22 23 LR999946.1	4089750
32207 22 23 LR999946.1	4030350
32208 22 23 LR999946.1	4030352
32234 22 23 LR999946.1	4089445
32213 22 23 LR999946.1	4030440
32210 22 23 LR999946.1	4030367
32211 22 23 LR999946.1	4030407
32243 26 26 LR999946.1	4446941
32245 26 26 LR999946.1	4490900
32244 26 26 LR999946.1	4446945
32288 28 28 LR999946.1	5030971
32306 28 29 LR999946.1	5185834
32336 28 29 LR999946.1	5397987
32309 28 29 LR999946.1	5186044
32313 28 29 LR999946.1	5186085
32335 28 29 LR999946.1	5397977
32311 28 29 LR999946.1	5186068
32337 28 29 LR999946.1	5397997
32312 28 29 LR999946.1	5186070
32314 28 29 LR999946.1	5186087
32334 28 29 LR999946.1	5397946
32343 30 30 LR999946.1	5503038
32403 30 33 LR999946.1	6224774
32396 30 33 LR999946.1	6224332
32395 30 33 LR999946.1	6224312
32398 30 33 LR999946.1	6224347
32388 30 33 LR999946.1	6224211
32446 34 34 LR999946.1	6474463
32576 34 34 LR999946.1	7915176
32445 34 34 LR999946.1	6474449
32414 34 34 LR999946.1	6466564
32467 30 30 LR999946.1	6739576 34
32577 34 34 LR999946.1	7915196
32609 34 34 LR999946.1	8106294
32417 34 34 LR999946.1	6466769
32605 34 34 LR999946.1	8106089
32540 34 34 LR999946.1	7385217
32450 34 34 LR999946.1	6474524
32427 34 34 LR999946.1	6474235
32525 34 34 LR999946.1	7384991
32607 34 34 LR999946.1	8106139
32484 35 35 LR999946.1	6878084
32665 35 35 LR999946.1	8498231
32664 35 35 LR999946.1	8498118
32637 35 35 LR999946.1	8402430
32639 35 35 LR999946.1	8402660
32641 35 35 LR999946.1	8411989
32699 36 36 LR999946.1	8918333
32693 36 36 LR999946.1	8918303
32692 36 36 LR999946.1	8918171
32702 36 36 LR999946.1	8918376
32701 36 36 LR999946.1	8918369
32560 37 37 LR999946.1	7560796
32779 37 37 LR999946.1	9293073
32561 37 37 LR999946.1	7560801
32734 37 37 LR999946.1	9175330
32721 37 37 LR999946.1	9047395
32559 37 37 LR999946.1	7560794
32773 37 37 LR999946.1	9292840
32753 37 37 LR999946.1	9176919
32716 37 37 LR999946.1	9017573
32717 37 37 LR999946.1	9017584
32754 37 37 LR999946.1	9176932
32711 37 37 LR999946.1	9017319
32709 37 37 LR999946.1	9017304
32742 37 37 LR999946.1	9175578
32741 37 37 LR999946.1	9175569
32731 37 37 LR999946.1	9132052
32712 37 37 LR999946.1	9017324
32562 37 37 LR999946.1	7802470
32829 38 38 LR999946.1	9652684
32789 38 38 LR999946.1	9359450
32835 38 38 LR999946.1	9652837
32831 38 38 LR999946.1	9652691
32832 38 38 LR999946.1	9652697
32830 38 38 LR999946.1	9652685
32833 38 38 LR999946.1	9652755
32793 38 38 LR999946.1	9359749
32783 38 38 LR999946.1	9359399
32690 40 40 LR999946.1	8918147
32688 40 41 LR999946.1	8918129
32689 40 41 LR999946.1	8918138
33014 48 48 LR999946.1	11747009
33016 48 48 LR999946.1	11747025
33020 48 48 LR999946.1	11747251
33010 48 48 LR999946.1	11746971
33009 48 48 LR999946.1	11746952
33015 48 48 LR999946.1	11747016
33022 48 48 LR999946.1	11747287
33013 48 48 LR999946.1	11747006
33124 49 49 LR999946.1	12451386
33125 49 49 LR999946.1	12451656
33029 51 51 LR999946.1	11790086
