27235 0 0 LR999942.1	7916403
27237 0 0 LR999942.1	7916460
27107 0 0 LR999942.1	7063602
27318 11 11 LR999942.1	8913221
27538 11 11 LR999942.1	11572392
27397 11 12 LR999942.1	10418545
27394 11 12 LR999942.1	10395062
27539 11 11 LR999942.1	11572426
27316 11 12 LR999942.1	8913051
26914 11 12 LR999942.1	5328984
26552 13 13 LR999942.1	1913418
27718 13 14 LR999942.1	13082632
26907 13 14 LR999942.1	5157505
26906 13 14 LR999942.1	5091607
26905 13 14 LR999942.1	5091299
27534 15 15 LR999942.1	11455282
26546 15 15 LR999942.1	1913339
27199 15 15 LR999942.1	7614433
26543 15 15 LR999942.1	1913189
26545 15 15 LR999942.1	1913332
27200 15 15 LR999942.1	7614438
27533 15 15 LR999942.1	11455276
27201 15 15 LR999942.1	7614459
27716 23 23 LR999942.1	13082626
27717 23 26 LR999942.1	13082627
26842 26 31 LR999942.1	4512799
26308 31 47 LR999942.1	90278
26316 47 48 LR999942.1	186797
26367 47 48 LR999942.1	688998
26376 47 48 LR999942.1	689250
26374 47 48 LR999942.1	689139
26404 49 49 LR999942.1	770620
26396 49 49 LR999942.1	736764
26395 49 49 LR999942.1	736761
26391 49 49 LR999942.1	736732
26406 49 49 LR999942.1	770653
26394 49 49 LR999942.1	736759
26398 49 49 LR999942.1	736785
26393 49 49 LR999942.1	736743
26392 49 49 LR999942.1	736742
26454 51 51 LR999942.1	1569190
26453 51 51 LR999942.1	1569163
26455 51 51 LR999942.1	1569232
26452 51 51 LR999942.1	1569150
26560 52 52 LR999942.1	1993558
26467 52 52 LR999942.1	1575438
26561 52 52 LR999942.1	1993615
26489 52 52 LR999942.1	1607483
26443 52 52 LR999942.1	1569059
26557 52 52 LR999942.1	1993380
26450 52 52 LR999942.1	1569117
26471 52 52 LR999942.1	1575544
26422 52 52 LR999942.1	1176793
26562 52 52 LR999942.1	1993649
26469 52 52 LR999942.1	1575463
26444 52 52 LR999942.1	1569089
26588 54 54 LR999942.1	2088791
26601 54 54 LR999942.1	2088918
26597 54 54 LR999942.1	2088901
26586 54 54 LR999942.1	2088765
26605 54 54 LR999942.1	2088979
26596 54 54 LR999942.1	2088886
26595 54 54 LR999942.1	2088857
26591 54 54 LR999942.1	2088823
26603 54 54 LR999942.1	2088972
26572 54 54 LR999942.1	2041002
26594 54 54 LR999942.1	2088849
26579 54 54 LR999942.1	2041193
26593 54 54 LR999942.1	2088846
26592 54 54 LR999942.1	2088827
26578 54 54 LR999942.1	2041177
26587 54 54 LR999942.1	2088789
26604 54 54 LR999942.1	2088975
26602 54 54 LR999942.1	2088954
26599 54 54 LR999942.1	2088908
26589 54 54 LR999942.1	2088809
26581 54 54 LR999942.1	2041228
26577 54 54 LR999942.1	2041176
26598 54 54 LR999942.1	2088902
26571 54 54 LR999942.1	2040944
26590 54 54 LR999942.1	2088818
26582 55 55 LR999942.1	2041237
26645 55 56 LR999942.1	2558288
26629 55 56 LR999942.1	2545713
26659 55 56 LR999942.1	2804754
26634 55 56 LR999942.1	2545802
26646 55 56 LR999942.1	2558312
26658 55 56 LR999942.1	2657494
26644 55 56 LR999942.1	2558284
26633 55 56 LR999942.1	2545784
26698 60 60 LR999942.1	3560450
26694 60 60 LR999942.1	3560315
26794 61 61 LR999942.1	4198192
26791 61 61 LR999942.1	4198084
26758 61 61 LR999942.1	4013669
26744 61 61 LR999942.1	4013377
26792 61 61 LR999942.1	4198122
26742 61 61 LR999942.1	4013328
26747 61 61 LR999942.1	4013418
26815 64 64 LR999942.1	4443376
26871 64 65 LR999942.1	4700642
26880 64 65 LR999942.1	4700816
26860 64 65 LR999942.1	4684910
26855 64 65 LR999942.1	4659707
26870 64 65 LR999942.1	4700636
26873 64 65 LR999942.1	4700659
26872 64 65 LR999942.1	4700645
26834 64 65 LR999942.1	4512720
26930 67 67 LR999942.1	5435758
26919 67 67 LR999942.1	5429200
26929 67 67 LR999942.1	5435755
26927 67 67 LR999942.1	5435543
27032 68 68 LR999942.1	6226934
27036 68 69 LR999942.1	6227197
27026 68 69 LR999942.1	6196052
27040 68 69 LR999942.1	6227250
27190 68 69 LR999942.1	7589080
27048 68 69 LR999942.1	6330114
27101 68 69 LR999942.1	6916343
27049 68 69 LR999942.1	6330158
27035 68 69 LR999942.1	6227149
27047 68 69 LR999942.1	6330039
27092 68 69 LR999942.1	6742923
27038 68 69 LR999942.1	6227209
27037 68 69 LR999942.1	6227207
27025 68 69 LR999942.1	6196034
27028 68 69 LR999942.1	6196062
27046 68 69 LR999942.1	6330029
27050 68 69 LR999942.1	6330184
27011 68 69 LR999942.1	6078045
27081 68 69 LR999942.1	6739911
27149 68 69 LR999942.1	7302125
27022 68 69 LR999942.1	6196018
26958 68 69 LR999942.1	5757080
27044 68 69 LR999942.1	6330022
27080 68 69 LR999942.1	6739904
27065 68 69 LR999942.1	6729518
27078 68 69 LR999942.1	6739895
27079 68 69 LR999942.1	6739901
27062 68 69 LR999942.1	6711076
27029 68 69 LR999942.1	6196134
27083 68 69 LR999942.1	6739948
27039 68 69 LR999942.1	6227228
27100 68 69 LR999942.1	6916319
27102 68 69 LR999942.1	6916543
26951 68 69 LR999942.1	5717051
26954 68 69 LR999942.1	5717116
27214 68 69 LR999942.1	7888268
27012 68 69 LR999942.1	6078052
27144 68 69 LR999942.1	7301872
27010 68 69 LR999942.1	6078021
27090 68 69 LR999942.1	6742902
27043 68 69 LR999942.1	6330009
27009 68 69 LR999942.1	6078017
27184 68 69 LR999942.1	7588843
27033 68 69 LR999942.1	6226963
27088 68 69 LR999942.1	6742863 71
27024 68 69 LR999942.1	6196033
27084 68 69 LR999942.1	6739975
27179 68 69 LR999942.1	7350968
27045 68 69 LR999942.1	6330024
26956 68 69 LR999942.1	5717130
26960 68 69 LR999942.1	5757195
27194 68 69 LR999942.1	7589171
27064 68 69 LR999942.1	6729508
27086 68 69 LR999942.1	6740184
27008 68 69 LR999942.1	6078014
27091 68 69 LR999942.1	6742906
27085 68 69 LR999942.1	6740108
27180 68 69 LR999942.1	7351088
27089 68 69 LR999942.1	6742867 71
27082 68 69 LR999942.1	6739933
27277 70 70 LR999942.1	8383593
27273 70 70 LR999942.1	8383561
27274 70 70 LR999942.1	8383570
27272 70 70 LR999942.1	8383550
27187 70 70 LR999942.1	7588868
27278 70 70 LR999942.1	8383617
27280 70 70 LR999942.1	8383621
27271 70 70 LR999942.1	8383472
27186 70 70 LR999942.1	7588851
27270 70 70 LR999942.1	8383444
27276 70 70 LR999942.1	8383590
27275 70 70 LR999942.1	8383586
27007 70 70 LR999942.1	6078012
27288 71 71 LR999942.1	8446563
27298 71 72 LR999942.1	8643077
27296 71 72 LR999942.1	8643049
27303 71 72 LR999942.1	8643169
27300 71 72 LR999942.1	8643081
27294 71 72 LR999942.1	8642993
27302 73 73 LR999942.1	8643139
27301 73 73 LR999942.1	8643100
27344 76 76 LR999942.1	8915844
27342 76 76 LR999942.1	8915818
27341 76 76 LR999942.1	8915817
27339 76 76 LR999942.1	8915802
27359 78 78 LR999942.1	9582515
27412 78 81 LR999942.1	10418819
27386 78 81 LR999942.1	10123939
27403 78 81 LR999942.1	10418602
27410 78 81 LR999942.1	10418772
27421 81 81 LR999942.1	10473508
27426 81 81 LR999942.1	10473726
27418 81 81 LR999942.1	10473484
27422 81 81 LR999942.1	10473529
27459 83 83 LR999942.1	10721989
27433 83 83 LR999942.1	10502900
27460 83 83 LR999942.1	10722004
27439 84 84 LR999942.1	10557995
27575 84 85 LR999942.1	11747165
27438 84 84 LR999942.1	10557988
27441 84 84 LR999942.1	10558008
27451 84 84 LR999942.1	10558207
27443 84 84 LR999942.1	10558019
27503 85 85 LR999942.1	11353002
27502 85 85 LR999942.1	11352980
27511 85 85 LR999942.1	11353138
27512 85 85 LR999942.1	11353156
27517 85 85 LR999942.1	11353212
27509 85 85 LR999942.1	11353051
27505 85 85 LR999942.1	11353038
27507 85 85 LR999942.1	11353046
27510 85 85 LR999942.1	11353101
27572 86 86 LR999942.1	11589198
27564 86 86 LR999942.1	11588916
27571 86 86 LR999942.1	11589186
27608 87 87 LR999942.1	12082147
27607 87 87 LR999942.1	12022758
27604 87 87 LR999942.1	12022715
27606 87 87 LR999942.1	12022749
27657 92 92 LR999942.1	12295583
27618 92 92 LR999942.1	12127790
27654 92 92 LR999942.1	12295330
27656 92 92 LR999942.1	12295498
27696 92 92 LR999942.1	12427100
27623 92 92 LR999942.1	12127841
27619 92 92 LR999942.1	12127804
27622 92 92 LR999942.1	12127834
27657 92 92 LR999942.1	12295583
27730 94 94 LR999942.1	13082696
27732 94 94 LR999942.1	13082980
27721 94 94 LR999942.1	13082647
