LG1
5686 0.000 LR999928.1	2870769 ( 0 ) 110011010000001001101110011101000001101010001101101010001001100000001010010111111001101011000000000000000000000000000000000000000000000000000000000000000000000000000000000000000000 0 0
5686 0.000 LR999928.1	2870769 ( 0 ) 110011010000001001101110011101000001101010001101101010001001100000001010010111111001101011000000000000000000000000000000000000000000000000000000000000000000000000000000000000000000 0 0
6205 0.000 LR999928.1	7937849 ( 0 ) 110011010000001001101110011101000001101010001101101010001001100000001010010111111001101011000000000000000000000000000000000000000000000000000000000000000000000000000000000000000000 0 0
5468 0.000 LR999928.1	1897736 ( 0 ) 110011010000001001101110011101000001101010001101101010001001100000001010010111111001101011000000000000000000000000000000000000000000000000000000000000000000000000000000000000000000 0 0
5463 0.000 LR999928.1	1897698 ( 0 ) 110011010000001001101110011101000001101010001101101010001001100000001010010111111001101011000000000000000000000000000000000000000000000000000000000000000000000000000000000000000000 0 0
6264 0.000 LR999928.1	8271669 ( 0 ) 110011010000001001101110011101000001101010001101101010001001100000001010010111111001101011000000000000000000000000000000000000000000000000000000000000000000000000000000000000000000 0 0
6206 0.000 LR999928.1	7937858 ( 0 ) 110011010000001001101110011101000001101010001101101010001001100000001010010111111001101011000000000000000000000000000000000000000000000000000000000000000000000000000000000000000000 0 0
6207 0.000 LR999928.1	7937913 ( 0 ) 110011010000001001101110011101000001101010001101101010001001100000001010010111111001101011000000000000000000000000000000000000000000000000000000000000000000000000000000000000000000 0 0
6208 0.000 LR999928.1	7937917 ( 0 ) 110011010000001001101110011101000001101010001101101010001001100000001010010111111001101011000000000000000000000000000000000000000000000000000000000000000000000000000000000000000000 0 0
6940 0.000 LR999928.1	15276720 ( 0 ) 110011010000001001101110011101000001101010001101101010001001100000001010010111111001101011000000000000000000000000000000000000000000000000000000000000000000000000000000000000000000 0 0
6462 0.000 LR999928.1	10765520 ( 0 ) 110011010000001001101110011101000001101010001101101010001001100000001010010111111001101011000000000000000000000000000000000000000000000000000000000000000000000000000000000000000000 0 0
5458 0.000 LR999928.1	1897662 ( 0 ) 110011010000001001101110011101000001101010001101101010001001100000001010010111111001101011000000000000000000000000000000000000000000000000000000000000000000000000000000000000000000 0 0
6209 0.000 LR999928.1	7938116 ( 0 ) 110011010000001001101110011101000001101010001101101010001001100000001010010111111001101011000000000000000000000000000000000000000000000000000000000000000000000000000000000000000000 0 0
6799 0.000 LR999928.1	14024933 ( 0 ) 110011010000001001101110011101000001101010001101101010001001100000001010010111111001101011000000000000000000000000000000000000000000000000000000000000000000000000000000000000000000 0 0
6006 0.000 LR999928.1	6220872 ( 0 ) 110011010000001001101110011101000001101010001101101010001001100000001010010111111001101011000000000000000000000000000000000000000000000000000000000000000000000000000000000000000000 0 0
6261 0.000 LR999928.1	8271649 ( 0 ) 110011010000001001101110011101000001101010001101101010001001100000001010010111111001101011000000000000000000000000000000000000000000000000000000000000000000000000000000000000000000 0 0
6214 0.000 LR999928.1	8009812 ( 0 ) 110011010000001001101110011101000001101010001101101010001001100000001010010111111001101011000000000000000000000000000000000000000000000000000000000000000000000000000000000000000000 0 0
6939 0.000 LR999928.1	15276691 ( 0 ) 110011010000001001101110011101000001101010001101101010001001100000001010010111111001101011000000000000000000000000000000000000000000000000000000000000000000000000000000000000000000 0 0
6000 0.000 LR999928.1	6220817 ( 0 ) 110011010000001001101110011101000001101010001101101010001001100000001010010111111001101011000000000000000000000000000000000000000000000000000000000000000000000000000000000000000000 0 0
5219 0.000 LR999928.1	166731 ( 0 ) 110011010000001001101110011101000001101010001101101010001001100000001010010111111001101011000000000000000000000000000000000000000000000000000000000000000000000000000000000000000000 0 0
5544 0.000 LR999928.1	2083970 ( 0 ) 110011010000001001101110011101000001101010001101101010001001100000001010010111111001101011000000000000000000000000000000000000000000000000000000000000000000000000000000000000000000 0 0
5687 0.000 LR999928.1	2870771 ( 0 ) 110011010000001001101110011101000001101010001101101010001001100000001010010111111001101011000000000000000000000000000000000000000000000000000000000000000000000000000000000000000000 0 0
6681 0.000 LR999928.1	13261638 ( 0 ) 110011010000001001101110011101000001101010001101101010001001100000001010010111111001101011000000000000000000000000000000000000000000000000000000000000000000000000000000000000000000 0 0
5220 0.000 LR999928.1	166749 ( 0 ) 110011010000001001101110011101000001101010001101101010001001100000001010010111111001101011000000000000000000000000000000000000000000000000000000000000000000000000000000000000000000 0 0
5218 0.000 LR999928.1	166724 ( 0 ) 110011010000001001101110011101000001101010001101101010001001100000001010010111111001101011000000000000000000000000000000000000000000000000000000000000000000000000000000000000000000 0 0
5229 0.000 LR999928.1	317126 ( 0 ) 110011010000001001101110011101000001101010001101101010001001100000001010010111111001101011000000000000000000000000000000000000000000000000000000000000000000000000000000000000000000 0 0
19847 0.000 LR999936.1	13584263 ( 0 ) 110011010000001001101110011101000001101010001101101010001001100000001010010111111001101011000000000000000000000000000000000000000000000000000000000000000000000000000000000000000000 0 0
6189 1.111 LR999928.1	7749455 ( 0 ) 110011010000101001101110011101000001101010001101101010001001100000001010010111111001101011000000000000000000000000000000000000000000000000000000000000000000000000000000000000000000 1 0
6190 1.111 LR999928.1	7749465 ( 0 ) 110011010000101001101110011101000001101010001101101010001001100000001010010111111001101011000000000000000000000000000000000000000000000000000000000000000000000000000000000000000000 0 0
6188 1.111 LR999928.1	7749452 ( 0 ) 110011010000101001101110011101000001101010001101101010001001100000001010010111111001101011000000000000000000000000000000000000000000000000000000000000000000000000000000000000000000 0 0
6192 1.111 LR999928.1	7749485 ( 0 ) 110011010000101001101110011101000001101010001101101010001001100000001010010111111001101011000000000000000000000000000000000000000000000000000000000000000000000000000000000000000000 0 0
6193 1.111 LR999928.1	7749509 ( 0 ) 110011010000101001101110011101000001101010001101101010001001100000001010010111111001101011000000000000000000000000000000000000000000000000000000000000000000000000000000000000000000 0 0
5684 2.223 LR999928.1	2870757 ( 0 ) 110011010000101001101111011101000001101010001101101010001001100000001010010111111001101011000000000000000000000000000000000000000000000000000000000000000000000000000000000000000000 1 0
5469 5.561 LR999928.1	1897747 ( 0 ) 110011010100111001101111111101000001101010001101101010001001100000001010010111111001101011000000000000000000000000000000000000000000000000000000000000000000000000000000000000000000 3 0
5451 5.561 LR999928.1	1897535 ( 0 ) 110011010100111001101111111101000001101010001101101010001001100000001010010111111001101011000000000000000000000000000000000000000000000000000000000000000000000000000000000000000000 0 0
5454 5.561 LR999928.1	1897548 ( 0 ) 110011010100111001101111111101000001101010001101101010001001100000001010010111111001101011000000000000000000000000000000000000000000000000000000000000000000000000000000000000000000 0 0
3926 7.785 LR999927.1	7061061 ( 0 ) 110011010100111001101111111101000001101010001111111010001001100000001010010111111001101011000000000000000000000000000000000000000000000000000000000000000000000000000000000000000000 2 0
3927 8.896 LR999927.1	7098228 ( 0 ) 110011010100111001101111111101000001101010101111111010001001100000001010010111111001101011000000000000000000000000000000000000000000000000000000000000000000000000000000000000000000 1 0
6390 15.602 LR999928.1	9809742 ( 0 ) 110011010101111001101111111101100001101010101111111010001001100110001011010111111001111011000000000000000000000000000000000000000000000000000000000000000000000000000000000000000000 6 0
6389 15.602 LR999928.1	9809741 ( 0 ) 110011010101111001101111111101100001101010101111111010001001100110001011010111111001111011000000000000000000000000000000000000000000000000000000000000000000000000000000000000000000 0 0
6445 15.602 LR999928.1	10664995 ( 0 ) 110011010101111001101111111101100001101010101111111010001001100110001011010111111001111011000000000000000000000000000000000000000000000000000000000000000000000000000000000000000000 0 0
6102 15.602 LR999928.1	7329526 ( 0 ) 110011010101111001101111111101100001101010101111111010001001100110001011010111111001111011000000000000000000000000000000000000000000000000000000000000000000000000000000000000000000 0 0
5693 18.941 LR999928.1	2871007 ( 0 ) 110111110101111001101111111101100001101010101111111010001001100110101011010111111001111011000000000000000000000000000000000000000000000000000000000000000000000000000000000000000000 3 0
30104 50.075 LR999944.1	9502382 ( 0 ) 110100000101111000001111100100100000101010101111010010000001000110000011000010001000111011000000000000000000000000000000000000000000000000000000000000000000000000000000000000000000 0 0


LG2

LG3
29682 48.950 LR999944.1	6892876 ( 0 ) 000111100101111101001010011100001111101100011001010010101001000110100111000111000000010110000000000000000000000000000000000000000000000000000000000000000000000000000000000000000000 4 0
29685 50.061 LR999944.1	6892894 ( 0 ) 000111100101111101001010011100001011101100011001010010101001000110100111000111000000010110000000000000000000000000000000000000000000000000000000000000000000000000000000000000000000 1 0
10978 57.903 LR999931.1	5528127 ( 0 ) 000111100101111100001010010100001011001100011001010010001000000010100011000111000000010110000000000000000000000000000000000000000000000000000000000000000000000000000000000000000000 7 0
39631 59.014 LR999953.1	4542913 ( 0 ) 000111100101111100001010010100001001001100011001010010001000000010100011000111000000010110000000000000000000000000000000000000000000000000000000000000000000000000000000000000000000 1 0
11455 59.014 LR999931.1	10856711 ( 0 ) 000111100101111100001010010100001001001100011001010010001000000010100011000111000000010110000000000000000000000000000000000000000000000000000000000000000000000000000000000000000000 0 0
10987 59.014 LR999931.1	5590865 ( 0 ) 000111100101111100001010010100001001001100011001010010001000000010100011000111000000010110000000000000000000000000000000000000000000000000000000000000000000000000000000000000000000 0 0
11205 59.014 LR999931.1	8631327 ( 0 ) 000111100101111100001010010100001001001100011001010010001000000010100011000111000000010110000000000000000000000000000000000000000000000000000000000000000000000000000000000000000000 0 0
11454 59.014 LR999931.1	10856703 ( 0 ) 000111100101111100001010010100001001001100011001010010001000000010100011000111000000010110000000000000000000000000000000000000000000000000000000000000000000000000000000000000000000 0 0
11448 59.014 LR999931.1	10856606 ( 0 ) 000111100101111100001010010100001001001100011001010010001000000010100011000111000000010110000000000000000000000000000000000000000000000000000000000000000000000000000000000000000000 0 0
11449 59.014 LR999931.1	10856610 ( 0 ) 000111100101111100001010010100001001001100011001010010001000000010100011000111000000010110000000000000000000000000000000000000000000000000000000000000000000000000000000000000000000 0 0
11450 59.014 LR999931.1	10856676 ( 0 ) 000111100101111100001010010100001001001100011001010010001000000010100011000111000000010110000000000000000000000000000000000000000000000000000000000000000000000000000000000000000000 0 0
11451 59.014 LR999931.1	10856689 ( 0 ) 000111100101111100001010010100001001001100011001010010001000000010100011000111000000010110000000000000000000000000000000000000000000000000000000000000000000000000000000000000000000 0 0
11807 59.014 LR999931.1	13791895 ( 0 ) 000111100101111100001010010100001001001100011001010010001000000010100011000111000000010110000000000000000000000000000000000000000000000000000000000000000000000000000000000000000000 0 0
11812 60.125 LR999931.1	13791908 ( 0 ) 000101100101111100001010010100001001001100011001010010001000000010100011000111000000010110000000000000000000000000000000000000000000000000000000000000000000000000000000000000000000 1 0
11816 60.125 LR999931.1	13791930 ( 0 ) 000101100101111100001010010100001001001100011001010010001000000010100011000111000000010110000000000000000000000000000000000000000000000000000000000000000000000000000000000000000000 0 0
11811 60.125 LR999931.1	13791905 ( 0 ) 000101100101111100001010010100001001001100011001010010001000000010100011000111000000010110000000000000000000000000000000000000000000000000000000000000000000000000000000000000000000 0 0
11808 60.125 LR999931.1	13791896 ( 0 ) 000101100101111100001010010100001001001100011001010010001000000010100011000111000000010110000000000000000000000000000000000000000000000000000000000000000000000000000000000000000000 0 0
11739 60.125 LR999931.1	13388887 ( 0 ) 000101100101111100001010010100001001001100011001010010001000000010100011000111000000010110000000000000000000000000000000000000000000000000000000000000000000000000000000000000000000 0 0
11805 60.125 LR999931.1	13791876 ( 0 ) 000101100101111100001010010100001001001100011001010010001000000010100011000111000000010110000000000000000000000000000000000000000000000000000000000000000000000000000000000000000000 0 0

Lg4
3183 52.400 LR999926.1	14003083 ( 0 ) 000001010010000101010001001001111011010001100001001011000011001010000000010100000010000001000000000000000000000000000000000000000000000000000000000000000000000000000000000000000000 5 0
2195 59.107 LR999926.1	3933928 ( 0 ) 000001010010000101010001001000000011010001100001001011000000001010000000010100000010000001000000000000000000000000000000000000000000000000000000000000000000000000000000000000000000 6 0
3407 59.107 LR999926.1	15534947 ( 0 ) 000001010010000101010001001000000011010001100001001011000000001010000000010100000010000001000000000000000000000000000000000000000000000000000000000000000000000000000000000000000000 0 0
3402 59.107 LR999926.1	15534734 ( 0 ) 000001010010000101010001001000000011010001100001001011000000001010000000010100000010000001000000000000000000000000000000000000000000000000000000000000000000000000000000000000000000 0 0
3401 59.107 LR999926.1	15534723 ( 0 ) 000001010010000101010001001000000011010001100001001011000000001010000000010100000010000001000000000000000000000000000000000000000000000000000000000000000000000000000000000000000000 0 0
3399 60.218 LR999926.1	15534715 ( 0 ) 000001010010000101010001001000000011010001100001001011000000011010000000010100000010000001000000000000000000000000000000000000000000000000000000000000000000000000000000000000000000 1 0
3395 61.329 LR999926.1	15534666 ( 0 ) 000001010010000101010001001000000111010001100001001011000000011010000000010100000010000001000000000000000000000000000000000000000000000000000000000000000000000000000000000000000000 1 0
3398 61.329 LR999926.1	15534682 ( 0 ) 000001010010000101010001001000000111010001100001001011000000011010000000010100000010000001000000000000000000000000000000000000000000000000000000000000000000000000000000000000000000 0 0
3400 61.329 LR999926.1	15534722 ( 0 ) 000001010010000101010001001000000111010001100001001011000000011010000000010100000010000001000000000000000000000000000000000000000000000000000000000000000000000000000000000000000000 0 0
3198 65.785 LR999926.1	14111583 ( 0 ) 000001010010000101010101001000000111010001100011001011000000011010000000010101100010000001000000000000000000000000000000000000000000000000000000000000000000000000000000000000000000 4 0
3026 69.124 LR999926.1	11988058 ( 0 ) 000001010010000101010101001000000111011001100011001011000000011010000010110101100010000001000000000000000000000000000000000000000000000000000000000000000000000000000000000000000000 3 0
3025 69.124 LR999926.1	11988057 ( 0 ) 000001010010000101010101001000000111011001100011001011000000011010000010110101100010000001000000000000000000000000000000000000000000000000000000000000000000000000000000000000000000 0 0
3004 74.702 LR999926.1	11801110 ( 0 ) 000001010010000101010101001000000111011001100111001011001000011011100010110101100010001001000000000000000000000000000000000000000000000000000000000000000000000000000000000000000000 5 0
2532 74.702 LR999926.1	7295426 ( 0 ) 000001010010000101010101001000000111011001100111001011001000011011100010110101100010001001000000000000000000000000000000000000000000000000000000000000000000000000000000000000000000 0 0
3229 78.041 LR999926.1	14457455 ( 0 ) 000001010110000101010101001010000111011001100111001011001000011011100010110101100110001001000000000000000000000000000000000000000000000000000000000000000000000000000000000000000000 3 0
2470 78.041 LR999926.1	6094705 ( 0 ) 000001010110000101010101001010000111011001100111001011001000011011100010110101100110001001000000000000000000000000000000000000000000000000000000000000000000000000000000000000000000 0 0
2468 78.041 LR999926.1	6094686 ( 0 ) 000001010110000101010101001010000111011001100111001011001000011011100010110101100110001001000000000000000000000000000000000000000000000000000000000000000000000000000000000000000000 0 0
2472 78.041 LR999926.1	6094802 ( 0 ) 000001010110000101010101001010000111011001100111001011001000011011100010110101100110001001000000000000000000000000000000000000000000000000000000000000000000000000000000000000000000 0 0
2467 78.041 LR999926.1	6094679 ( 0 ) 000001010110000101010101001010000111011001100111001011001000011011100010110101100110001001000000000000000000000000000000000000000000000000000000000000000000000000000000000000000000 0 0
2471 78.041 LR999926.1	6094756 ( 0 ) 000001010110000101010101001010000111011001100111001011001000011011100010110101100110001001000000000000000000000000000000000000000000000000000000000000000000000000000000000000000000 0 0
2464 78.041 LR999926.1	6094660 ( 0 ) 000001010110000101010101001010000111011001100111001011001000011011100010110101100110001001000000000000000000000000000000000000000000000000000000000000000000000000000000000000000000 0 0
2466 78.041 LR999926.1	6094673 ( 0 ) 000001010110000101010101001010000111011001100111001011001000011011100010110101100110001001000000000000000000000000000000000000000000000000000000000000000000000000000000000000000000 0 0
2469 78.041 LR999926.1	6094702 ( 0 ) 000001010110000101010101001010000111011001100111001011001000011011100010110101100110001001000000000000000000000000000000000000000000000000000000000000000000000000000000000000000000 0 0
2463 79.152 LR999926.1	6094655 ( 0 ) 000001010110000101010101001010000111011101100111001011001000011011100010110101100110001001000000000000000000000000000000000000000000000000000000000000000000000000000000000000000000 1 0
2946 80.263 LR999926.1	11211541 ( 0 ) 000001010110000101010101001010000111011101100111001111001000011011100010110101100110001001000000000000000000000000000000000000000000000000000000000000000000000000000000000000000000 1 0
3193 80.263 LR999926.1	14106203 ( 0 ) 000001010110000101010101001010000111011101100111001111001000011011100010110101100110001001000000000000000000000000000000000000000000000000000000000000000000000000000000000000000000 0 0
2444 81.374 LR999926.1	5824469 ( 0 ) 000001010110000101010101001010000111011101100111001111001000011011100010110101100111001001000000000000000000000000000000000000000000000000000000000000000000000000000000000000000000 1 0
2443 81.374 LR999926.1	5824228 ( 0 ) 000001010110000101010101001010000111011101100111001111001000011011100010110101100111001001000000000000000000000000000000000000000000000000000000000000000000000000000000000000000000 0 0
3408 81.374 LR999926.1	15534957 ( 0 ) 000001010110000101010101001010000111011101100111001111001000011011100010110101100111001001000000000000000000000000000000000000000000000000000000000000000000000000000000000000000000 0 0
3403 81.374 LR999926.1	15534914 ( 0 ) 000001010110000101010101001010000111011101100111001111001000011011100010110101100111001001000000000000000000000000000000000000000000000000000000000000000000000000000000000000000000 0 0
2577 82.486 LR999926.1	7546313 ( 0 ) 000001010110001101010101001010000111011101100111001111001000011011100010110101100111001001000000000000000000000000000000000000000000000000000000000000000000000000000000000000000000 1 0
2786 82.486 LR999926.1	9912675 ( 0 ) 000001010110001101010101001010000111011101100111001111001000011011100010110101100111001001000000000000000000000000000000000000000000000000000000000000000000000000000000000000000000 0 0
2465 82.486 LR999926.1	6094669 ( 0 ) 000001010110001101010101001010000111011101100111001111001000011011100010110101100111001001000000000000000000000000000000000000000000000000000000000000000000000000000000000000000000 0 0
2424 82.486 LR999926.1	5749696 ( 0 ) 000001010110001101010101001010000111011101100111001111001000011011100010110101100111001001000000000000000000000000000000000000000000000000000000000000000000000000000000000000000000 0 0
2731 82.486 LR999926.1	8845003 ( 0 ) 000001010110001101010101001010000111011101100111001111001000011011100010110101100111001001000000000000000000000000000000000000000000000000000000000000000000000000000000000000000000 0 0
2283 82.486 LR999926.1	4522565 ( 0 ) 000001010110001101010101001010000111011101100111001111001000011011100010110101100111001001000000000000000000000000000000000000000000000000000000000000000000000000000000000000000000 0 0
2727 82.486 LR999926.1	8844970 ( 0 ) 000001010110001101010101001010000111011101100111001111001000011011100010110101100111001001000000000000000000000000000000000000000000000000000000000000000000000000000000000000000000 0 0
2732 82.486 LR999926.1	8845019 ( 0 ) 000001010110001101010101001010000111011101100111001111001000011011100010110101100111001001000000000000000000000000000000000000000000000000000000000000000000000000000000000000000000 0 0
3464 82.486 LR999926.1	16349057 ( 0 ) 000001010110001101010101001010000111011101100111001111001000011011100010110101100111001001000000000000000000000000000000000000000000000000000000000000000000000000000000000000000000 0 0
3135 82.486 LR999926.1	13434241 ( 0 ) 000001010110001101010101001010000111011101100111001111001000011011100010110101100111001001000000000000000000000000000000000000000000000000000000000000000000000000000000000000000000 0 0
2578 82.486 LR999926.1	7546329 ( 0 ) 000001010110001101010101001010000111011101100111001111001000011011100010110101100111001001000000000000000000000000000000000000000000000000000000000000000000000000000000000000000000 0 0
3405 82.486 LR999926.1	15534937 ( 0 ) 000001010110001101010101001010000111011101100111001111001000011011100010110101100111001001000000000000000000000000000000000000000000000000000000000000000000000000000000000000000000 0 0
2783 82.486 LR999926.1	9912639 ( 0 ) 000001010110001101010101001010000111011101100111001111001000011011100010110101100111001001000000000000000000000000000000000000000000000000000000000000000000000000000000000000000000 0 0
3406 82.486 LR999926.1	15534941 ( 0 ) 000001010110001101010101001010000111011101100111001111001000011011100010110101100111001001000000000000000000000000000000000000000000000000000000000000000000000000000000000000000000 0 0
3404 82.486 LR999926.1	15534923 ( 0 ) 000001010110001101010101001010000111011101100111001111001000011011100010110101100111001001000000000000000000000000000000000000000000000000000000000000000000000000000000000000000000 0 0
2576 82.486 LR999926.1	7546303 ( 0 ) 000001010110001101010101001010000111011101100111001111001000011011100010110101100111001001000000000000000000000000000000000000000000000000000000000000000000000000000000000000000000 0 0
3465 82.486 LR999926.1	16349102 ( 0 ) 000001010110001101010101001010000111011101100111001111001000011011100010110101100111001001000000000000000000000000000000000000000000000000000000000000000000000000000000000000000000 0 0
2579 82.486 LR999926.1	7569148 ( 0 ) 000001010110001101010101001010000111011101100111001111001000011011100010110101100111001001000000000000000000000000000000000000000000000000000000000000000000000000000000000000000000 0 0
2722 83.597 LR999926.1	8844695 ( 0 ) 000001010110001101010101001010000111011101100111101111001000011011100010110101100111001001000000000000000000000000000000000000000000000000000000000000000000000000000000000000000000 1 0
2735 83.597 LR999926.1	8845036 ( 0 ) 000001010110001101010101001010000111011101100111101111001000011011100010110101100111001001000000000000000000000000000000000000000000000000000000000000000000000000000000000000000000 0 0
2721 83.597 LR999926.1	8844694 ( 0 ) 000001010110001101010101001010000111011101100111101111001000011011100010110101100111001001000000000000000000000000000000000000000000000000000000000000000000000000000000000000000000 0 0
2720 83.597 LR999926.1	8844649 ( 0 ) 000001010110001101010101001010000111011101100111101111001000011011100010110101100111001001000000000000000000000000000000000000000000000000000000000000000000000000000000000000000000 0 0
2726 83.597 LR999926.1	8844934 ( 0 ) 000001010110001101010101001010000111011101100111101111001000011011100010110101100111001001000000000000000000000000000000000000000000000000000000000000000000000000000000000000000000 0 0
2720 83.597 LR999926.1	8844649 ( 0 ) 000001010110001101010101001010000111011101100111101111001000011011100010110101100111001001000000000000000000000000000000000000000000000000000000000000000000000000000000000000000000 0 0
2723 83.597 LR999926.1	8844711 ( 0 ) 000001010110001101010101001010000111011101100111101111001000011011100010110101100111001001000000000000000000000000000000000000000000000000000000000000000000000000000000000000000000 0 0

LG5
18472 0.000 LR999936.1	745004 ( 0 ) 110011111010100010101111111110011010000111110001111011001111000110000100100000110101111001000000000000000000000000000000000000000000000000000000000000000000000000000000000000000000 0 0
18472 0.000 LR999936.1	745004 ( 0 ) 110011111010100010101111111110011010000111110001111011001111000110000100100000110101111001000000000000000000000000000000000000000000000000000000000000000000000000000000000000000000 0 0
18802 0.000 LR999936.1	3751149 ( 0 ) 110011111010100010101111111110011010000111110001111011001111000110000100100000110101111001000000000000000000000000000000000000000000000000000000000000000000000000000000000000000000 0 0
18728 0.000 LR999936.1	3303575 ( 0 ) 110011111010100010101111111110011010000111110001111011001111000110000100100000110101111001000000000000000000000000000000000000000000000000000000000000000000000000000000000000000000 0 0
18473 0.000 LR999936.1	939011 ( 0 ) 110011111010100010101111111110011010000111110001111011001111000110000100100000110101111001000000000000000000000000000000000000000000000000000000000000000000000000000000000000000000 0 0
18937 1.111 LR999936.1	5227231 ( 0 ) 110001111010100010101111111110011010000111110001111011001111000110000100100000110101111001000000000000000000000000000000000000000000000000000000000000000000000000000000000000000000 1 0
19422 1.111 LR999936.1	9950225 ( 0 ) 110001111010100010101111111110011010000111110001111011001111000110000100100000110101111001000000000000000000000000000000000000000000000000000000000000000000000000000000000000000000 0 0
19822 1.111 LR999936.1	13206311 ( 0 ) 110001111010100010101111111110011010000111110001111011001111000110000100100000110101111001000000000000000000000000000000000000000000000000000000000000000000000000000000000000000000 0 0
18939 1.111 LR999936.1	5227470 ( 0 ) 110001111010100010101111111110011010000111110001111011001111000110000100100000110101111001000000000000000000000000000000000000000000000000000000000000000000000000000000000000000000 0 0
18942 1.111 LR999936.1	5227531 ( 0 ) 110001111010100010101111111110011010000111110001111011001111000110000100100000110101111001000000000000000000000000000000000000000000000000000000000000000000000000000000000000000000 0 0
18932 1.111 LR999936.1	5227155 ( 0 ) 110001111010100010101111111110011010000111110001111011001111000110000100100000110101111001000000000000000000000000000000000000000000000000000000000000000000000000000000000000000000 0 0
18959 1.111 LR999936.1	5391047 ( 0 ) 110001111010100010101111111110011010000111110001111011001111000110000100100000110101111001000000000000000000000000000000000000000000000000000000000000000000000000000000000000000000 0 0
18940 1.111 LR999936.1	5227477 ( 0 ) 110001111010100010101111111110011010000111110001111011001111000110000100100000110101111001000000000000000000000000000000000000000000000000000000000000000000000000000000000000000000 0 0
18936 1.111 LR999936.1	5227230 ( 0 ) 110001111010100010101111111110011010000111110001111011001111000110000100100000110101111001000000000000000000000000000000000000000000000000000000000000000000000000000000000000000000 0 0
19112 1.111 LR999936.1	7163755 ( 0 ) 110001111010100010101111111110011010000111110001111011001111000110000100100000110101111001000000000000000000000000000000000000000000000000000000000000000000000000000000000000000000 0 0
18934 1.111 LR999936.1	5227224 ( 0 ) 110001111010100010101111111110011010000111110001111011001111000110000100100000110101111001000000000000000000000000000000000000000000000000000000000000000000000000000000000000000000 0 0
18941 1.111 LR999936.1	5227482 ( 0 ) 110001111010100010101111111110011010000111110001111011001111000110000100100000110101111001000000000000000000000000000000000000000000000000000000000000000000000000000000000000000000 0 0
19421 1.111 LR999936.1	9949199 ( 0 ) 110001111010100010101111111110011010000111110001111011001111000110000100100000110101111001000000000000000000000000000000000000000000000000000000000000000000000000000000000000000000 0 0
18935 1.111 LR999936.1	5227227 ( 0 ) 110001111010100010101111111110011010000111110001111011001111000110000100100000110101111001000000000000000000000000000000000000000000000000000000000000000000000000000000000000000000 0 0
18933 1.111 LR999936.1	5227212 ( 0 ) 110001111010100010101111111110011010000111110001111011001111000110000100100000110101111001000000000000000000000000000000000000000000000000000000000000000000000000000000000000000000 0 0
18938 1.111 LR999936.1	5227454 ( 0 ) 110001111010100010101111111110011010000111110001111011001111000110000100100000110101111001000000000000000000000000000000000000000000000000000000000000000000000000000000000000000000 0 0
18945 3.335 LR999936.1	5227594 ( 0 ) 110001111010100010101111111110010010000111110001111011001101000110000100100000110101111001000000000000000000000000000000000000000000000000000000000000000000000000000000000000000000 2 0
19767 7.791 LR999936.1	12800881 ( 0 ) 110001111010100010101011001110010010000111110001111011001101000110000100100000110001111001000000000000000000000000000000000000000000000000000000000000000000000000000000000000000000 4 0
19044 10.015 LR999936.1	6439028 ( 0 ) 110001111010100010101011001110000010000111110001110011001101000110000100100000110001111001000000000000000000000000000000000000000000000000000000000000000000000000000000000000000000 2 0
19545 13.353 LR999936.1	10930081 ( 0 ) 110001111010100010101011001100000010000011110001110011001101000010000100100000110001111001000000000000000000000000000000000000000000000000000000000000000000000000000000000000000000 3 0
19543 13.353 LR999936.1	10930064 ( 0 ) 110001111010100010101011001100000010000011110001110011001101000010000100100000110001111001000000000000000000000000000000000000000000000000000000000000000000000000000000000000000000 0 0
19346 13.353 LR999936.1	9497737 ( 0 ) 110001111010100010101011001100000010000011110001110011001101000010000100100000110001111001000000000000000000000000000000000000000000000000000000000000000000000000000000000000000000 0 0

LG7
31775 0.000 LR999945.1	12143054 ( 0 ) 100011001111100110111101101000101110100110110101011111111011110111111000101010001101101101000000000000000000000000000000000000000000000000000000000000000000000000000000000000000000 0 0
31773 0.000 LR999945.1	12143041 ( 0 ) 100011001111100110111101101000101110100110110101011111111011110111111000101010001101101101000000000000000000000000000000000000000000000000000000000000000000000000000000000000000000 0 0
31772 0.000 LR999945.1	12143040 ( 0 ) 100011001111100110111101101000101110100110110101011111111011110111111000101010001101101101000000000000000000000000000000000000000000000000000000000000000000000000000000000000000000 0 0
31774 0.000 LR999945.1	12143046 ( 0 ) 100011001111100110111101101000101110100110110101011111111011110111111000101010001101101101000000000000000000000000000000000000000000000000000000000000000000000000000000000000000000 0 0


LG12
13665 57.872 LR999933.1	1162927 ( 0 ) 111000010110100010001111101010100111011111101001110101101100100110010101000010111000000001000000000000000000000000000000000000000000000000000000000000000000000000000000000000000000 4 0
13803 62.328 LR999933.1	2500092 ( 0 ) 111000010110100010001111101010000111011111101001110101101100100110010101010000011000000001000000000000000000000000000000000000000000000000000000000000000000000000000000000000000000 4 0
13804 63.440 LR999933.1	2500156 ( 0 ) 111000010110100010001111101010000111011111101001110101101100100110010101010000011000010001000000000000000000000000000000000000000000000000000000000000000000000000000000000000000000 1 0
40862 67.896 LR999940.1	1049611 ( 0 ) 111000010111100011001111101010000111111111101001110101101100100110010101010000011000110001000000000000000000000000000000000000000000000000000000000000000000000000000000000000000000 4 0
14808 67.896 LR999933.1	11799009 ( 0 ) 111000010111100011001111101010000111111111101001110101101100100110010101010000011000110001000000000000000000000000000000000000000000000000000000000000000000000000000000000000000000 0 0
14522 67.896 LR999933.1	9900492 ( 0 ) 111000010111100011001111101010000111111111101001110101101100100110010101010000011000110001000000000000000000000000000000000000000000000000000000000000000000000000000000000000000000 0 0
13732 67.896 LR999933.1	1667635 ( 0 ) 111000010111100011001111101010000111111111101001110101101100100110010101010000011000110001000000000000000000000000000000000000000000000000000000000000000000000000000000000000000000 0 0
13806 67.896 LR999933.1	2500158 ( 0 ) 111000010111100011001111101010000111111111101001110101101100100110010101010000011000110001000000000000000000000000000000000000000000000000000000000000000000000000000000000000000000 0 0


LG14
26545 0.000 LR999942.1	1913332 ( 0 ) 110000011010001111010100011010110011010010010100010111010000100101101110100110000001111011000000000000000000000000000000000000000000000000000000000000000000000000000000000000000000 0 0
26543 0.000 LR999942.1	1913189 ( 0 ) 110000011010001111010100011010110011010010010100010111010000100101101110100110000001111011000000000000000000000000000000000000000000000000000000000000000000000000000000000000000000 0 0
26546 0.000 LR999942.1	1913339 ( 0 ) 110000011010001111010100011010110011010010010100010111010000100101101110100110000001111011000000000000000000000000000000000000000000000000000000000000000000000000000000000000000000 0 0
27201 2.224 LR999942.1	7614459 ( 0 ) 110000011000001111010100011010110011010010010100010111010000100101101110100110000000111011000000000000000000000000000000000000000000000000000000000000000000000000000000000000000000 2 0
26907 2.224 LR999942.1	5157505 ( 0 ) 110000011000001111010100011010110011010010010100010111010000100101101110100110000000111011000000000000000000000000000000000000000000000000000000000000000000000000000000000000000000 0 0
26905 2.224 LR999942.1	5091299 ( 0 ) 110000011000001111010100011010110011010010010100010111010000100101101110100110000000111011000000000000000000000000000000000000000000000000000000000000000000000000000000000000000000 0 0
27199 2.224 LR999942.1	7614433 ( 0 ) 110000011000001111010100011010110011010010010100010111010000100101101110100110000000111011000000000000000000000000000000000000000000000000000000000000000000000000000000000000000000 0 0
27200 2.224 LR999942.1	7614438 ( 0 ) 110000011000001111010100011010110011010010010100010111010000100101101110100110000000111011000000000000000000000000000000000000000000000000000000000000000000000000000000000000000000 0 0
26906 2.224 LR999942.1	5091607 ( 0 ) 110000011000001111010100011010110011010010010100010111010000100101101110100110000000111011000000000000000000000000000000000000000000000000000000000000000000000000000000000000000000 0 0
27318 2.224 LR999942.1	8913221 ( 0 ) 110000011000001111010100011010110011010010010100010111010000100101101110100110000000111011000000000000000000000000000000000000000000000000000000000000000000000000000000000000000000 0 0
27539 3.335 LR999942.1	11572426 ( 0 ) 110000011000001111010100011010110011010010010100010111010000100101100110100110000000111011000000000000000000000000000000000000000000000000000000000000000000000000000000000000000000 1 0
27538 3.335 LR999942.1	11572392 ( 0 ) 110000011000001111010100011010110011010010010100010111010000100101100110100110000000111011000000000000000000000000000000000000000000000000000000000000000000000000000000000000000000 0 0
27718 4.446 LR999942.1	13082632 ( 0 ) 110000011000001111010100011010110011010010000100010111010000100101100110100110000000111011000000000000000000000000000000000000000000000000000000000000000000000000000000000000000000 1 0
27316 5.558 LR999942.1	8913051 ( 0 ) 110000010000001111010100011010110011010010000100010111010000100101100110100110000000111011000000000000000000000000000000000000000000000000000000000000000000000000000000000000000000 1 0
27394 7.781 LR999942.1	10395062 ( 0 ) 110000010000001111010100011010010010010010000100010111010000100101100110100110000000111011000000000000000000000000000000000000000000000000000000000000000000000000000000000000000000 2 0
27397 7.781 LR999942.1	10418545 ( 0 ) 110000010000001111010100011010010010010010000100010111010000100101100110100110000000111011000000000000000000000000000000000000000000000000000000000000000000000000000000000000000000 0 0
26914 7.781 LR999942.1	5328984 ( 0 ) 110000010000001111010100011010010010010010000100010111010000100101100110100110000000111011000000000000000000000000000000000000000000000000000000000000000000000000000000000000000000 0 0
26552 8.893 LR999942.1	1913418 ( 0 ) 110000010000001111010100011010010010010010000100010111010000100101100110100110000000111001000000000000000000000000000000000000000000000000000000000000000000000000000000000000000000 1 0
27717 14.471 LR999942.1	13082627 ( 0 ) 100000010000001101010100011010010010010010000100010111010000100101100010000110000000111000000000000000000000000000000000000000000000000000000000000000000000000000000000000000000000 5 0
27716 14.471 LR999942.1	13082626 ( 0 ) 100000010000001101010100011010010010010010000100010111010000100101100010000110000000111000000000000000000000000000000000000000000000000000000000000000000000000000000000000000000000 0 0
26842 15.582 LR999942.1	4512799 ( 0 ) 100000010000001101010100011010010010010010100100010111010000100101100010000110000000111000000000000000000000000000000000000000000000000000000000000000000000000000000000000000000000 1 0


LG15
22053 30.019 LR999938.1	4217763 ( 0 ) 111001101100010100110100100010111101100100010111100101110011011101111001011011010110001100000000000000000000000000000000000000000000000000000000000000000000000000000000000000000000 4 0
22054 30.019 LR999938.1	4218002 ( 0 ) 111001101100010100110100100010111101100100010111100101110011011101111001011011010110001100000000000000000000000000000000000000000000000000000000000000000000000000000000000000000000 0 0
22449 39.004 LR999938.1	7214082 ( 0 ) 111001101100010110111110101010111111100100010111100101110011011101111001011111010110011110000000000000000000000000000000000000000000000000000000000000000000000000000000000000000000 8 0
22448 40.115 LR999938.1	7214055 ( 0 ) 111001101100010110111110101110111111100100010111100101110011011101111001011111010110011110000000000000000000000000000000000000000000000000000000000000000000000000000000000000000000 1 0
22268 44.571 LR999938.1	5818557 ( 0 ) 111001101101010110111111101110111111100100010111100101110111011101111001011111010111011110000000000000000000000000000000000000000000000000000000000000000000000000000000000000000000 4 0
22064 44.571 LR999938.1	4256977 ( 0 ) 111001101101010110111111101110111111100100010111100101110111011101111001011111010111011110000000000000000000000000000000000000000000000000000000000000000000000000000000000000000000 0 0
22281 44.571 LR999938.1	5818759 ( 0 ) 111001101101010110111111101110111111100100010111100101110111011101111001011111010111011110000000000000000000000000000000000000000000000000000000000000000000000000000000000000000000 0 0
22058 44.571 LR999938.1	4256795 ( 0 ) 111001101101010110111111101110111111100100010111100101110111011101111001011111010111011110000000000000000000000000000000000000000000000000000000000000000000000000000000000000000000 0 0
22059 44.571 LR999938.1	4256839 ( 0 ) 111001101101010110111111101110111111100100010111100101110111011101111001011111010111011110000000000000000000000000000000000000000000000000000000000000000000000000000000000000000000 0 0
22065 44.571 LR999938.1	4257031 ( 0 ) 111001101101010110111111101110111111100100010111100101110111011101111001011111010111011110000000000000000000000000000000000000000000000000000000000000000000000000000000000000000000 0 0
22063 44.571 LR999938.1	4256966 ( 0 ) 111001101101010110111111101110111111100100010111100101110111011101111001011111010111011110000000000000000000000000000000000000000000000000000000000000000000000000000000000000000000 0 0
22065 44.571 LR999938.1	4257031 ( 0 ) 111001101101010110111111101110111111100100010111100101110111011101111001011111010111011110000000000000000000000000000000000000000000000000000000000000000000000000000000000000000000 0 0
22062 44.571 LR999938.1	4256947 ( 0 ) 111001101101010110111111101110111111100100010111100101110111011101111001011111010111011110000000000000000000000000000000000000000000000000000000000000000000000000000000000000000000 0 0


LG16
23269 0.000 LR999939.1	464209 ( 0 ) 110010110011001111100000110010011101111111110011111001011111000111001001010001110011101110000000000000000000000000000000000000000000000000000000000000000000000000000000000000000000 0 0
23274 0.000 LR999939.1	464262 ( 0 ) 110010110011001111100000110010011101111111110011111001011111000111001001010001110011101110000000000000000000000000000000000000000000000000000000000000000000000000000000000000000000 0 0
23270 0.000 LR999939.1	464216 ( 0 ) 110010110011001111100000110010011101111111110011111001011111000111001001010001110011101110000000000000000000000000000000000000000000000000000000000000000000000000000000000000000000 0 0
24326 61.297 LR999939.1	10529389 ( 0 ) 001010011000100010010101100001010110000000101000100010011111010100110100111010100000010011000000000000000000000000000000000000000000000000000000000000000000000000000000000000000000 6 0
24791 64.635 LR999939.1	13853996 ( 0 ) 001010011000100010010101100001010010000000101000100010010111010000110100111010100000010011000000000000000000000000000000000000000000000000000000000000000000000000000000000000000000 3 0
24596 70.214 LR999939.1	12279371 ( 0 ) 001000011000100010010101000001010010000000101000100010000110010000110100101010100000010011000000000000000000000000000000000000000000000000000000000000000000000000000000000000000000 5 0
24597 70.214 LR999939.1	12279379 ( 0 ) 001000011000100010010101000001010010000000101000100010000110010000110100101010100000010011000000000000000000000000000000000000000000000000000000000000000000000000000000000000000000 0 0
24598 70.214 LR999939.1	12279641 ( 0 ) 001000011000100010010101000001010010000000101000100010000110010000110100101010100000010011000000000000000000000000000000000000000000000000000000000000000000000000000000000000000000 0 0
24367 70.214 LR999939.1	11036315 ( 0 ) 001000011000100010010101000001010010000000101000100010000110010000110100101010100000010011000000000000000000000000000000000000000000000000000000000000000000000000000000000000000000 0 0


LG18
41251 0.000 LR999924.1	942991 ( 0 ) 101110111111011110110001011000011111101000101001011001111001110110110001011000001011111110000000000000000000000000000000000000000000000000000000000000000000000000000000000000000000 0 0
41250 0.000 LR999924.1	942945 ( 0 ) 101110111111011110110001011000011111101000101001011001111001110110110001011000001011111110000000000000000000000000000000000000000000000000000000000000000000000000000000000000000000 0 0
41252 0.000 LR999924.1	943107 ( 0 ) 101110111111011110110001011000011111101000101001011001111001110110110001011000001011111110000000000000000000000000000000000000000000000000000000000000000000000000000000000000000000 0 0


LG19
36399 52.272 LR999950.1	1874855 ( 0 ) 101010000010000110111010100101010001001100110001100101111111010110000100110110110010000111000000000000000000000000000000000000000000000000000000000000000000000000000000000000000000 5 0
36549 61.256 LR999950.1	2887905 ( 0 ) 101010000010000110110010100101010000001100110000100101010111010110000100000110010010000111000000000000000000000000000000000000000000000000000000000000000000000000000000000000000000 8 0
36550 61.256 LR999950.1	2887907 ( 0 ) 101010000010000110110010100101010000001100110000100101010111010110000100000110010010000111000000000000000000000000000000000000000000000000000000000000000000000000000000000000000000 0 0
36551 61.256 LR999950.1	2887908 ( 0 ) 101010000010000110110010100101010000001100110000100101010111010110000100000110010010000111000000000000000000000000000000000000000000000000000000000000000000000000000000000000000000 0 0
36552 62.367 LR999950.1	2887920 ( 0 ) 101010000010000010110010100101010000001100110000100101010111010110000100000110010010000111000000000000000000000000000000000000000000000000000000000000000000000000000000000000000000 1 0
36944 63.479 LR999950.1	5438279 ( 0 ) 101010000010000010110010100101010000001100110000100101010111010010000100000110010010000111000000000000000000000000000000000000000000000000000000000000000000000000000000000000000000 1 0
36821 65.702 LR999950.1	4536427 ( 0 ) 101010000010000010110010100101010000001100110000100101010111010010000100000111010010001111000000000000000000000000000000000000000000000000000000000000000000000000000000000000000000 2 0
36820 65.702 LR999950.1	4536409 ( 0 ) 101010000010000010110010100101010000001100110000100101010111010010000100000111010010001111000000000000000000000000000000000000000000000000000000000000000000000000000000000000000000 0 0
37157 70.158 LR999950.1	6985306 ( 0 ) 101010000010000010110010100101010100001100110000100111010111010010100100000111010010011111000000000000000000000000000000000000000000000000000000000000000000000000000000000000000000 4 0
37161 70.158 LR999950.1	6985319 ( 0 ) 101010000010000010110010100101010100001100110000100111010111010010100100000111010010011111000000000000000000000000000000000000000000000000000000000000000000000000000000000000000000 0 0
37159 71.270 LR999950.1	6985311 ( 0 ) 101010000010100010110010100101010100001100110000100111010111010010100100000111010010011111000000000000000000000000000000000000000000000000000000000000000000000000000000000000000000 1 0
36844 71.270 LR999950.1	4654551 ( 0 ) 101010000010100010110010100101010100001100110000100111010111010010100100000111010010011111000000000000000000000000000000000000000000000000000000000000000000000000000000000000000000 0 0
37158 71.270 LR999950.1	6985309 ( 0 ) 101010000010100010110010100101010100001100110000100111010111010010100100000111010010011111000000000000000000000000000000000000000000000000000000000000000000000000000000000000000000 0 0
37160 71.270 LR999950.1	6985312 ( 0 ) 101010000010100010110010100101010100001100110000100111010111010010100100000111010010011111000000000000000000000000000000000000000000000000000000000000000000000000000000000000000000 0 0
37162 71.270 LR999950.1	6985326 ( 0 ) 101010000010100010110010100101010100001100110000100111010111010010100100000111010010011111000000000000000000000000000000000000000000000000000000000000000000000000000000000000000000 0 0
36505 73.493 LR999950.1	2393807 ( 0 ) 101010000010101010110010110101010100001100110000100111010111010010100100000111010010011111000000000000000000000000000000000000000000000000000000000000000000000000000000000000000000 2 0
36847 73.493 LR999950.1	4654770 ( 0 ) 101010000010101010110010110101010100001100110000100111010111010010100100000111010010011111000000000000000000000000000000000000000000000000000000000000000000000000000000000000000000 0 0
36502 73.493 LR999950.1	2393761 ( 0 ) 101010000010101010110010110101010100001100110000100111010111010010100100000111010010011111000000000000000000000000000000000000000000000000000000000000000000000000000000000000000000 0 0
36506 73.493 LR999950.1	2393833 ( 0 ) 101010000010101010110010110101010100001100110000100111010111010010100100000111010010011111000000000000000000000000000000000000000000000000000000000000000000000000000000000000000000 0 0
37077 73.493 LR999950.1	6510884 ( 0 ) 101010000010101010110010110101010100001100110000100111010111010010100100000111010010011111000000000000000000000000000000000000000000000000000000000000000000000000000000000000000000 0 0
36617 73.493 LR999950.1	3185559 ( 0 ) 101010000010101010110010110101010100001100110000100111010111010010100100000111010010011111000000000000000000000000000000000000000000000000000000000000000000000000000000000000000000 0 0
36503 73.493 LR999950.1	2393792 ( 0 ) 101010000010101010110010110101010100001100110000100111010111010010100100000111010010011111000000000000000000000000000000000000000000000000000000000000000000000000000000000000000000 0 0
36507 73.493 LR999950.1	2394037 ( 0 ) 101010000010101010110010110101010100001100110000100111010111010010100100000111010010011111000000000000000000000000000000000000000000000000000000000000000000000000000000000000000000 0 0


LG20
16555 42.258 LR999934.1	13553421 ( 0 ) 110001000000000110001001001011100111010101101111000100000011111100010010100011110000110111000000000000000000000000000000000000000000000000000000000000000000000000000000000000000000 3 0
16453 54.733 LR999934.1	12273230 ( 0 ) 110000000000000110000001001011100110000001101110000100000011111100000000100011111000010011000000000000000000000000000000000000000000000000000000000000000000000000000000000000000000 11 0
16458 54.733 LR999934.1	12273282 ( 0 ) 110000000000000110000001001011100110000001101110000100000011111100000000100011111000010011000000000000000000000000000000000000000000000000000000000000000000000000000000000000000000 0 0
16454 54.733 LR999934.1	12273232 ( 0 ) 110000000000000110000001001011100110000001101110000100000011111100000000100011111000010011000000000000000000000000000000000000000000000000000000000000000000000000000000000000000000 0 0
16455 54.733 LR999934.1	12273247 ( 0 ) 110000000000000110000001001011100110000001101110000100000011111100000000100011111000010011000000000000000000000000000000000000000000000000000000000000000000000000000000000000000000 0 0
16451 54.733 LR999934.1	12273222 ( 0 ) 110000000000000110000001001011100110000001101110000100000011111100000000100011111000010011000000000000000000000000000000000000000000000000000000000000000000000000000000000000000000 0 0
16457 54.733 LR999934.1	12273277 ( 0 ) 110000000000000110000001001011100110000001101110000100000011111100000000100011111000010011000000000000000000000000000000000000000000000000000000000000000000000000000000000000000000 0 0
16456 54.733 LR999934.1	12273261 ( 0 ) 110000000000000110000001001011100110000001101110000100000011111100000000100011111000010011000000000000000000000000000000000000000000000000000000000000000000000000000000000000000000 0 0
16459 54.733 LR999934.1	12273296 ( 0 ) 110000000000000110000001001011100110000001101110000100000011111100000000100011111000010011000000000000000000000000000000000000000000000000000000000000000000000000000000000000000000 0 0
16462 59.189 LR999934.1	12313668 ( 0 ) 110000000000000110000001001011100110000001100010000100000011111000000000100011101000010011000000000000000000000000000000000000000000000000000000000000000000000000000000000000000000 4 0
16461 59.189 LR999934.1	12313662 ( 0 ) 110000000000000110000001001011100110000001100010000100000011111000000000100011101000010011000000000000000000000000000000000000000000000000000000000000000000000000000000000000000000 0 0
16226 59.189 LR999934.1	10171723 ( 0 ) 110000000000000110000001001011100110000001100010000100000011111000000000100011101000010011000000000000000000000000000000000000000000000000000000000000000000000000000000000000000000 0 0
16569 61.412 LR999934.1	13567086 ( 0 ) 110000000000000110000011001011100110000001100010000100010011111000000000100011101000010011000000000000000000000000000000000000000000000000000000000000000000000000000000000000000000 2 0
15729 61.412 LR999934.1	5852747 ( 0 ) 110000000000000110000011001011100110000001100010000100010011111000000000100011101000010011000000000000000000000000000000000000000000000000000000000000000000000000000000000000000000 0 0
15330 66.991 LR999934.1	626964 ( 0 ) 110000010100000110000011001011100110000001100010011100010011111000100000100011101000010011000000000000000000000000000000000000000000000000000000000000000000000000000000000000000000 5 0
16243 70.329 LR999934.1	10329229 ( 0 ) 110000010100000110000011001011100110001011100010011100110011111000100000100011101000010011000000000000000000000000000000000000000000000000000000000000000000000000000000000000000000 3 0
15331 71.441 LR999934.1	626980 ( 0 ) 110010010100000110000011001011100110001011100010011100110011111000100000100011101000010011000000000000000000000000000000000000000000000000000000000000000000000000000000000000000000 1 0
16320 71.441 LR999934.1	10718054 ( 0 ) 110010010100000110000011001011100110001011100010011100110011111000100000100011101000010011000000000000000000000000000000000000000000000000000000000000000000000000000000000000000000 0 0
16321 71.441 LR999934.1	10718163 ( 0 ) 110010010100000110000011001011100110001011100010011100110011111000100000100011101000010011000000000000000000000000000000000000000000000000000000000000000000000000000000000000000000 0 0
16515 71.441 LR999934.1	13210420 ( 0 ) 110010010100000110000011001011100110001011100010011100110011111000100000100011101000010011000000000000000000000000000000000000000000000000000000000000000000000000000000000000000000 0 0
16513 71.441 LR999934.1	13210363 ( 0 ) 110010010100000110000011001011100110001011100010011100110011111000100000100011101000010011000000000000000000000000000000000000000000000000000000000000000000000000000000000000000000 0 0
16514 71.441 LR999934.1	13210389 ( 0 ) 110010010100000110000011001011100110001011100010011100110011111000100000100011101000010011000000000000000000000000000000000000000000000000000000000000000000000000000000000000000000 0 0



LG23
9389 0.000 LR999930.1	7056117 ( 0 ) 111100001000110000011000000000110101000111110010011110000110101010111110101100011101010000000000000000000000000000000000000000000000000000000000000000000000000000000000000000000000 0 0
9263 0.000 LR999930.1	6103747 ( 0 ) 111100001000110000011000000000110101000111110010011110000110101010111110101100011101010000000000000000000000000000000000000000000000000000000000000000000000000000000000000000000000 0 0
9390 0.000 LR999930.1	7056179 ( 0 ) 111100001000110000011000000000110101000111110010011110000110101010111110101100011101010000000000000000000000000000000000000000000000000000000000000000000000000000000000000000000000 0 0
9814 0.000 LR999930.1	11503922 ( 0 ) 111100001000110000011000000000110101000111110010011110000110101010111110101100011101010000000000000000000000000000000000000000000000000000000000000000000000000000000000000000000000 0 0
9388 0.000 LR999930.1	7055865 ( 0 ) 111100001000110000011000000000110101000111110010011110000110101010111110101100011101010000000000000000000000000000000000000000000000000000000000000000000000000000000000000000000000 0 0
9816 0.000 LR999930.1	11503954 ( 0 ) 111100001000110000011000000000110101000111110010011110000110101010111110101100011101010000000000000000000000000000000000000000000000000000000000000000000000000000000000000000000000 0 0
10282 0.000 LR999930.1	14702602 ( 0 ) 111100001000110000011000000000110101000111110010011110000110101010111110101100011101010000000000000000000000000000000000000000000000000000000000000000000000000000000000000000000000 0 0
10191 0.000 LR999930.1	14219348 ( 0 ) 111100001000110000011000000000110101000111110010011110000110101010111110101100011101010000000000000000000000000000000000000000000000000000000000000000000000000000000000000000000000 0 0
8973 0.000 LR999930.1	2585515 ( 0 ) 111100001000110000011000000000110101000111110010011110000110101010111110101100011101010000000000000000000000000000000000000000000000000000000000000000000000000000000000000000000000 0 0
9387 0.000 LR999930.1	7055861 ( 0 ) 111100001000110000011000000000110101000111110010011110000110101010111110101100011101010000000000000000000000000000000000000000000000000000000000000000000000000000000000000000000000 0 0
9424 0.000 LR999930.1	7169165 ( 0 ) 111100001000110000011000000000110101000111110010011110000110101010111110101100011101010000000000000000000000000000000000000000000000000000000000000000000000000000000000000000000000 0 0
9819 0.000 LR999930.1	11504037 ( 0 ) 111100001000110000011000000000110101000111110010011110000110101010111110101100011101010000000000000000000000000000000000000000000000000000000000000000000000000000000000000000000000 0 0
9817 0.000 LR999930.1	11503967 ( 0 ) 111100001000110000011000000000110101000111110010011110000110101010111110101100011101010000000000000000000000000000000000000000000000000000000000000000000000000000000000000000000000 0 0
10037 0.000 LR999930.1	13291655 ( 0 ) 111100001000110000011000000000110101000111110010011110000110101010111110101100011101010000000000000000000000000000000000000000000000000000000000000000000000000000000000000000000000 0 0
9818 0.000 LR999930.1	11504028 ( 0 ) 111100001000110000011000000000110101000111110010011110000110101010111110101100011101010000000000000000000000000000000000000000000000000000000000000000000000000000000000000000000000 0 0
9815 0.000 LR999930.1	11503952 ( 0 ) 111100001000110000011000000000110101000111110010011110000110101010111110101100011101010000000000000000000000000000000000000000000000000000000000000000000000000000000000000000000000 0 0
9680 1.111 LR999930.1	10532921 ( 0 ) 111100001000110000011000000000110101000111110010011110000110101010111110101000011101010000000000000000000000000000000000000000000000000000000000000000000000000000000000000000000000 1 0
9681 1.111 LR999930.1	10577885 ( 0 ) 111100001000110000011000000000110101000111110010011110000110101010111110101000011101010000000000000000000000000000000000000000000000000000000000000000000000000000000000000000000000 0 0
9250 1.111 LR999930.1	6103645 ( 0 ) 111100001000110000011000000000110101000111110010011110000110101010111110101000011101010000000000000000000000000000000000000000000000000000000000000000000000000000000000000000000000 0 0
9041 2.223 LR999930.1	3658635 ( 0 ) 111100001000110000011000000000110101000111110010011110000110101010111110101000011100010000000000000000000000000000000000000000000000000000000000000000000000000000000000000000000000 1 0
9267 3.334 LR999930.1	6103948 ( 0 ) 111100001000110000011000000000110101000111010010011110000110101010111110101000011100010000000000000000000000000000000000000000000000000000000000000000000000000000000000000000000000 1 0
9795 5.558 LR999930.1	11145900 ( 0 ) 111100001000110000011000000000110101000111010010010110000010101010111110101000011100010000000000000000000000000000000000000000000000000000000000000000000000000000000000000000000000 2 0
9481 11.136 LR999930.1	7496310 ( 0 ) 010100000000110000001000000000110101000111010010010010000010101010111110101000011100010000000000000000000000000000000000000000000000000000000000000000000000000000000000000000000000 5 0
9242 14.474 LR999930.1	6096353 ( 0 ) 010100000000110000001000000000100101000111010010010010000010001010111110101000010100010000000000000000000000000000000000000000000000000000000000000000000000000000000000000000000000 3 0
9467 17.813 LR999930.1	7495975 ( 0 ) 010100000010110000001000000000100101000111000010010010000010001000111110101000010100010000000000000000000000000000000000000000000000000000000000000000000000000000000000000000000000 3 0
9477 17.813 LR999930.1	7496255 ( 0 ) 010100000010110000001000000000100101000111000010010010000010001000111110101000010100010000000000000000000000000000000000000000000000000000000000000000000000000000000000000000000000 0 0
9478 17.813 LR999930.1	7496256 ( 0 ) 010100000010110000001000000000100101000111000010010010000010001000111110101000010100010000000000000000000000000000000000000000000000000000000000000000000000000000000000000000000000 0 0
9778 21.151 LR999930.1	11145586 ( 0 ) 010100000010010000001000000000100101000111000010010010000010001000111110100000010000010000000000000000000000000000000000000000000000000000000000000000000000000000000000000000000000 3 0
15426 28.992 LR999934.1	1476850 ( 0 ) 010100000010010000001100100000100101000111000010010011000011001000111110110001010000010001000000000000000000000000000000000000000000000000000000000000000000000000000000000000000000 7 0


LG24
35037 0.000 LR999948.1	7346545 ( 0 ) 111001001101111100101011010100011100000010110000011000111000100101101110011000101000010000000000000000000000000000000000000000000000000000000000000000000000000000000000000000000000 0 0
35042 0.000 LR999948.1	7346568 ( 0 ) 111001001101111100101011010100011100000010110000011000111000100101101110011000101000010000000000000000000000000000000000000000000000000000000000000000000000000000000000000000000000 0 0
35040 0.000 LR999948.1	7346561 ( 0 ) 111001001101111100101011010100011100000010110000011000111000100101101110011000101000010000000000000000000000000000000000000000000000000000000000000000000000000000000000000000000000 0 0
35045 0.000 LR999948.1	7346598 ( 0 ) 111001001101111100101011010100011100000010110000011000111000100101101110011000101000010000000000000000000000000000000000000000000000000000000000000000000000000000000000000000000000 0 0
35034 0.000 LR999948.1	7346539 ( 0 ) 111001001101111100101011010100011100000010110000011000111000100101101110011000101000010000000000000000000000000000000000000000000000000000000000000000000000000000000000000000000000 0 0
35038 0.000 LR999948.1	7346549 ( 0 ) 111001001101111100101011010100011100000010110000011000111000100101101110011000101000010000000000000000000000000000000000000000000000000000000000000000000000000000000000000000000000 0 0
35041 0.000 LR999948.1	7346567 ( 0 ) 111001001101111100101011010100011100000010110000011000111000100101101110011000101000010000000000000000000000000000000000000000000000000000000000000000000000000000000000000000000000 0 0
35032 0.000 LR999948.1	7346528 ( 0 ) 111001001101111100101011010100011100000010110000011000111000100101101110011000101000010000000000000000000000000000000000000000000000000000000000000000000000000000000000000000000000 0 0
35035 0.000 LR999948.1	7346541 ( 0 ) 111001001101111100101011010100011100000010110000011000111000100101101110011000101000010000000000000000000000000000000000000000000000000000000000000000000000000000000000000000000000 0 0
35039 0.000 LR999948.1	7346553 ( 0 ) 111001001101111100101011010100011100000010110000011000111000100101101110011000101000010000000000000000000000000000000000000000000000000000000000000000000000000000000000000000000000 0 0
35043 0.000 LR999948.1	7346574 ( 0 ) 111001001101111100101011010100011100000010110000011000111000100101101110011000101000010000000000000000000000000000000000000000000000000000000000000000000000000000000000000000000000 0 0
35036 0.000 LR999948.1	7346544 ( 0 ) 111001001101111100101011010100011100000010110000011000111000100101101110011000101000010000000000000000000000000000000000000000000000000000000000000000000000000000000000000000000000 0 0
35044 0.000 LR999948.1	7346575 ( 0 ) 111001001101111100101011010100011100000010110000011000111000100101101110011000101000010000000000000000000000000000000000000000000000000000000000000000000000000000000000000000000000 0 0


LG27
20401 46.751 LR999937.1	3589819 ( 0 ) 110101011000001111101101001000010101111000101010101110011011110010111111111111111101110100000000000000000000000000000000000000000000000000000000000000000000000000000000000000000000 6 0
34040 46.751 LR999947.1	9445894 ( 0 ) 110101011000001111101101001000010101111000101010101110011011110010111111111111111101110100000000000000000000000000000000000000000000000000000000000000000000000000000000000000000000 0 0
34041 46.751 LR999947.1	9445900 ( 0 ) 110101011000001111101101001000010101111000101010101110011011110010111111111111111101110100000000000000000000000000000000000000000000000000000000000000000000000000000000000000000000 0 0
34263 46.751 LR999947.1	11306590 ( 0 ) 110101011000001111101101001000010101111000101010101110011011110010111111111111111101110100000000000000000000000000000000000000000000000000000000000000000000000000000000000000000000 0 0


LG28
26748 33.438 LR999942.1	4013419 ( 0 ) 101011010100100111011000111101010001101010101010100010110000010111010010001111010111111100000000000000000000000000000000000000000000000000000000000000000000000000000000000000000000 1 0
10830 42.423 LR999931.1	3776719 ( 0 ) 111011010100100111111000111101010001101110001010100110110000110111010111001111010111111100000000000000000000000000000000000000000000000000000000000000000000000000000000000000000000 8 0
38777 43.534 LR999952.1	1616167 ( 0 ) 111011010110100111111000111101010001101110001010100110110000110111010111001111010111111100000000000000000000000000000000000000000000000000000000000000000000000000000000000000000000 1 0
38780 43.534 LR999952.1	1616185 ( 0 ) 111011010110100111111000111101010001101110001010100110110000110111010111001111010111111100000000000000000000000000000000000000000000000000000000000000000000000000000000000000000000 0 0
38773 43.534 LR999952.1	1616152 ( 0 ) 111011010110100111111000111101010001101110001010100110110000110111010111001111010111111100000000000000000000000000000000000000000000000000000000000000000000000000000000000000000000 0 0
38779 43.534 LR999952.1	1616184 ( 0 ) 111011010110100111111000111101010001101110001010100110110000110111010111001111010111111100000000000000000000000000000000000000000000000000000000000000000000000000000000000000000000 0 0
38775 43.534 LR999952.1	1616161 ( 0 ) 111011010110100111111000111101010001101110001010100110110000110111010111001111010111111100000000000000000000000000000000000000000000000000000000000000000000000000000000000000000000 0 0
38772 43.534 LR999952.1	1616118 ( 0 ) 111011010110100111111000111101010001101110001010100110110000110111010111001111010111111100000000000000000000000000000000000000000000000000000000000000000000000000000000000000000000 0 0
38774 43.534 LR999952.1	1616156 ( 0 ) 111011010110100111111000111101010001101110001010100110110000110111010111001111010111111100000000000000000000000000000000000000000000000000000000000000000000000000000000000000000000 0 0
38778 43.534 LR999952.1	1616169 ( 0 ) 111011010110100111111000111101010001101110001010100110110000110111010111001111010111111100000000000000000000000000000000000000000000000000000000000000000000000000000000000000000000 0 0
38776 43.534 LR999952.1	1616162 ( 0 ) 111011010110100111111000111101010001101110001010100110110000110111010111001111010111111100000000000000000000000000000000000000000000000000000000000000000000000000000000000000000000 0 0


LG30
40210 0.000 LR999954.1	4047551 ( 0 ) 110011001111110111110111111101011111010110110010011101011111011100011010110111111111100111000000000000000000000000000000000000000000000000000000000000000000000000000000000000000000 0 0
40208 0.000 LR999954.1	4047540 ( 0 ) 110011001111110111110111111101011111010110110010011101011111011100011010110111111111100111000000000000000000000000000000000000000000000000000000000000000000000000000000000000000000 0 0
40211 0.000 LR999954.1	4047552 ( 0 ) 110011001111110111110111111101011111010110110010011101011111011100011010110111111111100111000000000000000000000000000000000000000000000000000000000000000000000000000000000000000000 0 0
40206 0.000 LR999954.1	4047533 ( 0 ) 110011001111110111110111111101011111010110110010011101011111011100011010110111111111100111000000000000000000000000000000000000000000000000000000000000000000000000000000000000000000 0 0
40207 0.000 LR999954.1	4047537 ( 0 ) 110011001111110111110111111101011111010110110010011101011111011100011010110111111111100111000000000000000000000000000000000000000000000000000000000000000000000000000000000000000000 0 0
40209 0.000 LR999954.1	4047543 ( 0 ) 110011001111110111110111111101011111010110110010011101011111011100011010110111111111100111000000000000000000000000000000000000000000000000000000000000000000000000000000000000000000 0 0
40212 0.000 LR999954.1	4186995 ( 0 ) 110011001111110111110111111101011111010110110010011101011111011100011010110111111111100111000000000000000000000000000000000000000000000000000000000000000000000000000000000000000000 0 0
16805 3.338 LR999935.1	1549599 ( 0 ) 110011001111110111110111110100011101010110110010011101011111011100011010110111111111100111000000000000000000000000000000000000000000000000000000000000000000000000000000000000000000 3 0


LG31
32134 58.548 LR999946.1	3472340 ( 0 ) 110100011000001011111110001011011110101011101001001010000010000000110011001000001001000100000000000000000000000000000000000000000000000000000000000000000000000000000000000000000000 13 0
32136 58.548 LR999946.1	3472383 ( 0 ) 110100011000001011111110001011011110101011101001001010000010000000110011001000001001000100000000000000000000000000000000000000000000000000000000000000000000000000000000000000000000 0 0
32128 59.659 LR999946.1	3472205 ( 0 ) 110100011000001011111110001011011110101011101001001010000000000000110011001000001001000100000000000000000000000000000000000000000000000000000000000000000000000000000000000000000000 1 0
32132 59.659 LR999946.1	3472304 ( 0 ) 110100011000001011111110001011011110101011101001001010000000000000110011001000001001000100000000000000000000000000000000000000000000000000000000000000000000000000000000000000000000 0 0
32129 59.659 LR999946.1	3472222 ( 0 ) 110100011000001011111110001011011110101011101001001010000000000000110011001000001001000100000000000000000000000000000000000000000000000000000000000000000000000000000000000000000000 0 0
32131 59.659 LR999946.1	3472237 ( 0 ) 110100011000001011111110001011011110101011101001001010000000000000110011001000001001000100000000000000000000000000000000000000000000000000000000000000000000000000000000000000000000 0 0
